10 44.1 
20 44.1 
30 44.1 
40 44.1 
50 44.05 
60 44 
70 44 
80 44 
90 44 
100 44 
110 43.95 
120 44 
130 44 
140 44.05 
150 44.05 
160 44.05 
170 44.05 
180 44.05 
190 44.05 
200 44.05 
210 44.1 
220 44.05 
230 44.05 
240 44.05 
250 44.05 
260 44.05 
270 44.05 
280 44.05 
290 44.05 
300 44.05 
310 44.05 
320 44.1 
330 44.1 
340 44.05 
350 44.05 
360 44.05 
370 44 
380 44.05 
390 44.1 
400 44.1 
410 44.1 
420 44.05 
430 44.1 
440 44.15 
450 44.15 
460 44.15 
470 44.2 
480 44.2 
490 44.2 
500 44.2 
510 44.2 
520 44.2 
530 44.15 
540 44.15 
550 44.15 
560 44.15 
570 44.15 
580 44.1 
590 44.05 
600 44.1 
610 44.1 
620 44.1 
630 44.1 
640 44.05 
650 44.05 
660 44.1 
670 44.1 
680 44.15 
690 44.15 
700 44.1 
710 44.15 
720 44.15 
730 44.15 
740 44.15 
750 44.15 
760 44.1 
770 44.1 
780 44.1 
790 44.21 
800 44.26 
810 44.21 
820 44.26 
830 44.37 
840 44.42 
850 44.42 
860 44.42 
870 44.42 
880 44.42 
890 44.42 
900 44.37 
910 44.42 
920 44.42 
930 44.42 
940 44.48 
950 44.53 
960 44.58 
970 44.58 
980 44.53 
990 44.42 
1000 44.47 
1010 44.42 
1020 44.37 
1030 44.26 
1040 44.2 
1050 44.2 
1060 44.15 
1070 44.15 
1080 44.15 
1090 44.15 
1100 44.1 
1110 44.1 
1120 44.1 
1130 44.15 
1140 44.21 
1150 44.16 
1160 44.27 
1170 44.27 
1180 44.27 
1190 44.32 
1200 44.37 
1210 44.37 
1220 44.42 
1230 44.37 
1240 44.31 
1250 44.31 
1260 44.2 
1270 44.25 
1280 44.36 
1290 44.31 
1300 44.31 
1310 44.42 
1320 44.42 
1330 44.47 
1340 44.42 
1350 44.42 
1360 44.47 
1370 44.47 
1380 44.36 
1390 44.41 
1400 44.41 
1410 44.3 
1420 44.3 
1430 44.25 
1440 44.25 
1450 44.25 
1460 44.2 
1470 44.15 
1480 44.15 
1490 44.1 
1500 44.05 
1510 44.05 
1520 44 
1530 44 
1540 44 
1550 44 
1560 44 
1570 44.05 
1580 44.1 
1590 44.1 
1600 44.1 
1610 44.05 
1620 44 
1630 44 
1640 44 
1650 44 
1660 44 
1670 43.9 
1680 43.85 
1690 43.85 
1700 43.85 
1710 43.85 
1720 43.85 
1730 43.74 
1740 43.74 
1750 43.74 
1760 43.74 
1770 43.74 
1780 43.74 
1790 43.69 
1800 43.69 
1810 43.74 
1820 43.79 
1830 43.9 
1840 43.85 
1850 43.85 
1860 43.8 
1870 43.85 
1880 43.9 
1890 43.95 
1900 43.95 
1910 43.9 
1920 43.9 
1930 43.9 
1940 43.95 
1950 43.95 
1960 43.95 
1970 43.9 
1980 43.8 
1990 43.75 
2000 43.75 
2010 43.8 
2020 43.75 
2030 43.75 
2040 43.75 
2050 43.75 
2060 43.8 
2070 43.85 
2080 43.9 
2090 43.95 
2100 43.95 
2110 43.95 
2120 44 
2130 44 
2140 44 
2150 44 
2160 43.95 
2170 43.95 
2180 43.95 
2190 43.95 
2200 43.9 
2210 43.9 
2220 43.9 
2230 43.9 
2240 43.85 
2250 43.85 
2260 43.9 
2270 43.9 
2280 43.9 
2290 43.85 
2300 43.9 
2310 43.85 
2320 43.85 
2330 43.85 
2340 43.85 
2350 43.85 
2360 43.8 
2370 43.8 
2380 43.8 
2390 43.85 
2400 43.85 
2410 43.9 
2420 43.85 
2430 43.85 
2440 43.9 
2450 43.9 
2460 43.95 
2470 43.95 
2480 43.95 
2490 43.95 
2500 43.9 
2510 43.85 
2520 43.9 
2530 43.9 
2540 43.9 
2550 43.9 
2560 43.9 
2570 43.79 
2580 43.79 
2590 43.79 
2600 43.84 
2610 43.89 
2620 43.89 
2630 43.84 
2640 43.84 
2650 43.79 
2660 43.79 
2670 43.9 
2680 43.9 
2690 43.9 
2700 43.9 
2710 43.9 
2720 43.85 
2730 43.9 
2740 43.9 
2750 43.95 
2760 43.95 
2770 43.9 
2780 43.9 
2790 43.95 
2800 43.95 
2810 43.95 
2820 43.95 
2830 43.9 
2840 43.9 
2850 43.9 
2860 43.9 
2870 43.95 
2880 43.95 
2890 43.9 
2900 43.85 
2910 43.85 
2920 43.9 
2930 43.95 
2940 43.95 
2950 44 
2960 44 
2970 44 
2980 44 
2990 43.95 
3000 43.95 
3010 43.95 
3020 43.9 
3030 43.9 
3040 43.9 
3050 43.8 
3060 43.8 
3070 43.75 
3080 43.7 
3090 43.75 
3100 43.69 
3110 43.69 
3120 43.74 
3130 43.69 
3140 43.69 
3150 43.74 
3160 43.69 
3170 43.69 
3180 43.74 
3190 43.74 
3200 43.85 
3210 43.8 
3220 43.75 
3230 43.75 
3240 43.7 
3250 43.7 
3260 43.75 
3270 43.69 
3280 43.58 
3290 43.53 
3300 43.48 
3310 43.48 
3320 43.48 
3330 43.48 
3340 43.53 
3350 43.53 
3360 43.53 
3370 43.59 
3380 43.7 
3390 43.7 
3400 43.75 
3410 43.8 
3420 43.85 
3430 43.9 
3440 43.9 
3450 43.85 
3460 43.85 
3470 43.85 
3480 43.85 
3490 43.85 
3500 43.8 
3510 43.8 
3520 43.8 
3530 43.75 
3540 43.75 
3550 43.75 
3560 43.7 
3570 43.75 
3580 43.75 
3590 43.8 
3600 43.85 
3610 43.8 
3620 43.75 
3630 43.8 
3640 43.8 
3650 43.8 
3660 43.8 
3670 43.75 
3680 43.7 
3690 43.7 
3700 43.7 
3710 43.7 
3720 43.7 
3730 43.65 
3740 43.54 
3750 43.48 
3760 43.58 
3770 43.58 
3780 43.63 
3790 43.63 
3800 43.58 
3810 43.63 
3820 43.68 
3830 43.68 
3840 43.74 
3850 43.85 
3860 43.8 
3870 43.85 
3880 43.85 
3890 43.85 
3900 43.79 
3910 43.74 
3920 43.69 
3930 43.74 
3940 43.79 
3950 43.79 
3960 43.79 
3970 43.74 
3980 43.74 
3990 43.69 
4000 43.75 
4010 43.75 
4020 43.8 
4030 43.75 
4040 43.7 
4050 43.7 
4060 43.65 
4070 43.7 
4080 43.75 
4090 43.75 
4100 43.8 
4110 43.85 
4120 43.85 
4130 43.9 
4140 43.9 
4150 43.9 
4160 43.9 
4170 43.9 
4180 43.85 
4190 43.925 
4200 43.975 
4210 44 
4220 44 
4230 44 
4240 44.05 
4250 44.05 
4260 44.1 
4270 44.1 
4280 44.1 
4290 44.075 
4300 44.025 
4310 44 
4320 44 
4330 44 
4340 44 
4350 43.975 
4360 43.975 
4370 44 
4380 44.025 
4390 44.05 
4400 44.05 
4410 44.05 
4420 44.05 
4430 44.05 
4440 44.05 
4450 44.075 
4460 44.075 
4470 44.05 
4480 44.05 
4490 44.05 
4500 44.05 
4510 44.05 
4520 44.05 
4530 44.05 
4540 44.05 
4550 44.05 
4560 44.075 
4570 44.1 
4580 44.075 
4590 44.05 
4600 44.05 
4610 44.025 
4620 44.025 
4630 44.075 
4640 44.1 
4650 44.1 
4660 44.075 
4670 44.075 
4680 44.125 
4690 44.15 
4700 44.15 
4710 44.175 
4720 44.2 
4730 44.2 
4740 44.2 
4750 44.2 
4760 44.2 
4770 44.175 
4780 44.15 
4790 44.15 
4800 44.15 
4810 44.15 
4820 44.125 
4830 44.075 
4840 44.075 
4850 44.1 
4860 44.1 
4870 44.1 
4880 44.075 
4890 44.05 
4900 44.075 
4910 44.1 
4920 44.125 
4930 44.15 
4940 44.125 
4950 44.125 
4960 44.15 
4970 44.15 
4980 44.15 
4990 44.15 
5000 44.125 
5010 44.1 
5020 44.1 
5030 44.155 
5040 44.235 
5050 44.235 
5060 44.235 
5070 44.315 
5080 44.395 
5090 44.42 
5100 44.42 
5110 44.42 
5120 44.42 
5130 44.42 
5140 44.395 
5150 44.395 
5160 44.42 
5170 44.42 
5180 44.45 
5190 44.505 
5200 44.555 
5210 44.58 
5220 44.555 
5230 44.475 
5240 44.445 
5250 44.445 
5260 44.395 
5270 44.315 
5280 44.23 
5290 44.2 
5300 44.175 
5310 44.15 
5320 44.15 
5330 44.15 
5340 44.125 
5350 44.1 
5360 44.1 
5370 44.125 
5380 44.18 
5390 44.185 
5400 44.215 
5410 44.27 
5420 44.27 
5430 44.295 
5440 44.345 
5450 44.37 
5460 44.395 
5470 44.395 
5480 44.34 
5490 44.31 
5500 44.255 
5510 44.225 
5520 44.305 
5530 44.335 
5540 44.31 
5550 44.365 
5560 44.42 
5570 44.445 
5580 44.445 
5590 44.42 
5600 44.445 
5610 44.47 
5620 44.415 
5630 44.385 
5640 44.41 
5650 44.355 
5660 44.3 
5670 44.275 
5680 44.25 
5690 44.25 
5700 44.225 
5710 44.175 
5720 44.15 
5730 44.125 
5740 44.075 
5750 44.05 
5760 44.025 
5770 44 
5780 44 
5790 44 
5800 44 
5810 44.025 
5820 44.075 
5830 44.1 
5840 44.1 
5850 44.075 
5860 44.025 
5870 44 
5880 44 
5890 44 
5900 44 
5910 43.95 
5920 43.875 
5930 43.85 
5940 43.85 
5950 43.85 
5960 43.85 
5970 43.795 
5980 43.74 
5990 43.74 
6000 43.74 
6010 43.74 
6020 43.74 
6030 43.715 
6040 43.69 
6050 43.715 
6060 43.765 
6070 43.845 
6080 43.875 
6090 43.85 
6100 43.825 
6110 43.825 
6120 43.875 
6130 43.925 
6140 43.95 
6150 43.925 
6160 43.9 
6170 43.9 
6180 43.925 
6190 43.95 
6200 43.95 
6210 43.925 
6220 43.85 
6230 43.775 
6240 43.75 
6250 43.775 
6260 43.775 
6270 43.75 
6280 43.75 
6290 43.75 
6300 43.775 
6310 43.825 
6320 43.875 
6330 43.925 
6340 43.95 
6350 43.95 
6360 43.975 
6370 44 
6380 44 
6390 44 
6400 43.975 
6410 43.95 
6420 43.95 
6430 43.95 
6440 43.925 
6450 43.9 
6460 43.9 
6470 43.9 
6480 43.875 
6490 43.85 
6500 43.875 
6510 43.9 
6520 43.9 
6530 43.875 
6540 43.875 
6550 43.875 
6560 43.85 
6570 43.85 
6580 43.85 
6590 43.85 
6600 43.825 
6610 43.8 
6620 43.8 
6630 43.825 
6640 43.85 
6650 43.875 
6660 43.875 
6670 43.85 
6680 43.875 
6690 43.9 
6700 43.925 
6710 43.95 
6720 43.95 
6730 43.95 
6740 43.925 
6750 43.875 
6760 43.875 
6770 43.9 
6780 43.9 
6790 43.9 
6800 43.9 
6810 43.845 
6820 43.79 
6830 43.79 
6840 43.815 
6850 43.865 
6860 43.89 
6870 43.865 
6880 43.84 
6890 43.815 
6900 43.79 
6910 43.845 
6920 43.9 
6930 43.9 
6940 43.9 
6950 43.9 
6960 43.875 
6970 43.875 
6980 43.9 
6990 43.925 
7000 43.95 
7010 43.925 
7020 43.9 
7030 43.925 
7040 43.95 
7050 43.95 
7060 43.95 
7070 43.925 
7080 43.9 
7090 43.9 
7100 43.9 
7110 43.925 
7120 43.95 
7130 43.925 
7140 43.875 
7150 43.85 
7160 43.875 
7170 43.925 
7180 43.95 
7190 43.975 
7200 44 
7210 44 
7220 44 
7230 43.975 
7240 43.95 
7250 43.95 
7260 43.925 
7270 43.9 
7280 43.9 
7290 43.85 
7300 43.8 
7310 43.775 
7320 43.725 
7330 43.725 
7340 43.72 
7350 43.69 
7360 43.715 
7370 43.715 
7380 43.69 
7390 43.715 
7400 43.715 
7410 43.69 
7420 43.715 
7430 43.74 
7440 43.795 
7450 43.825 
7460 43.775 
7470 43.75 
7480 43.725 
7490 43.7 
7500 43.725 
7510 43.72 
7520 43.635 
7530 43.555 
7540 43.505 
7550 43.48 
7560 43.48 
7570 43.48 
7580 43.505 
7590 43.53 
7600 43.53 
7610 43.56 
7620 43.645 
7630 43.7 
7640 43.725 
7650 43.775 
7660 43.825 
7670 43.875 
7680 43.9 
7690 43.875 
7700 43.85 
7710 43.85 
7720 43.85 
7730 43.85 
7740 43.825 
7750 43.8 
7760 43.8 
7770 43.775 
7780 43.75 
7790 43.75 
7800 43.725 
7810 43.725 
7820 43.75 
7830 43.775 
7840 43.825 
7850 43.825 
7860 43.775 
7870 43.775 
7880 43.8 
7890 43.8 
7900 43.8 
7910 43.775 
7920 43.725 
7930 43.7 
7940 43.7 
7950 43.7 
7960 43.7 
7970 43.675 
7980 43.595 
7990 43.51 
8000 43.53 
8010 43.58 
8020 43.605 
8030 43.63 
8040 43.605 
8050 43.605 
8060 43.655 
8070 43.68 
8080 43.71 
8090 43.795 
8100 43.825 
8110 43.825 
8120 43.85 
8130 43.85 
8140 43.82 
8150 43.765 
8160 43.715 
8170 43.715 
8180 43.765 
8190 43.79 
8200 43.79 
8210 43.765 
8220 43.74 
8230 43.715 
8240 43.72 
8250 43.75 
8260 43.775 
8270 43.775 
8280 43.725 
8290 43.7 
8300 43.675 
8310 43.675 
8320 43.725 
8330 43.75 
8340 43.775 
8350 43.825 
8360 43.85 
8370 43.875 
8380 43.9 
8390 43.9 
8400 43.9 
8360 43.85 
8370 43.875 
8380 43.9 
8390 43.9 
8400 43.9 
8510 44.1 
8520 44.1 
8530 44.1 
8540 44.1 
8510 44.1 
8520 44.1 
8530 44.1 
8540 44.1 
8550 44.05 
8560 44 
8570 44 
8580 44 
8590 44 
8600 44 
8610 43.95 
8620 44 
8630 44 
8640 44.05 
8650 44.05 
8660 44.05 
8670 44.05 
8680 44.05 
8690 44.05 
8700 44.05 
8710 44.1 
8720 44.05 
8730 44.05 
8740 44.05 
8750 44.05 
8760 44.05 
8770 44.05 
8780 44.05 
8790 44.05 
8800 44.05 
8810 44.05 
8820 44.1 
8830 44.1 
8840 44.05 
8850 44.05 
8860 44.05 
8870 44 
8880 44.05 
8890 44.1 
8900 44.1 
8910 44.1 
8920 44.05 
8930 44.1 
8940 44.15 
8950 44.15 
8960 44.15 
8970 44.2 
8980 44.2 
8990 44.2 
9000 44.2 
9010 44.2 
9020 44.2 
9030 44.15 
9040 44.15 
9050 44.15 
9060 44.15 
9070 44.15 
9080 44.1 
9090 44.05 
9100 44.1 
9110 44.1 
9120 44.1 
9130 44.1 
9140 44.05 
9150 44.05 
9160 44.1 
9170 44.1 
9180 44.15 
9190 44.15 
9200 44.1 
9210 44.15 
9220 44.15 
9230 44.15 
9240 44.15 
9250 44.15 
9260 44.1 
9270 44.1 
9280 44.1 
9290 44.21 
9300 44.26 
9310 44.21 
9320 44.26 
9330 44.37 
9340 44.42 
9350 44.42 
9360 44.42 
9370 44.42 
9380 44.42 
9390 44.42 
9400 44.37 
9410 44.42 
9420 44.42 
9430 44.42 
9440 44.48 
9450 44.53 
9460 44.58 
9470 44.58 
9480 44.53 
9490 44.42 
9500 44.47 
9510 44.42 
9520 44.37 
9530 44.26 
9540 44.2 
9550 44.2 
9560 44.15 
9570 44.15 
9580 44.15 
9590 44.15 
9600 44.1 
9610 44.1 
9620 44.1 
9630 44.15 
9640 44.21 
9650 44.16 
9660 44.27 
9670 44.27 
9680 44.27 
9690 44.32 
9700 44.37 
9710 44.37 
9720 44.42 
9730 44.37 
9740 44.31 
9750 44.31 
9760 44.2 
9770 44.25 
9780 44.36 
9790 44.31 
9800 44.31 
9810 44.42 
9820 44.42 
9830 44.47 
9840 44.42 
9850 44.42 
9860 44.47 
9870 44.47 
9880 44.36 
9890 44.41 
9900 44.41 
9910 44.3 
9920 44.3 
9930 44.25 
9940 44.25 
9950 44.25 
9960 44.2 
9970 44.15 
9980 44.15 
9990 44.1 
10000 44.05 
10010 44.05 
10020 44 
10030 44 
10040 44 
10050 44 
10060 44 
10070 44.05 
10080 44.1 
10090 44.1 
10100 44.1 
10110 44.05 
10120 44 
10130 44 
10140 44 
10150 44 
10160 44 
10170 43.9 
10180 43.85 
10190 43.85 
10200 43.85 
10210 43.85 
10220 43.85 
10230 43.74 
10240 43.74 
10250 43.74 
10260 43.74 
10270 43.74 
10280 43.74 
10290 43.69 
10300 43.69 
10310 43.74 
10320 43.79 
10330 43.9 
10340 43.85 
10350 43.85 
10360 43.8 
10370 43.85 
10380 43.9 
10390 43.95 
10400 43.95 
10410 43.9 
10420 43.9 
10430 43.9 
10440 43.95 
10450 43.95 
10460 43.95 
10470 43.9 
10480 43.8 
10490 43.75 
10500 43.75 
10510 43.8 
10520 43.75 
10530 43.75 
10540 43.75 
10550 43.75 
10560 43.8 
10570 43.85 
10580 43.9 
10590 43.95 
10600 43.95 
10610 43.95 
10620 44 
10630 44 
10640 44 
10650 44 
10660 43.95 
10670 43.95 
10680 43.95 
10690 43.95 
10700 43.9 
10710 43.9 
10720 43.9 
10730 43.9 
10740 43.85 
10750 43.85 
10760 43.9 
10770 43.9 
10780 43.9 
10790 43.85 
10800 43.9 
10810 43.85 
10820 43.85 
10830 43.85 
10840 43.85 
10850 43.85 
10860 43.8 
10870 43.8 
10880 43.8 
10890 43.85 
10900 43.85 
10910 43.9 
10920 43.85 
10930 43.85 
10940 43.9 
10950 43.9 
10960 43.95 
10970 43.95 
10980 43.95 
10990 43.95 
11000 43.9 