10 48.53 
20 48.59 
30 48.81 
40 48.92 
50 49.03 
60 49.14 
70 49.19 
80 49.24 
90 49.46 
100 49.51 
110 49.51 
120 49.61 
130 49.61 
140 49.66 
150 49.71 
160 49.82 
170 49.87 
180 49.87 
190 49.87 
200 49.82 
210 49.87 
220 49.87 
230 49.92 
240 49.87 
250 49.87 
260 49.76 
270 49.71 
280 49.71 
290 49.65 
300 49.7 
310 49.7 
320 49.7 
330 49.7 
340 49.7 
350 49.65 
360 49.7 
370 49.7 
380 49.75 
390 49.81 
400 49.87 
410 49.93 
420 49.93 
430 49.99 
440 50.04 
450 50.15 
460 50.15 
470 50.26 
480 50.32 
490 50.32 
500 50.32 
510 50.37 
520 50.43 
530 50.43 
540 50.49 
550 50.49 
560 50.6 
570 50.65 
580 50.7 
590 50.75 
600 50.75 
610 50.7 
620 50.7 
630 50.75 
640 50.75 
650 50.69 
660 50.64 
670 50.59 
680 50.54 
690 50.43 
700 50.43 
710 50.43 
720 50.43 
730 50.38 
740 50.32 
750 50.38 
760 50.38 
770 50.38 
780 50.38 
790 50.44 
800 50.44 
810 50.49 
820 50.43 
830 50.43 
840 50.49 
850 50.49 
860 50.49 
870 50.49 
880 50.49 
890 50.49 
900 50.54 
910 50.49 
920 50.55 
930 50.55 
940 50.55 
950 50.55 
960 50.6 
970 50.6 
980 50.65 
990 50.65 
1000 50.65 
1010 50.7 
1020 50.7 
1030 50.75 
1040 50.75 
1050 50.75 
1060 50.64 
1070 50.69 
1080 50.64 
1090 50.69 
1100 50.69 
1110 50.64 
1120 50.64 
1130 50.59 
1140 50.53 
1150 50.53 
1160 50.64 
1170 50.69 
1180 50.69 
1190 50.69 
1200 50.74 
1210 50.74 
1220 50.74 
1230 50.74 
1240 50.9 
1250 50.95 
1260 50.9 
1270 50.85 
1280 50.85 
1290 50.8 
1300 50.7 
1310 50.7 
1320 50.7 
1330 50.7 
1340 50.6 
1350 50.65 
1360 50.7 
1370 50.7 
1380 50.7 
1390 50.8 
1400 50.85 
1410 50.85 
1420 50.9 
1430 51 
1440 51.05 
1450 50.95 
1460 50.9 
1470 50.85 
1480 50.85 
1490 50.8 
1500 50.75 
1510 50.8 
1520 50.75 
1530 50.65 
1540 50.6 
1550 50.65 
1560 50.65 
1570 50.65 
1580 50.65 
1590 50.6 
1600 50.6 
1610 50.55 
1620 50.55 
1630 50.55 
1640 50.55 
1650 50.5 
1660 50.55 
1670 50.55 
1680 50.44 
1690 50.44 
1700 50.44 
1710 50.44 
1720 50.44 
1730 50.44 
1740 50.44 
1750 50.44 
1760 50.39 
1770 50.39 
1780 50.5 
1790 50.5 
1800 50.5 
1810 50.5 
1820 50.5 
1830 50.44 
1840 50.44 
1850 50.44 
1860 50.44 
1870 50.44 
1880 50.44 
1890 50.44 
1900 50.44 
1910 50.44 
1920 50.44 
1930 50.5 
1940 50.5 
1950 50.5 
1960 50.5 
1970 50.55 
1980 50.49 
1990 50.49 
2000 50.49 
2010 50.49 
2020 50.49 
2030 50.54 
2040 50.54 
2050 50.54 
2060 50.54 
2070 50.49 
2080 50.55 
2090 50.55 
2100 50.49 
2110 50.43 
2120 50.48 
2130 50.48 
2140 50.48 
2150 50.48 
2160 50.48 
2170 50.48 
2180 50.53 
2190 50.53 
2200 50.59 
2210 50.65 
2220 50.65 
2230 50.6 
2240 50.6 
2250 50.6 
2260 50.6 
2270 50.6 
2280 50.55 
2290 50.55 
2300 50.55 
2310 50.55 
2320 50.5 
2330 50.5 
2340 50.5 
2350 50.5 
2360 50.5 
2370 50.5 
2380 50.5 
2390 50.5 
2400 50.55 
2410 50.55 
2420 50.55 
2430 50.55 
2440 50.55 
2450 50.55 
2460 50.55 
2470 50.55 
2480 50.55 
2490 50.55 
2500 50.5 
2510 50.44 
2520 50.38 
2530 50.38 
2540 50.38 
2550 50.38 
2560 50.38 
2570 50.38 
2580 50.38 
2590 50.38 
2600 50.38 
2610 50.38 
2620 50.44 
2630 50.44 
2640 50.44 
2650 50.44 
2660 50.44 
2670 50.44 
2680 50.38 
2690 50.38 
2700 50.38 
2710 50.44 
2720 50.44 
2730 50.44 
2740 50.38 
2750 50.38 
2760 50.43 
2770 50.43 
2780 50.49 
2790 50.49 
2800 50.49 
2810 50.49 
2820 50.43 
2830 50.43 
2840 50.49 
2850 50.49 
2860 50.44 
2870 50.44 
2880 50.38 
2890 50.38 
2900 50.38 
2910 50.38 
2920 50.44 
2930 50.38 
2940 50.38 
2950 50.38 
2960 50.38 
2970 50.38 
2980 50.38 
2990 50.38 
3000 50.38 
3010 50.38 
3020 50.32 
3030 50.38 
3040 50.38 
3050 50.38 
3060 50.27 
3070 50.27 
3080 50.33 
3090 50.33 
3100 50.33 
3110 50.33 
3120 50.39 
3130 50.39 
3140 50.39 
3150 50.39 
3160 50.5 
3170 50.5 
3180 50.44 
3190 50.44 
3200 50.44 
3210 50.38 
3220 50.38 
3230 50.38 
3240 50.38 
3250 50.38 
3260 50.38 
3270 50.38 
3280 50.44 
3290 50.44 
3300 50.44 
3310 50.5 
3320 50.5 
3330 50.5 
3340 50.5 
3350 50.5 
3360 50.44 
3370 50.44 
3380 50.38 
3390 50.38 
3400 50.38 
3410 50.38 
3420 50.38 
3430 50.38 
3440 50.38 
3450 50.32 
3460 50.38 
3470 50.38 
3480 50.44 
3490 50.44 
3500 50.38 
3510 50.32 
3520 50.26 
3530 50.26 
3540 50.26 
3550 50.32 
3560 50.32 
3570 50.32 
3580 50.26 
3590 50.26 
3600 50.37 
3610 50.43 
3620 50.49 
3630 50.43 
3640 50.43 
3650 50.43 
3660 50.37 
3670 50.31 
3680 50.37 
3690 50.37 
3700 50.32 
3710 50.32 
3720 50.32 
3730 50.38 
3740 50.32 
3750 50.37 
3760 50.43 
3770 50.43 
3780 50.37 
3790 50.31 
3800 50.31 
3810 50.25 
3820 50.25 
3830 50.25 
3840 50.31 
3850 50.26 
3860 50.26 
3870 50.26 
3880 50.32 
3890 50.38 
3900 50.32 
3910 50.38 
3920 50.38 
3930 50.38 
3940 50.38 
3950 50.38 
3960 50.38 
3970 50.44 
3980 50.44 
3990 50.44 
4000 50.44 
4010 50.38 
4020 50.32 
4030 50.26 
4040 50.26 
4050 50.26 
4060 50.31 
4070 50.25 
4080 50.25 
4090 50.19 
4100 50.25 
4110 50.31 
4120 50.37 
4130 50.43 
4140 50.43 
4150 50.4 
4160 50.32 
4170 50.38 
4180 50.38 
4190 50.385 
4200 50.33 
4210 50.33 
4220 50.33 
4230 50.33 
4240 50.33 
4250 50.36 
4260 50.39 
4270 50.39 
4280 50.39 
4290 50.445 
4300 50.5 
4310 50.47 
4320 50.44 
4330 50.44 
4340 50.41 
4350 50.38 
4360 50.38 
4370 50.38 
4380 50.38 
4390 50.38 
4400 50.38 
4410 50.41 
4420 50.44 
4430 50.44 
4440 50.47 
4450 50.5 
4460 50.5 
4470 50.5 
4480 50.5 
4490 50.47 
4500 50.44 
4510 50.41 
4520 50.38 
4530 50.38 
4540 50.38 
4550 50.38 
4560 50.38 
4570 50.38 
4580 50.35 
4590 50.35 
4600 50.38 
4610 50.41 
4620 50.44 
4630 50.41 
4640 50.35 
4650 50.29 
4660 50.26 
4670 50.26 
4680 50.29 
4690 50.32 
4700 50.32 
4710 50.29 
4720 50.26 
4730 50.315 
4740 50.4 
4750 50.46 
4760 50.46 
4770 50.43 
4780 50.43 
4790 50.4 
4800 50.34 
4810 50.34 
4820 50.37 
4830 50.345 
4840 50.32 
4850 50.32 
4860 50.35 
4870 50.35 
4880 50.345 
4890 50.4 
4900 50.43 
4910 50.4 
4920 50.34 
4930 50.31 
4940 50.28 
4950 50.25 
4960 50.25 
4970 50.28 
4980 50.285 
4990 50.26 
5000 50.26 
5010 50.29 
5020 50.35 
5030 50.35 
5040 50.35 
5050 50.38 
5060 50.38 
5070 50.38 
5080 50.38 
5090 50.38 
5100 50.41 
5110 50.44 
5120 50.44 
5130 50.44 
5140 50.41 
5150 50.35 
5160 50.29 
5170 50.26 
5180 50.26 
5190 50.285 
5200 50.28 
5210 50.25 
5220 50.22 
5230 50.22 
5240 50.28 
5250 50.34 
5260 50.4 
5270 50.43 
5280 50.43 
5290 50.405 
5300 50.38 
5310 50.405 
5320 50.46 
5330 50.515 
5340 50.565 
5350 50.59 
5360 50.59 
5370 50.59 
5380 50.56 
5390 50.53 
5400 50.585 
5410 50.665 
5420 50.69 
5430 50.69 
5440 50.715 
5450 50.74 
5460 50.74 
5470 50.74 
5480 50.82 
5490 50.925 
5500 50.925 
5510 50.875 
5520 50.85 
5530 50.825 
5540 50.75 
5550 50.7 
5560 50.7 
5570 50.7 
5580 50.65 
5590 50.625 
5600 50.675 
5610 50.7 
5620 50.7 
5630 50.75 
5640 50.825 
5650 50.85 
5660 50.875 
5670 50.95 
5680 51.025 
5690 51 
5700 50.925 
5710 50.875 
5720 50.85 
5730 50.825 
5740 50.775 
5750 50.775 
5760 50.775 
5770 50.7 
5780 50.625 
5790 50.625 
5800 50.65 
5810 50.65 
5820 50.65 
5830 50.625 
5840 50.6 
5850 50.575 
5860 50.55 
5870 50.55 
5880 50.55 
5890 50.525 
5900 50.525 
5910 50.55 
5920 50.495 
5930 50.44 
5940 50.44 
5950 50.44 
5960 50.44 
5970 50.44 
5980 50.44 
5990 50.44 
6000 50.415 
6010 50.39 
6020 50.445 
6030 50.5 
6040 50.5 
6050 50.5 
6060 50.5 
6070 50.47 
6080 50.44 
6090 50.44 
6100 50.44 
6110 50.44 
6120 50.44 
6130 50.44 
6140 50.44 
6150 50.44 
6160 50.44 
6170 50.47 
6180 50.5 
6190 50.5 
6200 50.5 
6210 50.525 
6220 50.52 
6230 50.49 
6240 50.49 
6250 50.49 
6260 50.49 
6270 50.515 
6280 50.54 
6290 50.54 
6300 50.54 
6310 50.515 
6320 50.52 
6330 50.55 
6340 50.52 
6350 50.46 
6360 50.455 
6370 50.48 
6380 50.48 
6390 50.48 
6400 50.48 
6410 50.48 
6420 50.505 
6430 50.53 
6440 50.56 
6450 50.62 
6460 50.65 
6470 50.625 
6480 50.6 
6490 50.6 
6500 50.6 
6510 50.6 
6520 50.575 
6530 50.55 
6540 50.55 
6550 50.55 
6560 50.525 
6570 50.5 
6580 50.5 
6590 50.5 
6600 50.5 
6610 50.5 
6620 50.5 
6630 50.5 
6640 50.525 
6650 50.55 
6660 50.55 
6670 50.55 
6680 50.55 
6690 50.55 
6700 50.55 
6710 50.55 
6720 50.55 
6730 50.55 
6740 50.525 
6750 50.47 
6760 50.41 
6770 50.38 
6780 50.38 
6790 50.38 
6800 50.38 
6810 50.38 
6820 50.38 
6830 50.38 
6840 50.38 
6850 50.38 
6860 50.41 
6870 50.44 
6880 50.44 
6890 50.44 
6900 50.44 
6910 50.44 
6920 50.41 
6930 50.38 
6940 50.38 
6950 50.41 
6960 50.44 
6970 50.44 
6980 50.41 
6990 50.38 
7000 50.405 
7010 50.43 
7020 50.46 
7030 50.49 
7040 50.49 
7050 50.49 
7060 50.46 
7070 50.43 
7080 50.46 
7090 50.49 
7100 50.465 
7110 50.44 
7120 50.41 
7130 50.38 
7140 50.38 
7150 50.38 
7160 50.41 
7170 50.41 
7180 50.38 
7190 50.38 
7200 50.38 
7210 50.38 
7220 50.38 
7230 50.38 
7240 50.38 
7250 50.38 
7260 50.35 
7270 50.35 
7280 50.38 
7290 50.38 
7300 50.325 
7310 50.27 
7320 50.3 
7330 50.33 
7340 50.33 
7350 50.33 
7360 50.36 
7370 50.39 
7380 50.39 
7390 50.39 
7400 50.445 
7410 50.5 
7420 50.47 
7430 50.44 
7440 50.44 
7450 50.41 
7460 50.38 
7470 50.38 
7480 50.38 
7490 50.38 
7500 50.38 
7510 50.38 
7520 50.41 
7530 50.44 
7540 50.44 
7550 50.47 
7560 50.5 
7570 50.5 
7580 50.5 
7590 50.5 
7600 50.47 
7610 50.44 
7620 50.41 
7630 50.38 
7640 50.38 
7650 50.38 
7660 50.38 
7670 50.38 
7680 50.38 
7690 50.35 
7700 50.35 
7710 50.38 
7720 50.41 
7730 50.44 
7740 50.41 
7750 50.35 
7760 50.29 
7770 50.26 
7780 50.26 
7790 50.29 
7800 50.32 
7810 50.32 
7820 50.29 
7830 50.26 
7840 50.315 
7850 50.4 
7860 50.46 
7870 50.46 
7880 50.43 
7890 50.43 
7900 50.4 
7910 50.34 
7920 50.34 
7930 50.37 
7940 50.345 
7950 50.32 
7960 50.32 
7970 50.35 
7980 50.35 
7990 50.345 
8000 50.4 
8010 50.43 
8020 50.4 
8030 50.34 
8040 50.31 
8050 50.28 
8060 50.25 
8070 50.25 
8080 50.28 
8090 50.285 
8100 50.23 
8110 50.23 
8120 50.29 
8130 50.35 
8140 50.325 
8150 50.3 
8160 50.33 
8170 50.33 
8180 50.33 
8190 50.33 
8200 50.36 
8210 50.39 
8220 50.39 
8230 50.39 
8240 50.445 
8250 50.5 
8260 50.47 
8270 50.44 
8280 50.44 
8290 50.41 
8300 50.38 
8310 50.38 
8320 50.38 
8330 50.38 
8340 50.38 
8350 50.38 
8360 50.41 
8370 50.44 
8380 50.44 
8390 50.47 
8400 50.5 
8410 50.5 
8420 50.5 
8430 50.5 
8440 50.47 
8450 50.44 
8460 50.41 
8470 50.38 
8480 50.38 
8490 50.38 
8500 50.38 
8510 50.38 
8520 50.38 
8530 50.35 
8540 50.35 
8550 50.38 
8560 50.41 
8570 50.44 
8580 50.41 
8590 50.35 
8600 50.29 
8610 50.26 
8620 50.26 
8630 50.29 
8640 50.32 
8650 50.32 
8660 50.29 
8670 50.26 
8680 50.315 
8690 50.4 
8700 50.46 
8710 50.46 
8720 50.43 
8730 50.43 
8740 50.4 
8750 50.34 
8760 50.34 
8770 50.37 
8780 50.345 
8790 50.32 
8800 50.32 
8810 50.35 
8820 50.35 
8830 50.345 
8840 50.4 
8850 50.43 
8860 50.4 
8870 50.34 
8880 50.31 
8890 50.28 
8900 50.25 
8910 50.25 
8920 50.28 
8930 50.285 
8940 50.26 
8950 50.26 
8960 50.29 
8970 50.35 
8980 50.35 
8990 50.35 
9000 50.38 
9010 50.38 
9020 50.38 
9030 50.38 
9040 50.38 
9050 50.41 
9060 50.44 
9070 50.44 
9080 50.44 
9090 50.41 
9100 50.35 
9110 50.29 
9120 50.26 
9130 50.26 
9140 50.285 
9150 50.28 
9160 50.25 
9170 50.22 
9180 50.22 
9190 50.28 
9200 50.34 
9210 50.4 
9220 50.43 
9230 50.43 
9240 50.375 
9250 50.35 
9260 50.38 
9270 50.41 
9280 50.385 
9290 50.33 
9300 50.33 
9310 50.33 
9320 50.33 
9330 50.33 
9340 50.36 
9350 50.39 
9360 50.39 
9370 50.39 
9380 50.445 
9390 50.5 
9400 50.47 
9410 50.44 
9420 50.44 
9430 50.41 
9440 50.38 
9450 50.38 
9460 50.38 
9470 50.38 
9480 50.38 
9490 50.38 
9500 50.41 
9510 50.44 
9520 50.44 
9530 50.47 
9540 50.5 
9550 50.5 
9560 50.5 
9570 50.5 
9580 50.47 
9590 50.44 
9600 50.41 
9610 50.38 
9620 50.38 
9630 50.38 
9640 50.38 
9650 50.38 
9660 50.38 
9670 50.35 
9680 50.35 
9690 50.38 
9700 50.41 
9710 50.44 
9720 50.41 
9730 50.35 
9740 50.29 
9750 50.26 
9760 50.26 
9770 50.29 
9780 50.32 
9790 50.32 
9800 50.29 
9810 50.26 
9820 50.315 
9830 50.4 
9840 50.46 
9850 50.46 
9860 50.43 
9870 50.43 
9880 50.4 
9890 50.34 
9900 50.34 
9910 50.37 
9920 50.345 
9930 50.32 
9940 50.32 
9950 50.35 
9960 50.35 
9970 50.345 
9980 50.4 
9990 50.43 
10000 50.4 
10010 50.34 
10020 50.31 
10030 50.28 
10040 50.25 
10050 50.25 
10060 50.28 
10070 50.285 
10080 50.26 
10090 50.26 
10100 50.29 
10110 50.35 
10120 50.35 
10130 50.35 
10140 50.38 
10150 50.38 
10160 50.38 
10170 50.38 
10180 50.38 
10190 50.41 
10200 50.44 
10210 50.44 
10220 50.44 
10230 50.41 
10240 50.35 
10250 50.29 
10260 50.26 
10270 50.26 
10280 50.285 
10290 50.28 
10300 50.25 
10310 50.22 
10320 50.22 
10330 50.28 
10340 50.34 
10350 50.4 
10360 50.43 
10370 50.43 
10380 50.405 
10390 50.41 
10400 50.44 
10410 50.47 
10420 50.5 
10430 50.5 
10440 50.5 
10450 50.525 
10460 50.52 
10470 50.49 
10480 50.49 
10490 50.49 
10500 50.49 
10510 50.515 
10520 50.54 
10530 50.54 
10540 50.54 
10550 50.515 
10560 50.52 
10570 50.55 
10580 50.52 
10590 50.46 
10600 50.455 
10610 50.48 
10620 50.48 
10630 50.48 
10640 50.48 
10650 50.48 
10660 50.505 
10670 50.53 
10680 50.56 
10690 50.62 
10700 50.65 
10710 50.625 
10720 50.6 
10730 50.6 
10740 50.6 
10750 50.6 
10760 50.575 
10770 50.55 
10780 50.55 
10790 50.55 
10800 50.525 
10810 50.5 
10820 50.5 
10830 50.5 
10840 50.5 
10850 50.5 
10860 50.5 
10870 50.5 
10880 50.525 
10890 50.55 
10900 50.55 
10910 50.55 
10920 50.55 
10930 50.55 
10940 50.55 
10950 50.55 
10960 50.55 
10970 50.55 
10980 50.525 
10990 50.47 
11000 50.41 
