10 40.69 
20 45.14 
30 45.14 
40 45.09 
50 44.98 
60 44.92 
70 44.81 
80 44.75 
90 44.75 
100 44.69 
110 44.63 
120 44.63 
130 44.57 
140 44.51 
150 44.57 
160 44.63 
170 44.74 
180 44.8 
190 44.8 
200 44.8 
210 44.8 
220 44.86 
230 44.86 
240 44.81 
250 44.81 
260 44.75 
270 44.75 
280 44.75 
290 44.69 
300 44.69 
310 44.75 
320 44.75 
330 44.81 
340 44.92 
350 44.92 
360 44.98 
370 44.98 
380 44.92 
390 44.98 
400 45.04 
410 45.04 
420 44.98 
430 44.98 
440 44.92 
450 44.86 
460 44.8 
470 44.74 
480 44.8 
490 44.74 
500 44.68 
510 44.62 
520 44.68 
530 44.68 
540 44.68 
550 44.68 
560 44.74 
570 44.8 
580 44.8 
590 44.8 
600 44.86 
610 44.81 
620 44.75 
630 44.75 
640 44.81 
650 44.87 
660 44.87 
670 44.87 
680 44.87 
690 44.93 
700 44.98 
710 45.09 
720 45.15 
730 45.15 
740 45.15 
750 45.15 
760 45.15 
770 45.09 
780 45.09 
790 45.09 
800 45.04 
810 45.04 
820 45.04 
830 44.98 
840 44.98 
850 44.92 
860 44.86 
870 44.92 
880 44.92 
890 44.92 
900 44.92 
910 44.92 
920 44.92 
930 44.98 
940 44.98 
950 45.04 
960 45.1 
970 45.1 
980 45.04 
990 45.04 
1000 44.98 
1010 44.92 
1020 44.92 
1030 44.92 
1040 44.86 
1050 44.86 
1060 44.86 
1070 44.86 
1080 44.92 
1090 44.92 
1100 44.92 
1110 44.98 
1120 44.92 
1130 44.92 
1140 44.92 
1150 44.86 
1160 44.86 
1170 44.8 
1180 44.8 
1190 44.8 
1200 44.86 
1210 44.86 
1220 44.92 
1230 44.92 
1240 44.98 
1250 45.04 
1260 45.04 
1270 45.1 
1280 45.1 
1290 45.04 
1300 45.04 
1310 45.04 
1320 45.04 
1330 45.04 
1340 45.04 
1350 45.04 
1360 45.04 
1370 44.98 
1380 44.98 
1390 45.04 
1400 44.98 
1410 44.98 
1420 44.98 
1430 44.98 
1440 44.92 
1450 44.92 
1460 44.92 
1470 44.98 
1480 44.92 
1490 44.92 
1500 44.87 
1510 44.81 
1520 44.81 
1530 44.81 
1540 44.81 
1550 44.81 
1560 44.81 
1570 44.81 
1580 44.81 
1590 44.81 
1600 44.81 
1610 44.76 
1620 44.76 
1630 44.76 
1640 44.82 
1650 44.76 
1660 44.76 
1670 44.7 
1680 44.76 
1690 44.76 
1700 44.87 
1710 44.98 
1720 44.98 
1730 44.98 
1740 44.98 
1750 45.04 
1760 44.98 
1770 45.04 
1780 45.04 
1790 44.98 
1800 44.98 
1810 44.98 
1820 44.98 
1830 44.98 
1840 44.98 
1850 44.98 
1860 44.98 
1870 44.92 
1880 44.92 
1890 44.98 
1900 44.98 
1910 44.98 
1920 44.98 
1930 44.98 
1940 44.98 
1950 44.98 
1960 45.04 
1970 45.1 
1980 45.1 
1990 45.1 
2000 45.1 
2010 45.1 
2020 45.1 
2030 45.1 
2040 45.1 
2050 45.1 
2060 45.1 
2070 45.1 
2080 45.1 
2090 45.1 
2100 45.1 
2110 45.1 
2120 45.04 
2130 45.04 
2140 44.98 
2150 44.98 
2160 44.98 
2170 44.98 
2180 44.98 
2190 44.98 
2200 44.98 
2210 44.98 
2220 45.04 
2230 45.04 
2240 45.04 
2250 44.98 
2260 44.98 
2270 44.98 
2280 44.98 
2290 44.98 
2300 44.98 
2310 44.98 
2320 44.98 
2330 44.98 
2340 45.04 
2350 45.04 
2360 45.04 
2370 45.04 
2380 45.04 
2390 45.04 
2400 45.04 
2410 45.04 
2420 45.04 
2430 45.04 
2440 45.04 
2450 45.1 
2460 45.04 
2470 45.04 
2480 44.98 
2490 44.98 
2500 44.98 
2510 44.98 
2520 44.98 
2530 44.98 
2540 44.98 
2550 44.98 
2560 45.04 
2570 45.04 
2580 45.1 
2590 45.04 
2600 44.98 
2610 44.98 
2620 44.98 
2630 44.98 
2640 44.98 
2650 44.98 
2660 44.98 
2670 44.92 
2680 44.86 
2690 44.92 
2700 44.98 
2710 44.98 
2720 44.98 
2730 44.92 
2740 44.92 
2750 44.92 
2760 44.92 
2770 44.98 
2780 45.04 
2790 45.04 
2800 45.04 
2810 45.04 
2820 45.04 
2830 44.99 
2840 44.99 
2850 44.99 
2860 44.99 
2870 44.99 
2880 44.99 
2890 44.99 
2900 44.99 
2910 44.99 
2920 44.99 
2930 45.1 
2940 45.1 
2950 45.1 
2960 45.1 
2970 45.1 
2980 45.1 
2990 45.1 
3000 45.1 
3010 45.1 
3020 45.1 
3030 45.04 
3040 45.04 
3050 45.04 
3060 45.04 
3070 45.04 
3080 45.04 
3090 44.98 
3100 44.98 
3110 44.92 
3120 44.92 
3130 44.92 
3140 44.92 
3150 44.92 
3160 44.92 
3170 44.92 
3180 44.92 
3190 44.98 
3200 44.98 
3210 45.04 
3220 45.04 
3230 45.1 
3240 45.1 
3250 45.1 
3260 45.1 
3270 45.1 
3280 45.1 
3290 45.1 
3300 45.1 
3310 45.04 
3320 45.04 
3330 45.04 
3340 45.04 
3350 44.98 
3360 44.98 
3370 44.98 
3380 44.98 
3390 44.98 
3400 44.98 
3410 45.04 
3420 45.04 
3430 45.04 
3440 45.04 
3450 45.1 
3460 45.1 
3470 45.1 
3480 45.1 
3490 45.1 
3500 45.1 
3510 45.1 
3520 45.1 
3530 45.1 
3540 45.04 
3550 44.93 
3560 44.93 
3570 44.93 
3580 44.93 
3590 44.93 
3600 44.93 
3610 44.93 
3620 44.87 
3630 44.87 
3640 44.93 
3650 45.04 
3660 45.04 
3670 45.04 
3680 44.98 
3690 44.98 
3700 44.98 
3710 44.98 
3720 45.04 
3730 45.04 
3740 45.04 
3750 45.04 
3760 45.04 
3770 45.04 
3780 45.1 
3790 45.04 
3800 45.04 
3810 45.04 
3820 45.04 
3830 45.04 
3840 45.04 
3850 45.04 
3860 45.04 
3870 45.04 
3880 45.04 
3890 45.1 
3900 45.04 
3910 45.04 
3920 45.04 
3930 45.04 
3940 44.98 
3950 44.98 
3960 44.98 
3970 44.98 
3980 44.98 
3990 44.98 
4000 45.04 
4010 45.04 
4020 45.04 
4030 45.04 
4040 45.1 
4050 45.1 
4060 45.1 
4070 45.1 
4080 45.1 
4090 45.04 
4100 45.04 
4110 45.04 
4120 45.04 
4130 45.04 
4140 45.04 
4150 45.04 
4160 45.04 
4170 45.04 
4180 45.04 
4190 45.1 
4200 45.1 
4210 45.1 
4220 45.1 
4230 45.04 
4240 45.04 
4250 45.04 
4260 45.04 
4270 45.04 
4280 44.98 
4290 44.98 
4300 44.98 
4310 44.98 
4320 44.92 
4330 44.98 
4340 44.98 
4350 44.98 
4360 44.98 
4370 44.98 
4380 45.04 
4390 45.04 
4400 45.04 
4410 45.04 
4420 45.04 
4430 44.93 
4440 44.93 
4450 44.93 
4460 44.93 
4470 44.93 
4480 44.98 
4490 44.98 
4500 44.98 
4510 44.92 
4520 44.98 
4530 45.09 
4540 45.09 
4550 45.09 
4560 45.09 
4570 45.03 
4580 44.98 
4590 44.98 
4600 44.92 
4610 44.98 
4620 44.98 
4630 44.87 
4640 44.87 
4650 44.87 
4660 44.87 
4670 44.93 
4680 44.93 
4690 44.93 
4700 44.99 
4710 44.99 
4720 44.99 
4730 45.1 
4740 45.04 
4750 45.04 
4760 45.04 
4770 45.04 
4780 45.04 
4790 45.04 
4800 45.04 
4810 45.04 
4820 45.04 
4830 45.04 
4840 45.1 
4850 45.15 
4860 45.15 
4870 45.04 
4880 45.04 
4890 45.04 
4900 45.04 
4910 45.04 
4920 45.04 
4930 45.04 
4940 45.04 
4950 44.99 
4960 44.99 
4970 45.1 
4980 45.1 
4990 45.1 
5000 45.1 
5010 45.1 
5020 45.04 
5030 45.04 
5040 45.04 
5050 45.04 
5060 45.04 
5070 45.04 
5080 45.04 
5090 44.93 
5100 44.87 
5110 44.87 
5120 44.93 
5130 44.93 
5140 44.93 
5150 44.93 
5160 44.93 
5170 44.93 
5180 44.93 
5190 45.04 
5200 45.1 
5210 45.1 
5220 45.04 
5230 45.04 
5240 45.04 
5250 45.04 
5260 45.04 
5270 45.04 
5280 45.04 
5290 45.04 
5300 45.04 
5310 45.04 
5320 45.1 
5330 45.1 
5340 45.04 
5350 45.04 
5360 45.04 
5370 44.98 
5380 44.98 
5390 44.98 
5400 44.98 
5410 44.98 
5420 44.98 
5430 44.98 
5440 45.04 
5450 45.04 
5460 45.04 
5470 45.1 
5480 45.1 
5490 45.04 
5500 45.04 
5510 45.04 
5520 44.98 
5530 44.98 
5540 44.98 
5550 44.98 
5560 44.98 
5570 44.92 
5580 44.86 
5590 44.92 
5600 44.92 
5610 44.92 
5620 44.98 
5630 44.98 
5640 44.98 
5650 44.98 
5660 44.98 
5670 45.04 
5680 45.1 
5690 45.1 
5700 45.1 
5710 45.1 
5720 45.1 
5730 45.1 
5740 45.1 
5750 45.1 
5760 45.1 
5770 45.1 
5780 45.1 
5790 45.1 
5800 45.1 
5810 45.1 
5820 45.1 
5830 45.1 
5840 45.1 
5850 45.1 
5860 45.1 
5870 45.1 
5880 45.1 
5890 45.1 
5900 45.1 
5910 45.1 
5920 45.1 
5930 45.1 
5940 45.1 
5950 45.04 
5960 44.98 
5970 44.98 
5980 44.98 
5990 44.98 
6000 44.98 
6010 44.98 
6020 44.98 
6030 44.98 
6040 44.98 
6050 45.04 
6060 45.1 
6070 45.1 
6080 45.1 
6090 45.1 
6100 45.1 
6110 45.15 
6120 45.15 
6130 45.15 
6140 45.15 
6150 45.15 
6160 45.15 
6170 45.09 
6180 45.14 
6190 45.14 
6200 45.14 
6210 45.09 
6220 45.09 
6230 45.09 
6240 45.09 
6250 45.14 
6260 45.14 
6270 45.2 
6280 45.15 
6290 45.09 
6300 45.09 
6310 45.09 
6320 45.09 
6330 45.09 
6340 45.14 
6350 45.09 
6360 45.09 
6370 45.09 
6380 45.03 
6390 45.09 
6400 45.09 
6410 45.09 
6420 45.09 
6430 45.09 
6440 45.04 
6450 45.04 
6460 45.04 
6470 45.09 
6480 45.2 
6490 45.2 
6500 45.2 
6510 45.2 
6520 45.2 
6530 45.2 
6540 45.2 
6550 45.2 
6560 45.2 
6570 45.15 
6580 45.1 
6590 45.1 
6600 45.1 
6610 45.1 
6620 45.1 
6630 45.1 
6640 45.1 
6650 45.1 
6660 45.1 
6670 45.1 
6680 45.15 
6690 45.15 
6700 45.15 
6710 45.15 
6720 45.2 
6730 45.25 
6740 45.25 
6750 45.25 
6760 45.25 
6770 45.25 
6780 45.2 
6790 45.2 
6800 45.2 
6810 45.2 
6820 45.15 
6830 45.1 
6840 45.1 
6850 45.1 
6860 45.1 
6870 44.99 
6880 44.99 
6890 44.99 
6900 44.99 
6910 44.99 
6920 45.04 
6930 45.04 
6940 45.04 
6950 45.04 
6960 45.09 
6970 45.2 
6980 45.25 
6990 45.25 
7000 45.25 
7010 45.25 
7020 45.2 
7030 45.2 
7040 45.25 
7050 45.25 
7060 45.2 
7070 45.2 
7080 45.2 
7090 45.2 
7100 45.2 
7110 45.2 
7120 45.25 
7130 45.25 
7140 45.2 
7150 45.2 
7160 45.2 
7170 45.2 
7180 45.15 
7190 45.15 
7200 45.15 
7210 45.15 
7220 45.1 
7230 45.1 
7240 45.1 
7250 45.1 
7260 45.15 
7270 45.15 
7280 45.15 
7290 45.15 
7300 45.04 
7310 45.04 
7320 45.04 
7330 45.09 
7340 45.09 
7350 45.09 
7360 45.04 
7370 45.04 
7380 45.04 
7390 45.04 
7400 45.15 
7410 45.15 
7420 45.15 
7430 45.1 
7440 45.04 
7450 45.04 
7460 45.04 
7470 45.04 
7480 45.04 
7490 45.04 
7500 45.04 
7510 45.04 
7520 45.04 
7530 45.04 
7540 45.1 
7550 45.1 
7560 45.1 
7570 45.1 
7580 45.1 
7590 45.1 
7600 45.1 
7610 45.04 
7620 45.04 
7630 45.04 
7640 45.04 
7650 45.04 
7660 45.04 
7670 45.04 
7680 44.98 
7690 44.98 
7700 44.98 
7710 45.04 
7720 45.04 
7730 45.04 
7740 45.04 
7750 45.04 
7760 45.09 
7770 45.09 
7780 45.15 
7790 45.15 
7800 45.15 
7810 45.15 
7820 45.15 
7830 45.15 
7840 45.15 
7850 45.15 
7860 45.1 
7870 45.1 
7880 45.1 
7890 45.1 
7900 45.1 
7910 45.1 
7920 45.1 
7930 45.1 
7940 45.1 
7950 45.1 
7960 45.1 
7970 45.1 
7980 45.1 
7990 45.1 
8000 45.04 
8010 45.04 
8020 45.04 
8030 45.04 
8040 45.04 
8050 45.04 
8060 45.04 
8070 45.04 
8080 45.04 
8090 45.04 
8100 45.1 
8110 45.1 
8120 45.1 
8130 45.1 
8140 45.1 
8150 45.1 
8160 45.1 
8170 45.1 
8180 45.1 
8190 45.1 
8200 45.1 
8210 45.1 
8220 45.1 
8230 45.1 
8240 45.1 
8250 45.1 
8260 45.1 
8270 45.1 
8280 45.1 
8290 45.1 
8300 45.1 
8310 45.1 
8320 45.1 
8330 45.1 
8340 45.04 
8350 45.04 
8360 45.04 
8370 45.04 
8380 45.04 
8390 45.04 
8400 45.04 
8410 45.04 
8420 45.04 
8430 45.04 
8440 45.1 
8450 45.1 
8460 45.1 
8470 45.1 
8480 45.1 
8490 45.1 
8500 45.15 
8510 45.09 
8520 45.09 
8530 45.09 
8540 45.09 
8550 45.09 
8560 45.09 
8570 45.09 
8580 45.09 
8590 45.09 
8600 45.04 
8610 45.1 
8620 45.1 
8630 45.1 
8640 45.1 
8650 45.1 
8660 45.1 
8670 45.1 
8680 45.1 
8690 45.1 
8700 45.1 
8710 45.1 
8720 45.1 
8730 45.1 
8740 45.15 
8750 45.15 
8760 45.2 
8770 45.25 
8780 45.25 
8790 45.25 
8800 45.25 
8810 45.25 
8820 45.25 
8830 45.25 
8840 45.2 
8850 45.2 
8860 45.15 
8870 45.1 
8880 45.1 
8890 45.1 
8900 45.1 
8910 45.1 
8920 45.1 
8930 45.1 
8940 45.1 
8950 45.1 
8960 45.1 
8970 45.1 
8980 45.1 
8990 45.1 
9000 45.1 
9010 45.1 
9020 45.1 
9030 45.1 
9040 45.15 
9050 45.15 
9060 45.15 
9070 45.15 
9080 45.15 
9090 45.15 
9100 45.09 
9110 45.09 
9120 45.09 
9130 45.09 
9140 45.04 
9150 45.04 
9160 44.98 
9170 44.98 
9180 44.98 
9190 44.98 
9200 45.09 
9210 45.09 
9220 45.09 
9230 45.14 
9240 45.14 
9250 45.14 
9260 45.2 
9270 45.25 
9280 45.25 
9290 45.25 
9300 45.2 
9310 45.2 
9320 45.2 
9330 45.15 
9340 45.15 
9350 45.2 
9360 45.2 
9370 45.15 
9380 45.15 
9390 45.15 
9400 45.15 
9410 45.15 
9420 45.15 
9430 45.15 
9440 45.15 
9450 45.1 
9460 45.1 
9470 45.1 
9480 45.1 
9490 45.1 
9500 45.1 
9510 45.1 
9520 45.1 
9530 45.1 
9540 45.1 
9550 45.1 
9560 45.15 
9570 45.15 
9580 45.09 
9590 45.09 
9600 45.09 
9610 45.09 
9620 45.14 
9630 45.14 
9640 45.14 
9650 45.08 
9660 45.03 
9670 45.03 
9680 45.09 
9690 45.09 
9700 45.09 
9710 45.09 
9720 45.04 
9730 45.04 
9740 45.09 
9750 45.15 
9760 45.15 
9770 45.15 
9780 45.15 
9790 45.15 
9800 45.15 
9810 45.15 
9820 45.15 
9830 45.15 
9840 45.1 
9850 45.1 
9860 45.1 
9870 45.1 
9880 45.1 
9890 45.1 
9900 45.1 
9910 45.15 
9920 45.15 
9930 45.15 
9940 45.2 
9950 45.2 
9960 45.2 
9970 45.2 
9980 45.25 
9990 45.25 
10000 45.25 
10010 45.2 
10020 45.2 
10030 45.2 
10040 45.15 
10050 45.15 
10060 45.15 
10070 45.15 
10080 45.1 
10090 45.1 
10100 45.1 
10110 45.1 
10120 45.1 
10130 45.1 
10140 45.1 
10150 45.1 
10160 45.1 
10170 45.1 
10180 45.1 
10190 45.1 
10200 45.1 
10210 45.1 
10220 45.1 
10230 45.1 
10240 45.15 
10250 45.2 
10260 45.25 
10270 45.25 
10280 45.3 
10290 45.3 
10300 45.3 
10310 45.3 
10320 45.3 
10330 45.3 
10340 45.3 
10350 45.25 
10360 45.2 
10370 45.2 
10380 45.2 
10390 45.25 
10400 45.25 
10410 45.25 
10420 45.25 
10430 45.25 
10440 45.2 
10450 45.2 
10460 45.2 
10470 45.2 
10480 45.15 
10490 45.1 
10500 45.1 
10510 45.1 
10520 45.15 
10530 45.2 
10540 45.2 
10550 45.2 
10560 45.25 
10570 45.25 
10580 45.25 
10590 45.25 
10600 45.25 
10610 45.25 
10620 45.2 
10630 45.15 
10640 45.15 
10650 45.15 
10660 45.1 
10670 45.04 
10680 45.04 
10690 45.04 
10700 45.04 
10710 45.04 
10720 45.04 
10730 45.04 
10740 45.04 
10750 45.04 
10760 45.04 
10770 45.1 
10780 45.1 
10790 45.1 
10800 45.1 
10810 45.1 
10820 45.1 
10830 45.1 
10840 45.1 
10850 45.1 
10860 45.1 
10870 45.1 
10880 45.1 
10890 45.1 
10900 45.1 
10910 45.1 
10920 45.04 
10930 45.1 
10940 45.1 
10950 45.1 
10960 45.1 
10970 45.1 
10980 45.1 
10990 45.1 
11000 45.1 