10 42.2 
20 46.6 
30 46.22 
40 45.84 
50 45.41 
60 45.09 
70 44.6 
80 44.23 
90 43.9 
100 43.68 
110 43.46 
120 43.35 
130 43.19 
140 43.08 
150 43.02 
160 42.91 
170 42.86 
180 42.8 
190 42.7 
200 42.7 
210 42.65 
220 42.65 
230 42.7 
240 42.7 
250 42.7 
260 42.6 
270 42.55 
280 42.55 
290 42.65 
300 42.65 
310 42.6 
320 42.6 
330 42.6 
340 42.6 
350 42.6 
360 42.6 
370 42.65 
380 42.65 
390 42.6 
400 42.55 
410 42.6 
420 42.5 
430 42.4 
440 42.3 
450 42.25 
460 42.25 
470 42.2 
480 42.15 
490 42.15 
500 42.15 
510 42.15 
520 42.15 
530 42.2 
540 42.3 
550 42.35 
560 42.35 
570 42.35 
580 42.35 
590 42.35 
600 42.3 
610 42.3 
620 42.35 
630 42.4 
640 42.4 
650 42.3 
660 42.3 
670 42.4 
680 42.45 
690 42.5 
700 42.6 
710 42.6 
720 42.6 
730 42.6 
740 42.6 
750 42.65 
760 42.75 
770 42.75 
780 42.7 
790 42.65 
800 42.6 
810 42.65 
820 42.7 
830 42.7 
840 42.65 
850 42.7 
860 42.7 
870 42.7 
880 42.75 
890 42.8 
900 42.85 
910 42.8 
920 42.8 
930 42.75 
940 42.7 
950 42.65 
960 42.65 
970 42.65 
980 42.65 
990 42.65 
1000 42.6 
1010 42.65 
1020 42.65 
1030 42.7 
1040 42.8 
1050 42.85 
1060 42.85 
1070 42.85 
1080 42.85 
1090 42.75 
1100 42.8 
1110 42.8 
1120 42.75 
1130 42.75 
1140 42.75 
1150 42.75 
1160 42.75 
1170 42.75 
1180 42.7 
1190 42.8 
1200 42.8 
1210 42.8 
1220 42.85 
1230 42.85 
1240 42.85 
1250 42.85 
1260 42.85 
1270 42.85 
1280 42.85 
1290 42.8 
1300 42.75 
1310 42.75 
1320 42.75 
1330 42.7 
1340 42.7 
1350 42.7 
1360 42.7 
1370 42.7 
1380 42.75 
1390 42.8 
1400 42.85 
1410 42.85 
1420 42.75 
1430 42.8 
1440 42.8 
1450 42.7 
1460 42.65 
1470 42.71 
1480 42.71 
1490 42.61 
1500 42.61 
1510 42.61 
1520 42.77 
1530 42.77 
1540 42.77 
1550 42.82 
1560 42.87 
1570 42.76 
1580 42.76 
1590 42.81 
1600 42.76 
1610 42.71 
1620 42.65 
1630 42.65 
1640 42.65 
1650 42.7 
1660 42.7 
1670 42.75 
1680 42.75 
1690 42.8 
1700 42.85 
1710 42.96 
1720 42.96 
1730 42.96 
1740 42.96 
1750 42.91 
1760 42.91 
1770 42.91 
1780 42.91 
1790 42.91 
1800 42.91 
1810 42.85 
1820 42.85 
1830 42.85 
1840 42.85 
1850 42.9 
1860 42.9 
1870 42.9 
1880 42.9 
1890 42.9 
1900 42.9 
1910 42.9 
1920 42.9 
1930 42.9 
1940 42.9 
1950 42.9 
1960 42.9 
1970 42.9 
1980 42.9 
1990 42.9 
2000 42.9 
2010 42.9 
2020 42.9 
2030 42.9 
2040 42.85 
2050 42.85 
2060 42.85 
2070 42.85 
2080 42.85 
2090 42.85 
2100 42.91 
2110 42.91 
2120 42.91 
2130 42.97 
2140 43.02 
2150 43.02 
2160 43.02 
2170 43.02 
2180 43.02 
2190 43.02 
2200 42.96 
2210 42.96 
2220 42.96 
2230 42.9 
2240 42.9 
2250 42.9 
2260 42.9 
2270 42.96 
2280 42.96 
2290 42.91 
2300 42.91 
2310 42.91 
2320 42.91 
2330 42.91 
2340 42.97 
2350 42.97 
2360 42.97 
2370 42.91 
2380 42.91 
2390 42.96 
2400 42.96 
2410 43.02 
2420 43.08 
2430 43.08 
2440 43.02 
2450 43.02 
2460 43.02 
2470 43.02 
2480 43.02 
2490 43.02 
2500 42.97 
2510 42.97 
2520 42.91 
2530 42.97 
2540 42.97 
2550 43.03 
2560 43.09 
2570 43.15 
2580 43.15 
2590 43.15 
2600 43.2 
2610 43.2 
2620 43.2 
2630 43.14 
2640 43.14 
2650 43.14 
2660 43.08 
2670 43.02 
2680 43.08 
2690 43.08 
2700 43.08 
2710 43.08 
2720 43.08 
2730 43.08 
2740 43.08 
2750 43.02 
2760 43.08 
2770 43.08 
2780 43.08 
2790 43.08 
2800 43.08 
2810 43.02 
2820 43.02 
2830 43.02 
2840 43.02 
2850 43.08 
2860 43.02 
2870 43.13 
2880 43.07 
2890 43.07 
2900 43.13 
2910 43.13 
2920 43.19 
2930 43.25 
2940 43.31 
2950 43.31 
2960 43.31 
2970 43.31 
2980 43.31 
2990 43.37 
3000 43.37 
3010 43.37 
3020 43.37 
3030 43.31 
3040 43.25 
3050 43.19 
3060 43.25 
3070 43.14 
3080 43.14 
3090 43.14 
3100 43.14 
3110 43.2 
3120 43.2 
3130 43.26 
3140 43.26 
3150 43.26 
3160 43.2 
3170 43.26 
3180 43.32 
3190 43.32 
3200 43.32 
3210 43.26 
3220 43.2 
3230 43.14 
3240 43.2 
3250 43.2 
3260 43.2 
3270 43.14 
3280 43.08 
3290 43.08 
3300 43.02 
3310 43.02 
3320 43.08 
3330 43.08 
3340 43.08 
3350 43.08 
3360 43.08 
3370 43.08 
3380 43.08 
3390 43.02 
3400 43.02 
3410 43.08 
3420 43.08 
3430 43.14 
3440 43.08 
3450 43.08 
3460 43.08 
3470 43.08 
3480 43.14 
3490 43.14 
3500 43.2 
3510 43.14 
3520 43.08 
3530 43.02 
3540 43.08 
3550 43.08 
3560 43.08 
3570 43.14 
3580 43.08 
3590 43.14 
3600 43.08 
3610 43.14 
3620 43.2 
3630 43.2 
3640 43.2 
3650 43.26 
3660 43.32 
3670 43.32 
3680 43.38 
3690 43.32 
3700 43.32 
3710 43.32 
3720 43.26 
3730 43.37 
3740 43.31 
3750 43.25 
3760 43.25 
3770 43.19 
3780 43.19 
3790 43.25 
3800 43.25 
3810 43.19 
3820 43.19 
3830 43.14 
3840 43.14 
3850 43.25 
3860 43.25 
3870 43.31 
3880 43.31 
3890 43.25 
3900 43.31 
3910 43.37 
3920 43.43 
3930 43.43 
3940 43.43 
3950 43.32 
3960 43.32 
3970 43.32 
3980 43.32 
3990 43.38 
4000 43.32 
4010 43.26 
4020 43.2 
4030 43.2 
4040 43.2 
4050 43.26 
4060 43.2 
4070 43.14 
4080 43.14 
4090 43.14 
4100 43.2 
4110 43.26 
4120 43.32 
4130 43.32 
4140 43.38 
4150 43.38 
4160 43.44 
4170 43.44 
4180 43.44 
4190 43.38 
4200 43.43 
4210 43.37 
4220 43.37 
4230 43.31 
4240 43.31 
4250 43.31 
4260 43.25 
4270 43.31 
4280 43.31 
4290 43.37 
4300 43.32 
4310 43.43 
4320 43.37 
4330 43.43 
4340 43.43 
4350 43.43 
4360 43.49 
4370 43.49 
4380 43.43 
4390 43.37 
4400 43.37 
4410 43.32 
4420 43.38 
4430 43.38 
4440 43.38 
4450 43.32 
4460 43.26 
4470 43.26 
4480 43.26 
4490 43.37 
4500 43.42 
4510 43.47 
4520 43.41 
4530 43.41 
4540 43.46 
4550 43.52 
4560 43.58 
4570 43.58 
4580 43.64 
4590 43.53 
4600 43.48 
4610 43.48 
4620 43.54 
4630 43.54 
4640 43.49 
4650 43.54 
4660 43.54 
4670 43.59 
4680 43.64 
4690 43.7 
4700 43.75 
4710 43.7 
4720 43.64 
4730 43.64 
4740 43.64 
4750 43.59 
4760 43.59 
4770 43.59 
4780 43.54 
4790 43.54 
4800 43.49 
4810 43.49 
4820 43.6 
4830 43.54 
4840 43.48 
4850 43.53 
4860 43.58 
4870 43.58 
4880 43.58 
4890 43.58 
4900 43.58 
4910 43.58 
4920 43.58 
4930 43.69 
4940 43.75 
4950 43.64 
4960 43.59 
4970 43.48 
4980 43.48 
4990 43.42 
5000 43.42 
5010 43.47 
5020 43.47 
5030 43.42 
5040 43.47 
5050 43.53 
5060 43.58 
5070 43.64 
5080 43.64 
5090 43.7 
5100 43.7 
5110 43.65 
5120 43.65 
5130 43.7 
5140 43.7 
5150 43.7 
5160 43.7 
5170 43.75 
5180 43.75 
5190 43.75 
5200 43.75 
5210 43.75 
5220 43.7 
5230 43.65 
5240 43.6 
5250 43.65 
5260 43.54 
5270 43.54 
5280 43.59 
5290 43.64 
5300 43.69 
5310 43.74 
5320 43.79 
5330 43.73 
5340 43.67 
5350 43.62 
5360 43.68 
5370 43.68 
5380 43.63 
5390 43.58 
5400 43.58 
5410 43.53 
5420 43.53 
5430 43.64 
5440 43.7 
5450 43.7 
5460 43.75 
5470 43.75 
5480 43.75 
5490 43.69 
5500 43.64 
5510 43.64 
5520 43.64 
5530 43.59 
5540 43.59 
5550 43.64 
5560 43.64 
5570 43.64 
5580 43.64 
5590 43.7 
5600 43.64 
5610 43.64 
5620 43.59 
5630 43.59 
5640 43.59 
5650 43.59 
5660 43.54 
5670 43.43 
5680 43.43 
5690 43.48 
5700 43.54 
5710 43.48 
5720 43.48 
5730 43.42 
5740 43.47 
5750 43.36 
5760 43.36 
5770 43.47 
5780 43.47 
5790 43.47 
5800 43.52 
5810 43.58 
5820 43.58 
5830 43.64 
5840 43.64 
5850 43.7 
5860 43.7 
5870 43.59 
5880 43.64 
5890 43.59 
5900 43.59 
5910 43.59 
5920 43.53 
5930 43.53 
5940 43.48 
5950 43.53 
5960 43.58 
5970 43.69 
5980 43.64 
5990 43.64 
6000 43.59 
6010 43.59 
6020 43.65 
6030 43.65 
6040 43.65 
6050 43.65 
6060 43.65 
6070 43.6 
6080 43.65 
6090 43.65 
6100 43.65 
6110 43.7 
6120 43.7 
6130 43.75 
6140 43.75 
6150 43.7 
6160 43.7 
6170 43.75 
6180 43.7 
6190 43.75 
6200 43.8 
6210 43.8 
6220 43.85 
6230 43.8 
6240 43.8 
6250 43.8 
6260 43.75 
6270 43.7 
6280 43.75 
6290 43.75 
6300 43.7 
6310 43.65 
6320 43.6 
6330 43.65 
6340 43.59 
6350 43.59 
6360 43.59 
6370 43.59 
6380 43.54 
6390 43.49 
6400 43.49 
6410 43.54 
6420 43.59 
6430 43.59 
6440 43.65 
6450 43.7 
6460 43.75 
6470 43.75 
6480 43.8 
6490 43.85 
6500 43.9 
6510 43.9 
6520 43.85 
6530 43.8 
6540 43.74 
6550 43.74 
6560 43.69 
6570 43.69 
6580 43.69 
6590 43.64 
6600 43.59 
6610 43.59 
6620 43.59 
6630 43.64 
6640 43.7 
6650 43.65 
6660 43.59 
6670 43.64 
6680 43.59 
6690 43.59 
6700 43.59 
6710 43.54 
6720 43.54 
6730 43.49 
6740 43.43 
6750 43.43 
6760 43.49 
6770 43.44 
6780 43.44 
6790 43.44 
6800 43.49 
6810 43.49 
6820 43.54 
6830 43.54 
6840 43.65 
6850 43.65 
6860 43.7 
6870 43.7 
6880 43.75 
6890 43.8 
6900 43.75 
6910 43.8 
6920 43.8 
6930 43.8 
6940 43.8 
6950 43.8 
6960 43.8 
6970 43.8 
6980 43.75 
6990 43.75 
7000 43.75 
7010 43.7 
7020 43.7 
7030 43.7 
7040 43.7 
7050 43.75 
7060 43.7 
7070 43.75 
7080 43.75 
7090 43.75 
7100 43.69 
7110 43.69 
7120 43.64 
7130 43.64 
7140 43.59 
7150 43.59 
7160 43.59 
7170 43.48 
7180 43.53 
7190 43.53 
7200 43.59 
7210 43.64 
7220 43.64 
7230 43.69 
7240 43.74 
7250 43.63 
7260 43.63 
7270 43.74 
7280 43.69 
7290 43.64 
7300 43.64 
7310 43.59 
7320 43.64 
7330 43.64 
7340 43.64 
7350 43.7 
7360 43.7 
7370 43.7 
7380 43.75 
7390 43.75 
7400 43.8 
7410 43.8 
7420 43.8 
7430 43.75 
7440 43.64 
7450 43.69 
7460 43.74 
7470 43.74 
7480 43.74 
7490 43.79 
7500 43.74 
7510 43.79 
7520 43.79 
7530 43.84 
7540 43.95 
7550 43.95 
7560 43.9 
7570 43.85 
7580 43.74 
7590 43.74 
7600 43.79 
7610 43.79 
7620 43.79 
7630 43.79 
7640 43.74 
7650 43.74 
7660 43.79 
7670 43.84 
7680 43.9 
7690 43.9 
7700 43.9 
7710 43.9 
7720 43.9 
7730 43.9 
7740 43.95 
7750 43.95 
7760 43.95 
7770 43.9 
7780 43.9 
7790 43.9 
7800 43.85 
7810 43.8 
7820 43.8 
7830 43.8 
7840 43.8 
7850 43.75 
7860 43.75 
7870 43.75 
7880 43.85 
7890 43.85 
7900 43.85 
7910 43.9 
7920 43.95 
7930 43.95 
7940 43.95 
7950 44 
7960 44 
7970 44.05 
7980 44 
7990 44 
8000 44.05 
8010 44.05 
8020 44 
8030 44 
8040 43.95 
8050 43.95 
8060 43.95 
8070 43.95 
8080 43.95 
8090 43.95 
8100 43.95 
8110 43.95 
8120 44 
8130 43.95 
8140 44.05 
8150 44.05 
8160 44 
8170 44 
8180 44 
8190 43.95 
8200 43.95 
8210 43.9 
8220 43.8 
8230 43.85 
8240 43.8 
8250 43.69 
8260 43.69 
8270 43.64 
8280 43.53 
8290 43.58 
8300 43.58 
8310 43.52 
8320 43.52 
8330 43.47 
8340 43.36 
8350 43.36 
8360 43.36 
8370 43.36 
8380 43.42 
8390 43.37 
8400 43.26 
8410 43.37 
8420 43.37 
8430 43.31 
8440 43.37 
8450 43.43 
8460 43.43 
8470 43.43 
8480 43.43 
8490 43.37 
8500 43.37 
8510 43.26 
8520 43.2 
8530 43.26 
8540 43.2 
8550 43.2 
8560 43.2 
8570 43.14 
8580 43.08 
8590 43.08 
8600 43.14 
8610 43.14 
8620 43.14 
8630 43.08 
8640 43.08 
8650 43.02 
8660 43.02 
8670 43.02 
8680 43.08 
8690 43.08 
8700 43.02 
8710 43.02 
8720 43.08 
8730 43.14 
8740 43.2 
8750 43.26 
8760 43.2 
8770 43.26 
8780 43.2 
8790 43.26 
8800 43.26 
8810 43.26 
8820 43.2 
8830 43.14 
8840 43.08 
8850 43.08 
8860 43.08 
8870 42.97 
8880 42.97 
8890 42.91 
8900 42.91 
8910 42.97 
8920 42.97 
8930 42.97 
8940 42.97 
8950 42.81 
8960 42.76 
8970 42.71 
8980 42.71 
8990 42.71 
9000 42.66 
9010 42.6 
9020 42.6 
9030 42.6 
9040 42.55 
9050 42.6 
9060 42.65 
9070 42.75 
9080 42.75 
9090 42.75 
9100 42.75 
9110 42.75 
9120 42.7 
9130 42.7 
9140 42.65 
9150 42.7 
9160 42.6 
9170 42.6 
9180 42.55 
9190 42.55 
9200 42.5 
9210 42.4 
9220 42.35 
9230 42.35 
9240 42.35 
9250 42.3 
9260 42.3 
9270 42.2 
9280 42.2 
9290 42.2 
9300 42.25 
9310 42.3 
9320 42.35 
9330 42.25 
9340 42.25 
9350 42.2 
9360 42.2 
9370 42.2 
9380 42.15 
9390 42.1 
9400 42.05 
9410 41.94 
9420 41.89 
9430 41.89 
9440 41.89 
9450 41.89 
9460 41.89 
9470 41.89 
9480 41.89 
9490 41.94 
9500 41.99 
9510 42.1 
9520 42.15 
9530 42.25 
9540 42.25 
9550 42.25 
9560 42.25 
9570 42.3 
9580 42.3 
9590 42.2 
9600 42.15 
9610 42.15 
9620 42.2 
9630 42.15 
9640 42.15 
9650 42.2 
9660 42.2 
9670 42.2 
9680 42.25 
9690 42.3 
9700 42.3 
9710 42.25 
9720 42.15 
9730 42.1 
9740 42.1 
9750 42.1 
9760 42.1 
9770 42.05 
9780 42 
9790 41.95 
9800 41.95 
9810 41.95 
9820 42 
9830 42.05 
9840 42.05 
9850 42 
9860 42.05 
9870 42.05 
9880 42.05 
9890 42.1 
9900 42.1 
9910 42.1 
9920 42.05 
9930 42.05 
9940 42.05 
9950 42.05 
9960 42 
9970 42.05 
9980 41.99 
9990 41.99 
10000 41.93 
10010 41.93 
10020 41.98 
10030 41.93 
10040 41.93 
10050 41.93 
10060 41.93 
10070 41.88 
10080 41.94 
10090 41.89 
10100 41.95 
10110 41.89 
10120 41.84 
10130 41.78 
10140 41.78 
10150 41.78 
10160 41.78 
10170 41.78 
10180 41.83 
10190 41.77 
10200 41.71 
10210 41.82 
10220 41.92 
10230 41.98 
10240 41.98 
10250 41.98 
10260 41.98 
10270 41.98 
10280 41.93 
10290 41.99 
10300 42.05 
10310 42 
10320 41.9 
10330 41.84 
10340 41.78 
10350 41.78 
10360 41.78 
10370 41.78 
10380 41.78 
10390 41.78 
10400 41.78 
10410 41.83 
10420 41.83 
10430 41.99 
10440 42.05 
10450 42.05 
10460 42.05 
10470 42.15 
10480 42.15 
10490 42.25 
10500 42.25 
10510 42.2 
10520 42.3 
10530 42.3 
10540 42.35 
10550 42.45 
10560 42.5 
10570 42.45 
10580 42.5 
10590 42.45 
10600 42.5 
10610 42.55 
10620 42.55 
10630 42.55 
10640 42.55 
10650 42.55 
10660 42.6 
10670 42.6 
10680 42.65 
10690 42.7 
10700 42.65 
10710 42.7 
10720 42.65 
10730 42.65 
10740 42.7 
10750 42.7 
10760 42.65 
10770 42.7 
10780 42.7 
10790 42.7 
10800 42.8 
10810 42.86 
10820 42.86 
10830 42.86 
10840 42.86 
10850 42.86 
10860 42.86 
10870 42.86 
10880 42.86 
10890 42.86 
10900 42.86 
10910 42.8 
10920 42.85 
10930 42.85 
10940 42.85 
10950 42.91 
10960 42.96 
10970 42.96 
10980 42.96 
10990 43.02 
11000 43.02 