10 40.56 
20 44.96 
30 44.74 
40 44.58 
50 44.47 
60 44.36 
70 44.2 
80 44.15 
90 44.1 
100 44.05 
110 44.05 
120 44.05 
130 44.05 
140 44.05 
150 43.95 
160 43.95 
170 43.95 
180 43.95 
190 43.9 
200 43.85 
210 43.8 
220 43.8 
230 43.75 
240 43.75 
250 43.8 
260 43.8 
270 43.8 
280 43.8 
290 43.8 
300 43.8 
310 43.8 
320 43.8 
330 43.8 
340 43.8 
350 43.75 
360 43.7 
370 43.75 
380 43.75 
390 43.8 
400 43.85 
410 43.9 
420 43.85 
430 43.9 
440 43.85 
450 43.9 
460 43.95 
470 43.9 
480 43.9 
490 43.85 
500 43.74 
510 43.69 
520 43.74 
530 43.74 
540 43.79 
550 43.84 
560 43.84 
570 43.84 
580 43.84 
590 43.89 
600 44 
610 44.05 
620 44.1 
630 44.15 
640 44.15 
650 44.1 
660 44.05 
670 44.16 
680 44.21 
690 44.21 
700 44.26 
710 44.26 
720 44.21 
730 44.16 
740 44.21 
750 44.32 
760 44.37 
770 44.26 
780 44.32 
790 44.43 
800 44.49 
810 44.54 
820 44.59 
830 44.64 
840 44.59 
850 44.59 
860 44.64 
870 44.75 
880 44.75 
890 44.64 
900 44.64 
910 44.59 
920 44.59 
930 44.65 
940 44.76 
950 44.76 
960 44.82 
970 44.76 
980 44.76 
990 44.87 
1000 44.87 
1010 44.98 
1020 45.04 
1030 45.04 
1040 45.04 
1050 44.98 
1060 44.92 
1070 44.98 
1080 44.92 
1090 44.81 
1100 44.81 
1110 44.75 
1120 44.75 
1130 44.75 
1140 44.75 
1150 44.75 
1160 44.81 
1170 44.81 
1180 44.81 
1190 44.92 
1200 44.92 
1210 44.92 
1220 44.86 
1230 44.75 
1240 44.75 
1250 44.81 
1260 44.75 
1270 44.69 
1280 44.64 
1290 44.58 
1300 44.58 
1310 44.58 
1320 44.64 
1330 44.69 
1340 44.63 
1350 44.57 
1360 44.57 
1370 44.52 
1380 44.63 
1390 44.63 
1400 44.63 
1410 44.69 
1420 44.58 
1430 44.64 
1440 44.7 
1450 44.7 
1460 44.65 
1470 44.65 
1480 44.54 
1490 44.6 
1500 44.49 
1510 44.43 
1520 44.54 
1530 44.54 
1540 44.48 
1550 44.43 
1560 44.54 
1570 44.59 
1580 44.64 
1590 44.64 
1600 44.75 
1610 44.81 
1620 44.7 
1630 44.59 
1640 44.54 
1650 44.59 
1660 44.53 
1670 44.48 
1680 44.54 
1690 44.48 
1700 44.48 
1710 44.42 
1720 44.47 
1730 44.52 
1740 44.57 
1750 44.52 
1760 44.58 
1770 44.63 
1780 44.52 
1790 44.47 
1800 44.36 
1810 44.36 
1820 44.36 
1830 44.31 
1840 44.26 
1850 44.26 
1860 44.15 
1870 44.15 
1880 44.26 
1890 44.26 
1900 44.37 
1910 44.37 
1920 44.37 
1930 44.37 
1940 44.37 
1950 44.37 
1960 44.42 
1970 44.37 
1980 44.31 
1990 44.31 
2000 44.25 
2010 44.25 
2020 44.25 
2030 44.3 
2040 44.3 
2050 44.35 
2060 44.35 
2070 44.35 
2080 44.35 
2090 44.35 
2100 44.35 
2110 44.35 
2120 44.3 
2130 44.3 
2140 44.35 
2150 44.25 
2160 44.25 
2170 44.25 
2180 44.31 
2190 44.36 
2200 44.36 
2210 44.31 
2220 44.36 
2230 44.36 
2240 44.42 
2250 44.47 
2260 44.42 
2270 44.42 
2280 44.36 
2290 44.31 
2300 44.31 
2310 44.36 
2320 44.31 
2330 44.31 
2340 44.2 
2350 44.2 
2360 44.2 
2370 44.2 
2380 44.15 
2390 44.15 
2400 44.1 
2410 44.05 
2420 44.05 
2430 44.05 
2440 44.1 
2450 44.1 
2460 44.1 
2470 44.1 
2480 44.1 
2490 44.1 
2500 44.1 
2510 44.15 
2520 44.2 
2530 44.15 
2540 44.1 
2550 44.1 
2560 44.1 
2570 44.1 
2580 44.1 
2590 44.1 
2600 44.1 
2610 44.05 
2620 44 
2630 44 
2640 43.95 
2650 43.95 
2660 43.95 
2670 43.95 
2680 43.95 
2690 43.95 
2700 43.95 
2710 43.95 
2720 43.9 
2730 43.85 
2740 43.9 
2750 43.9 
2760 43.85 
2770 43.85 
2780 43.85 
2790 43.85 
2800 43.9 
2810 43.85 
2820 43.9 
2830 43.95 
2840 43.95 
2850 43.95 
2860 43.95 
2870 43.9 
2880 43.85 
2890 43.85 
2900 43.75 
2910 43.75 
2920 43.75 
2930 43.75 
2940 43.7 
2950 43.7 
2960 43.7 
2970 43.7 
2980 43.75 
2990 43.7 
3000 43.7 
3010 43.75 
3020 43.75 
3030 43.75 
3040 43.8 
3050 43.8 
3060 43.85 
3070 43.85 
3080 43.85 
3090 43.85 
3100 43.85 
3110 43.85 
3120 43.8 
3130 43.75 
3140 43.7 
3150 43.65 
3160 43.6 
3170 43.6 
3180 43.6 
3190 43.6 
3200 43.65 
3210 43.6 
3220 43.6 
3230 43.6 
3240 43.6 
3250 43.6 
3260 43.6 
3270 43.65 
3280 43.65 
3290 43.65 
3300 43.6 
3310 43.6 
3320 43.6 
3330 43.6 
3340 43.6 
3350 43.6 
3360 43.6 
3370 43.55 
3380 43.5 
3390 43.5 
3400 43.5 
3410 43.5 
3420 43.5 
3430 43.55 
3440 43.49 
3450 43.54 
3460 43.54 
3470 43.54 
3480 43.54 
3490 43.54 
3500 43.54 
3510 43.54 
3520 43.59 
3530 43.48 
3540 43.54 
3550 43.49 
3560 43.49 
3570 43.49 
3580 43.49 
3590 43.49 
3600 43.43 
3610 43.43 
3620 43.38 
3630 43.44 
3640 43.44 
3650 43.44 
3660 43.44 
3670 43.44 
3680 43.38 
3690 43.38 
3700 43.38 
3710 43.38 
3720 43.38 
3730 43.32 
3740 43.32 
3750 43.26 
3760 43.26 
3770 43.26 
3780 43.32 
3790 43.32 
3800 43.38 
3810 43.38 
3820 43.38 
3830 43.44 
3840 43.38 
3850 43.44 
3860 43.44 
3870 43.44 
3880 43.38 
3890 43.38 
3900 43.38 
3910 43.38 
3920 43.38 
3930 43.38 
3940 43.44 
3950 43.38 
3960 43.38 
3970 43.38 
3980 43.38 
3990 43.43 
4000 43.37 
4010 43.37 
4020 43.31 
4030 43.31 
4040 43.31 
4050 43.31 
4060 43.31 
4070 43.31 
4080 43.37 
4090 43.32 
4100 43.32 
4110 43.37 
4120 43.43 
4130 43.43 
4140 43.37 
4150 43.43 
4160 43.37 
4170 43.37 
4180 43.37 
4190 43.37 
4200 43.37 
4210 43.26 
4220 43.2 
4230 43.14 
4240 43.14 
4250 43.08 
4260 43.08 
4270 43.02 
4280 42.96 
4290 42.96 
4300 43.02 
4310 43.08 
4320 43.08 
4330 43.08 
4340 43.14 
4350 43.14 
4360 43.2 
4370 43.2 
4380 43.2 
4390 43.2 
4400 43.14 
4410 43.14 
4420 43.14 
4430 43.2 
4440 43.14 
4450 43.14 
4460 43.14 
4470 43.2 
4480 43.2 
4490 43.14 
4500 43.2 
4510 43.14 
4520 43.14 
4530 43.08 
4540 43.08 
4550 43.08 
4560 43.02 
4570 43.02 
4580 43.02 
4590 43.08 
4600 43.02 
4610 43.08 
4620 43.14 
4630 43.14 
4640 43.14 
4650 43.14 
4660 43.14 
4670 43.14 
4680 43.14 
4690 43.08 
4700 43.08 
4710 43.08 
4720 43.02 
4730 43.02 
4740 43.02 
4750 43.02 
4760 43.02 
4770 42.96 
4780 42.96 
4790 43.02 
4800 43.02 
4810 42.96 
4820 42.96 
4830 42.96 
4840 42.96 
4850 42.96 
4860 42.96 
4870 42.96 
4880 42.96 
4890 42.96 
4900 43.02 
4910 43.02 
4920 43.02 
4930 43.02 
4940 42.92 
4950 42.92 
4960 42.92 
4970 42.92 
4980 42.92 
4990 42.86 
5000 42.8 
5010 42.8 
5020 42.8 
5030 42.8 
5040 42.9 
5050 42.9 
5060 42.9 
5070 42.9 
5080 42.9 
5090 42.9 
5100 42.9 
5110 42.9 
5120 42.9 
5130 42.9 
5140 42.9 
5150 42.9 
5160 42.9 
5170 42.96 
5180 43.02 
5190 43.02 
5200 43.02 
5210 43.02 
5220 43.02 
5230 43.02 
5240 43.02 
5250 43.02 
5260 43.02 
5270 42.96 
5280 42.85 
5290 42.85 
5300 42.85 
5310 42.85 
5320 42.8 
5330 42.8 
5340 42.86 
5350 42.86 
5360 42.86 
5370 42.86 
5380 42.91 
5390 42.91 
5400 42.97 
5410 42.97 
5420 43.08 
5430 43.08 
5440 43.02 
5450 43.02 
5460 43.02 
5470 43.02 
5480 43.02 
5490 43.02 
5500 42.96 
5510 42.96 
5520 42.9 
5530 42.9 
5540 42.9 
5550 42.9 
5560 42.9 
5570 42.9 
5580 42.9 
5590 42.9 
5600 42.96 
5610 42.96 
5620 42.96 
5630 42.96 
5640 42.96 
5650 42.96 
5660 42.96 
5670 42.96 
5680 42.96 
5690 42.96 
5700 42.9 
5710 42.9 
5720 42.9 
5730 42.9 
5740 42.96 
5750 43.02 
5760 43.08 
5770 43.19 
5780 43.25 
5790 43.36 
5800 43.42 
5810 43.53 
5820 43.64 
5830 43.75 
5840 43.8 
5850 43.85 
5860 43.9 
5870 43.9 
5880 43.9 
5890 43.9 
5900 43.95 
5910 43.9 
5920 43.9 
5930 43.85 
5940 43.85 
5950 43.8 
5960 43.75 
5970 43.75 
5980 43.8 
5990 43.75 
6000 43.7 
6010 43.75 
6020 43.7 
6030 43.75 
6040 43.75 
6050 43.8 
6060 43.8 
6070 43.8 
6080 43.75 
6090 43.75 
6100 43.8 
6110 43.75 
6120 43.75 
6130 43.7 
6140 43.7 
6150 43.65 
6160 43.65 
6170 43.65 
6180 43.7 
6190 43.7 
6200 43.65 
6210 43.65 
6220 43.7 
6230 43.64 
6240 43.64 
6250 43.64 
6260 43.69 
6270 43.64 
6280 43.64 
6290 43.58 
6300 43.63 
6310 43.68 
6320 43.68 
6330 43.79 
6340 43.79 
6350 43.73 
6360 43.62 
6370 43.62 
6380 43.57 
6390 43.63 
6400 43.58 
6410 43.53 
6420 43.48 
6430 43.43 
6440 43.38 
6450 43.38 
6460 43.44 
6470 43.38 
6480 43.38 
6490 43.38 
6500 43.38 
6510 43.38 
6520 43.38 
6530 43.32 
6540 43.32 
6550 43.43 
6560 43.48 
6570 43.59 
6580 43.59 
6590 43.59 
6600 43.59 
6610 43.64 
6620 43.64 
6630 43.7 
6640 43.7 
6650 43.65 
6660 43.54 
6670 43.54 
6680 43.59 
6690 43.59 
6700 43.53 
6710 43.48 
6720 43.48 
6730 43.53 
6740 43.53 
6750 43.53 
6760 43.64 
6770 43.59 
6780 43.54 
6790 43.54 
6800 43.6 
6810 43.6 
6820 43.65 
6830 43.6 
6840 43.6 
6850 43.54 
6860 43.49 
6870 43.49 
6880 43.43 
6890 43.43 
6900 43.43 
6910 43.43 
6920 43.38 
6930 43.38 
6940 43.38 
6950 43.38 
6960 43.43 
6970 43.43 
6980 43.49 
6990 43.49 
7000 43.43 
7010 43.37 
7020 43.37 
7030 43.37 
7040 43.31 
7050 43.31 
7060 43.26 
7070 43.26 
7080 43.26 
7090 43.31 
7100 43.37 
7110 43.37 
7120 43.37 
7130 43.37 
7140 43.37 
7150 43.43 
7160 43.43 
7170 43.43 
7180 43.43 
7190 43.38 
7200 43.38 
7210 43.38 
7220 43.32 
7230 43.32 
7240 43.38 
7250 43.38 
7260 43.43 
7270 43.43 
7280 43.43 
7290 43.43 
7300 43.43 
7310 43.49 
7320 43.49 
7330 43.43 
7340 43.37 
7350 43.37 
7360 43.32 
7370 43.26 
7380 43.26 
7390 43.26 
7400 43.26 
7410 43.2 
7420 43.26 
7430 43.37 
7440 43.43 
7450 43.43 
7460 43.43 
7470 43.49 
7480 43.49 
7490 43.43 
7500 43.37 
7510 43.43 
7520 43.43 
7530 43.38 
7540 43.38 
7550 43.38 
7560 43.32 
7570 43.26 
7580 43.2 
7590 43.26 
7600 43.37 
7610 43.37 
7620 43.31 
7630 43.31 
7640 43.31 
7650 43.31 
7660 43.37 
7670 43.43 
7680 43.49 
7690 43.43 
7700 43.38 
7710 43.38 
7720 43.38 
7730 43.38 
7740 43.32 
7750 43.32 
7760 43.26 
7770 43.2 
7780 43.14 
7790 43.25 
7800 43.25 
7810 43.19 
7820 43.25 
7830 43.25 
7840 43.31 
7850 43.25 
7860 43.25 
7870 43.31 
7880 43.31 
7890 43.26 
7900 43.26 
7910 43.26 
7920 43.26 
7930 43.26 
7940 43.31 
7950 43.37 
7960 43.43 
7970 43.48 
7980 43.54 
7990 43.54 
8000 43.59 
8010 43.7 
8020 43.7 
8030 43.7 
8040 43.65 
8050 43.7 
8060 43.7 
8070 43.65 
8080 43.7 
8090 43.7 
8100 43.65 
8110 43.6 
8120 43.65 
8130 43.59 
8140 43.59 
8150 43.59 
8160 43.59 
8170 43.59 
8180 43.54 
8190 43.54 
8200 43.48 
8210 43.53 
8220 43.53 
8230 43.53 
8240 43.58 
8250 43.53 
8260 43.53 
8270 43.53 
8280 43.58 
8290 43.63 
8300 43.69 
8310 43.58 
8320 43.58 
8330 43.64 
8340 43.53 
8350 43.53 
8360 43.63 
8370 43.68 
8380 43.68 
8390 43.68 
8400 43.73 
8410 43.84 
8420 43.84 
8430 43.89 
8440 44 
8450 44.05 
8460 44.05 
8470 44.1 
8480 44.1 
8490 44.1 
8500 44.1 
8510 44.15 
8520 44.2 
8530 44.2 
8540 44.2 
8550 44.2 
8560 44.15 
8570 44.15 
8580 44.15 
8590 44.15 
8600 44.26 
8610 44.26 
8620 44.32 
8630 44.37 
8640 44.42 
8650 44.42 
8660 44.47 
8670 44.53 
8680 44.53 
8690 44.53 
8700 44.53 
8710 44.59 
8720 44.59 
8730 44.54 
8740 44.54 
8750 44.54 
8760 44.49 
8770 44.49 
8780 44.54 
8790 44.65 
8800 44.54 
8810 44.48 
8820 44.42 
8830 44.47 
8840 44.47 
8850 44.58 
8860 44.69 
8870 44.63 
8880 44.63 
8890 44.57 
8900 44.62 
8910 44.62 
8920 44.62 
8930 44.62 
8940 44.62 
8950 44.62 
8960 44.62 
8970 44.62 
8980 44.68 
8990 44.63 
9000 44.69 
9010 44.64 
9020 44.64 
9030 44.64 
9040 44.7 
9050 44.7 
9060 44.59 
9070 44.65 
9080 44.65 
9090 44.76 
9100 44.76 
9110 44.81 
9120 44.81 
9130 44.81 
9140 44.75 
9150 44.69 
9160 44.8 
9170 44.8 
9180 44.69 
9190 44.69 
9200 44.69 
9210 44.69 
9220 44.64 
9230 44.7 
9240 44.76 
9250 44.71 
9260 44.71 
9270 44.65 
9280 44.76 
9290 44.65 
9300 44.59 
9310 44.65 
9320 44.7 
9330 44.7 
9340 44.7 
9350 44.7 
9360 44.64 
9370 44.7 
9380 44.64 
9390 44.75 
9400 44.81 
9410 44.81 
9420 44.81 
9430 44.81 
9440 44.81 
9450 44.92 
9460 44.92 
9470 44.86 
9480 44.92 
9490 44.86 
9500 44.8 
9510 44.74 
9520 44.8 
9530 44.69 
9540 44.69 
9550 44.58 
9560 44.64 
9570 44.64 
9580 44.64 
9590 44.64 
9600 44.7 
9610 44.65 
9620 44.65 
9630 44.76 
9640 44.7 
9650 44.81 
9660 44.81 
9670 44.87 
9680 44.87 
9690 44.93 
9700 44.93 
9710 44.98 
9720 44.92 
9730 44.86 
9740 44.92 
9750 44.92 
9760 44.92 
9770 44.92 
9780 44.86 
9790 44.86 
9800 44.8 
9810 44.8 
9820 44.86 
9830 44.92 
9840 44.81 
9850 44.75 
9860 44.75 
9870 44.64 
9880 44.7 
9890 44.7 
9900 44.76 
9910 44.82 
9920 44.82 
9930 44.82 
9940 44.93 
9950 44.99 
9960 44.99 
9970 45.1 
9980 45.1 
9990 45.1 
10000 45.1 
10010 45.1 
10020 45.1 
10030 45.1 
10040 45.1 
10050 45.1 
10060 45.04 
10070 45.04 
10080 45.04 
10090 44.98 
10100 44.98 
10110 44.92 
10120 44.86 
10130 44.86 
10140 44.8 
10150 44.8 
10160 44.86 
10170 44.86 
10180 44.86 
10190 44.86 
10200 44.8 
10210 44.86 
10220 44.92 
10230 44.92 
10240 44.98 
10250 44.98 
10260 44.98 
10270 44.98 
10280 44.98 
10290 45.04 
10300 44.99 
10310 44.99 
10320 44.99 
10330 44.99 
10340 44.93 
10350 44.93 
10360 44.93 
10370 44.93 
10380 44.87 
10390 44.87 
10400 44.98 
10410 44.98 
10420 44.98 
10430 44.98 
10440 44.98 
10450 44.92 
10460 44.92 
10470 44.92 
10480 44.98 
10490 44.98 
10500 44.98 
10510 44.98 
10520 44.92 
10530 44.92 
10540 44.98 
10550 45.04 
10560 45.04 
10570 44.98 
10580 44.98 
10590 44.98 
10600 44.98 
10610 44.98 
10620 45.04 
10630 45.04 
10640 44.98 
10650 44.92 
10660 44.86 
10670 44.92 
10680 44.86 
10690 44.86 
10700 44.8 
10710 44.74 
10720 44.74 
10730 44.74 
10740 44.74 
10750 44.74 
10760 44.74 
10770 44.68 
10780 44.74 
10790 44.68 
10800 44.74 
10810 44.74 
10820 44.74 
10830 44.68 
10840 44.68 
10850 44.74 
10860 44.8 
10870 44.86 
10880 44.86 
10890 44.86 
10900 44.86 
10910 44.92 
10920 44.92 
10930 44.74 
10940 44.68 
10950 44.74 
10960 44.68 
10970 44.74 
10980 44.74 
10990 44.74 
11000 44.68 