10 48.64 
20 53.69 
30 52.72 
40 51.86 
50 51.33 
60 51.01 
70 50.74 
80 50.47 
90 50.37 
100 50.37 
110 50.26 
120 50.15 
130 50.15 
140 50.04 
150 49.98 
160 49.87 
170 49.82 
180 49.77 
190 49.66 
200 49.6 
210 49.55 
220 49.6 
230 49.55 
240 49.55 
250 49.5 
260 49.5 
270 49.5 
280 49.5 
290 49.5 
300 49.45 
310 49.45 
320 49.4 
330 49.4 
340 49.35 
350 49.35 
360 49.35 
370 49.35 
380 49.35 
390 49.4 
400 49.4 
410 49.4 
420 49.4 
430 49.4 
440 49.5 
450 49.5 
460 49.55 
470 49.6 
480 49.6 
490 49.55 
500 49.55 
510 49.6 
520 49.65 
530 49.7 
540 49.7 
550 49.7 
560 49.65 
570 49.6 
580 49.6 
590 49.6 
600 49.65 
610 49.6 
620 49.6 
630 49.55 
640 49.5 
650 49.5 
660 49.55 
670 49.6 
680 49.65 
690 49.65 
700 49.6 
710 49.71 
720 49.77 
730 49.82 
740 49.87 
750 49.98 
760 49.93 
770 49.99 
780 50.05 
790 50.1 
800 50.15 
810 50.15 
820 50.09 
830 50.09 
840 50.15 
850 50.09 
860 50.09 
870 50.03 
880 50.03 
890 50.14 
900 50.14 
910 50.08 
920 50.03 
930 50.03 
940 50.03 
950 50.09 
960 50.2 
970 50.26 
980 50.26 
990 50.21 
1000 50.27 
1010 50.33 
1020 50.38 
1030 50.44 
1040 50.44 
1050 50.44 
1060 50.44 
1070 50.38 
1080 50.38 
1090 50.38 
1100 50.38 
1110 50.38 
1120 50.44 
1130 50.44 
1140 50.44 
1150 50.44 
1160 50.44 
1170 50.5 
1180 50.5 
1190 50.5 
1200 50.55 
1210 50.55 
1220 50.55 
1230 50.6 
1240 50.65 
1250 50.65 
1260 50.65 
1270 50.59 
1280 50.59 
1290 50.59 
1300 50.54 
1310 50.54 
1320 50.59 
1330 50.54 
1340 50.49 
1350 50.49 
1360 50.49 
1370 50.55 
1380 50.55 
1390 50.55 
1400 50.55 
1410 50.55 
1420 50.5 
1430 50.5 
1440 50.5 
1450 50.5 
1460 50.5 
1470 50.5 
1480 50.5 
1490 50.44 
1500 50.44 
1510 50.44 
1520 50.44 
1530 50.44 
1540 50.38 
1550 50.38 
1560 50.43 
1570 50.43 
1580 50.43 
1590 50.43 
1600 50.43 
1610 50.43 
1620 50.53 
1630 50.53 
1640 50.59 
1650 50.59 
1660 50.54 
1670 50.54 
1680 50.54 
1690 50.54 
1700 50.54 
1710 50.54 
1720 50.44 
1730 50.49 
1740 50.49 
1750 50.49 
1760 50.54 
1770 50.43 
1780 50.43 
1790 50.49 
1800 50.49 
1810 50.43 
1820 50.43 
1830 50.38 
1840 50.43 
1850 50.43 
1860 50.38 
1870 50.49 
1880 50.49 
1890 50.43 
1900 50.43 
1910 50.49 
1920 50.43 
1930 50.37 
1940 50.32 
1950 50.32 
1960 50.32 
1970 50.26 
1980 50.26 
1990 50.32 
2000 50.32 
2010 50.32 
2020 50.38 
2030 50.44 
2040 50.44 
2050 50.38 
2060 50.38 
2070 50.38 
2080 50.32 
2090 50.32 
2100 50.32 
2110 50.32 
2120 50.32 
2130 50.26 
2140 50.26 
2150 50.32 
2160 50.32 
2170 50.32 
2180 50.32 
2190 50.32 
2200 50.32 
2210 50.26 
2220 50.26 
2230 50.26 
2240 50.26 
2250 50.26 
2260 50.26 
2270 50.32 
2280 50.27 
2290 50.27 
2300 50.21 
2310 50.21 
2320 50.15 
2330 50.21 
2340 50.15 
2350 50.09 
2360 50.09 
2370 50.09 
2380 50.14 
2390 50.03 
2400 50.03 
2410 50.03 
2420 50.03 
2430 50.03 
2440 50.09 
2450 50.15 
2460 50.15 
2470 50.09 
2480 50.15 
2490 50.2 
2500 50.2 
2510 50.2 
2520 50.15 
2530 50.09 
2540 50.03 
2550 50.03 
2560 50.03 
2570 50.03 
2580 50.03 
2590 50.09 
2600 50.15 
2610 50.1 
2620 50.21 
2630 50.27 
2640 50.27 
2650 50.27 
2660 50.21 
2670 50.21 
2680 50.15 
2690 50.15 
2700 50.09 
2710 50.09 
2720 50.03 
2730 49.97 
2740 49.97 
2750 49.91 
2760 49.91 
2770 49.91 
2780 49.91 
2790 49.85 
2800 49.8 
2810 49.85 
2820 49.8 
2830 49.8 
2840 49.75 
2850 49.7 
2860 49.65 
2870 49.65 
2880 49.65 
2890 49.65 
2900 49.7 
2910 49.7 
2920 49.7 
2930 49.65 
2940 49.7 
2950 49.75 
2960 49.75 
2970 49.75 
2980 49.7 
2990 49.65 
3000 49.6 
3010 49.55 
3020 49.55 
3030 49.55 
3040 49.5 
3050 49.45 
3060 49.45 
3070 49.4 
3080 49.4 
3090 49.4 
3100 49.4 
3110 49.45 
3120 49.45 
3130 49.45 
3140 49.45 
3150 49.45 
3160 49.45 
3170 49.45 
3180 49.45 
3190 49.45 
3200 49.45 
3210 49.4 
3220 49.4 
3230 49.4 
3240 49.4 
3250 49.4 
3260 49.4 
3270 49.4 
3280 49.4 
3290 49.4 
3300 49.4 
3310 49.4 
3320 49.4 
3330 49.4 
3340 49.4 
3350 49.4 
3360 49.4 
3370 49.4 
3380 49.4 
3390 49.4 
3400 49.4 
3410 49.4 
3420 49.4 
3430 49.4 
3440 49.4 
3450 49.4 
3460 49.4 
3470 49.4 
3480 49.4 
3490 49.4 
3500 49.35 
3510 49.35 
3520 49.35 
3530 49.35 
3540 49.35 
3550 49.35 
3560 49.35 
3570 49.35 
3580 49.35 
3590 49.35 
3600 49.4 
3610 49.4 
3620 49.4 
3630 49.4 
3640 49.4 
3650 49.4 
3660 49.45 
3670 49.45 
3680 49.45 
3690 49.45 
3700 49.45 
3710 49.45 
3720 49.45 
3730 49.45 
3740 49.45 
3750 49.45 
3760 49.35 
3770 49.35 
3780 49.35 
3790 49.35 
3800 49.35 
3810 49.35 
3820 49.35 
3830 49.35 
3840 49.35 
3850 49.24 
3860 49.29 
3870 49.29 
3880 49.29 
3890 49.29 
3900 49.29 
3910 49.24 
3920 49.24 
3930 49.24 
3940 49.24 
3950 49.35 
3960 49.3 
3970 49.3 
3980 49.3 
3990 49.3 
4000 49.3 
4010 49.24 
4020 49.24 
4030 49.19 
4040 49.19 
4050 49.19 
4060 49.24 
4070 49.24 
4080 49.24 
4090 49.24 
4100 49.24 
4110 49.35 
4120 49.35 
4130 49.4 
4140 49.4 
4150 49.4 
4160 49.4 
4170 49.4 
4180 49.4 
4190 49.4 
4200 49.4 
4210 49.4 
4220 49.4 
4230 49.4 
4240 49.4 
4250 49.4 
4260 49.4 
4270 49.4 
4280 49.4 
4290 49.4 
4300 49.4 
4310 49.4 
4320 49.4 
4330 49.4 
4340 49.4 
4350 49.4 
4360 49.4 
4370 49.4 
4380 49.4 
4390 49.4 
4400 49.4 
4410 49.4 
4420 49.4 
4430 49.4 
4440 49.35 
4450 49.3 
4460 49.3 
4470 49.19 
4480 49.08 
4490 49.03 
4500 48.92 
4510 48.92 
4520 48.87 
4530 48.87 
4540 48.92 
4550 48.97 
4560 48.97 
4570 49.03 
4580 49.14 
4590 49.19 
4600 49.25 
4610 49.25 
4620 49.25 
4630 49.25 
4640 49.2 
4650 49.2 
4660 49.2 
4670 49.25 
4680 49.25 
4690 49.25 
4700 49.3 
4710 49.25 
4720 49.3 
4730 49.3 
4740 49.35 
4750 49.35 
4760 49.35 
4770 49.35 
4780 49.35 
4790 49.24 
4800 49.24 
4810 49.29 
4820 49.29 
4830 49.29 
4840 49.29 
4850 49.24 
4860 49.24 
4870 49.24 
4880 49.19 
4890 49.3 
4900 49.3 
4910 49.3 
4920 49.3 
4930 49.3 
4940 49.3 
4950 49.35 
4960 49.24 
4970 49.24 
4980 49.29 
4990 49.29 
5000 49.29 
5010 49.29 
5020 49.29 
5030 49.29 
5040 49.24 
5050 49.24 
5060 49.24 
5070 49.24 
5080 49.24 
5090 49.24 
5100 49.24 
5110 49.13 
5120 49.13 
5130 49.13 
5140 49.07 
5150 49.07 
5160 49.18 
5170 49.18 
5180 49.18 
5190 49.18 
5200 49.13 
5210 49.24 
5220 49.24 
5230 49.19 
5240 49.19 
5250 49.19 
5260 49.19 
5270 49.14 
5280 49.09 
5290 48.98 
5300 49.03 
5310 49.03 
5320 48.98 
5330 49.03 
5340 49.09 
5350 49.04 
5360 49.04 
5370 49.04 
5380 49.09 
5390 49.15 
5400 49.1 
5410 49.1 
5420 49.15 
5430 49.15 
5440 49.15 
5450 49.09 
5460 48.98 
5470 49.03 
5480 49.03 
5490 49.08 
5500 49.08 
5510 49.08 
5520 49.03 
5530 49.03 
5540 49.08 
5550 49.19 
5560 49.3 
5570 49.25 
5580 49.25 
5590 49.14 
5600 49.19 
5610 49.14 
5620 49.08 
5630 49.03 
5640 49.03 
5650 49.03 
5660 48.98 
5670 48.98 
5680 48.93 
5690 49.04 
5700 48.93 
5710 48.98 
5720 49.04 
5730 49.04 
5740 49.04 
5750 49.04 
5760 49.09 
5770 49.14 
5780 49.24 
5790 49.24 
5800 49.35 
5810 49.35 
5820 49.4 
5830 49.45 
5840 49.45 
5850 49.5 
5860 49.61 
5870 49.66 
5880 49.72 
5890 49.77 
5900 49.82 
5910 49.87 
5920 49.92 
5930 50.03 
5940 50.14 
5950 50.09 
5960 50.03 
5970 50.03 
5980 49.92 
5990 49.92 
6000 49.87 
6010 49.82 
6020 49.77 
6030 49.66 
6040 49.6 
6050 49.6 
6060 49.6 
6070 49.55 
6080 49.55 
6090 49.5 
6100 49.5 
6110 49.5 
6120 49.5 
6130 49.5 
6140 49.45 
6150 49.45 
6160 49.45 
6170 49.45 
6180 49.5 
6190 49.5 
6200 49.5 
6210 49.5 
6220 49.5 
6230 49.5 
6240 49.5 
6250 49.5 
6260 49.45 
6270 49.45 
6280 49.45 
6290 49.45 
6300 49.45 
6310 49.5 
6320 49.5 
6330 49.5 
6340 49.5 
6350 49.5 
6360 49.55 
6370 49.55 
6380 49.5 
6390 49.5 
6400 49.5 
6410 49.45 
6420 49.45 
6430 49.45 
6440 49.45 
6450 49.45 
6460 49.4 
6470 49.4 
6480 49.4 
6490 49.35 
6500 49.35 
6510 49.35 
6520 49.35 
6530 49.35 
6540 49.35 
6550 49.35 
6560 49.35 
6570 49.35 
6580 49.4 
6590 49.45 
6600 49.5 
6610 49.5 
6620 49.5 
6630 49.55 
6640 49.55 
6650 49.55 
6660 49.55 
6670 49.55 
6680 49.5 
6690 49.5 
6700 49.45 
6710 49.45 
6720 49.45 
6730 49.4 
6740 49.4 
6750 49.4 
6760 49.4 
6770 49.45 
6780 49.45 
6790 49.45 
6800 49.5 
6810 49.5 
6820 49.5 
6830 49.5 
6840 49.5 
6850 49.5 
6860 49.5 
6870 49.45 
6880 49.45 
6890 49.45 
6900 49.45 
6910 49.45 
6920 49.45 
6930 49.45 
6940 49.45 
6950 49.45 
6960 49.45 
6970 49.45 
6980 49.45 
6990 49.45 
7000 49.4 
7010 49.4 
7020 49.4 
7030 49.4 
7040 49.4 
7050 49.45 
7060 49.45 
7070 49.45 
7080 49.5 
7090 49.5 
7100 49.5 
7110 49.5 
7120 49.5 
7130 49.5 
7140 49.5 
7150 49.45 
7160 49.45 
7170 49.45 
7180 49.4 
7190 49.4 
7200 49.4 
7210 49.4 
7220 49.45 
7230 49.45 
7240 49.45 
7250 49.45 
7260 49.45 
7270 49.45 
7280 49.45 
7290 49.45 
7300 49.45 
7310 49.45 
7320 49.4 
7330 49.4 
7340 49.4 
7350 49.4 
7360 49.4 
7370 49.4 
7380 49.4 
7390 49.4 
7400 49.4 
7410 49.35 
7420 49.35 
7430 49.35 
7440 49.35 
7450 49.35 
7460 49.35 
7470 49.35 
7480 49.35 
7490 49.35 
7500 49.35 
7510 49.4 
7520 49.4 
7530 49.4 
7540 49.4 
7550 49.4 
7560 49.4 
7570 49.4 
7580 49.4 
7590 49.4 
7600 49.45 
7610 49.45 
7620 49.45 
7630 49.45 
7640 49.45 
7650 49.45 
7660 49.45 
7670 49.45 
7680 49.45 
7690 49.5 
7700 49.45 
7710 49.45 
7720 49.45 
7730 49.45 
7740 49.45 
7750 49.45 
7760 49.45 
7770 49.45 
7780 49.45 
7790 49.4 
7800 49.4 
7810 49.4 
7820 49.4 
7830 49.4 
7840 49.4 
7850 49.4 
7860 49.4 
7870 49.4 
7880 49.4 
7890 49.45 
7900 49.45 
7910 49.45 
7920 49.45 
7930 49.45 
7940 49.5 
7950 49.5 
7960 49.5 
7970 49.5 
7980 49.5 
7990 49.45 
8000 49.45 
8010 49.45 
8020 49.45 
8030 49.45 
8040 49.4 
8050 49.4 
8060 49.4 
8070 49.4 
8080 49.4 
8090 49.45 
8100 49.5 
8110 49.5 
8120 49.5 
8130 49.5 
8140 49.5 
8150 49.55 
8160 49.55 
8170 49.55 
8180 49.6 
8190 49.55 
8200 49.55 
8210 49.55 
8220 49.55 
8230 49.55 
8240 49.55 
8250 49.5 
8260 49.5 
8270 49.5 
8280 49.45 
8290 49.45 
8300 49.4 
8310 49.4 
8320 49.45 
8330 49.45 
8340 49.45 
8350 49.5 
8360 49.5 
8370 49.5 
8380 49.5 
8390 49.5 
8400 49.55 
8410 49.6 
8420 49.55 
8430 49.6 
8440 49.71 
8450 49.66 
8460 49.71 
8470 49.76 
8480 49.76 
8490 49.81 
8500 49.87 
8510 49.93 
8520 50.04 
8530 50.04 
8540 49.98 
8550 50.09 
8560 50.15 
8570 50.21 
8580 50.32 
8590 50.32 
8600 50.32 
8610 50.26 
8620 50.26 
8630 50.32 
8640 50.38 
8650 50.38 
8660 50.32 
8670 50.32 
8680 50.32 
8690 50.38 
8700 50.38 
8710 50.44 
8720 50.44 
8730 50.44 
8740 50.49 
8750 50.49 
8760 50.6 
8770 50.6 
8780 50.6 
8790 50.6 
8800 50.6 
8810 50.6 
8820 50.65 
8830 50.65 
8840 50.6 
8850 50.65 
8860 50.6 
8870 50.6 
8880 50.6 
8890 50.54 
8900 50.54 
8910 50.54 
8920 50.49 
8930 50.49 
8940 50.54 
8950 50.59 
8960 50.59 
8970 50.59 
8980 50.64 
8990 50.64 
9000 50.64 
9010 50.69 
9020 50.69 
9030 50.69 
9040 50.64 
9050 50.54 
9060 50.54 
9070 50.59 
9080 50.54 
9090 50.65 
9100 50.65 
9110 50.65 
9120 50.65 
9130 50.65 
9140 50.65 
9150 50.65 
9160 50.7 
9170 50.75 
9180 50.8 
9190 50.75 
9200 50.8 
9210 50.85 
9220 50.85 
9230 50.85 
9240 50.85 
9250 50.85 
9260 50.8 
9270 50.7 
9280 50.65 
9290 50.65 
9300 50.6 
9310 50.5 
9320 50.5 
9330 50.55 
9340 50.55 
9350 50.55 
9360 50.55 
9370 50.55 
9380 50.55 
9390 50.55 
9400 50.55 
9410 50.55 
9420 50.55 
9430 50.55 
9440 50.55 
9450 50.55 
9460 50.55 
9470 50.55 
9480 50.55 
9490 50.55 
9500 50.55 
9510 50.55 
9520 50.55 
9530 50.6 
9540 50.7 
9550 50.7 
9560 50.7 
9570 50.7 
9580 50.7 
9590 50.75 
9600 50.8 
9610 50.8 
9620 50.8 
9630 50.75 
9640 50.7 
9650 50.7 
9660 50.7 
9670 50.75 
9680 50.8 
9690 50.75 
9700 50.7 
9710 50.7 
9720 50.7 
9730 50.65 
9740 50.6 
9750 50.6 
9760 50.65 
9770 50.6 
9780 50.55 
9790 50.6 
9800 50.54 
9810 50.54 
9820 50.64 
9830 50.64 
9840 50.69 
9850 50.69 
9860 50.64 
9870 50.64 
9880 50.64 
9890 50.64 
9900 50.75 
9910 50.69 
9920 50.59 
9930 50.59 
9940 50.54 
9950 50.54 
9960 50.54 
9970 50.59 
9980 50.59 
9990 50.54 
10000 50.49 
10010 50.55 
10020 50.55 
10030 50.6 
10040 50.65 
10050 50.7 
10060 50.7 
10070 50.7 
10080 50.7 
10090 50.7 
10100 50.7 
10110 50.7 
10120 50.7 
10130 50.65 
10140 50.65 
10150 50.6 
10160 50.6 
10170 50.55 
10180 50.6 
10190 50.6 
10200 50.65 
10210 50.65 
10220 50.65 
10230 50.75 
10240 50.7 
10250 50.75 
10260 50.8 
10270 50.8 
10280 50.75 
10290 50.85 
10300 50.9 
10310 50.9 
10320 50.9 
10330 50.8 
10340 50.8 
10350 50.75 
10360 50.7 
10370 50.7 
10380 50.7 
10390 50.65 
10400 50.65 
10410 50.75 
10420 50.8 
10430 50.8 
10440 50.8 
10450 50.9 
10460 50.9 
10470 50.9 
10480 50.9 
10490 50.95 
10500 50.95 
10510 50.9 
10520 50.9 
10530 51 
10540 51 
10550 50.95 
10560 50.95 
10570 51 
10580 51.1 
10590 51.05 
10600 50.95 
10610 50.9 
10620 50.9 
10630 50.8 
10640 50.8 
10650 50.8 
10660 50.8 
10670 50.75 
10680 50.65 
10690 50.6 
10700 50.65 
10710 50.65 
10720 50.65 
10730 50.65 
10740 50.7 
10750 50.75 
10760 50.75 
10770 50.8 
10780 50.85 
10790 50.85 
10800 50.8 
10810 50.9 
10820 50.85 
10830 50.95 
10840 51 
10850 50.9 
10860 50.95 
10870 50.95 
10880 50.9 
10890 51 
10900 51.1 
10910 51.1 
10920 51.15 
10930 50.75 
10940 50.65 
10950 50.6 
10960 50.65 
10970 50.65 
10980 50.65 
10990 50.65 
11000 50.7 