10 43.27 
20 48.1 
30 48.1 
40 48.15 
50 48.2 
60 48.31 
70 48.31 
80 48.37 
90 48.43 
100 48.43 
110 48.54 
120 48.54 
130 48.54 
140 48.54 
150 48.54 
160 48.48 
170 48.48 
180 48.42 
190 48.36 
200 48.42 
210 48.36 
220 48.36 
230 48.36 
240 48.36 
250 48.36 
260 48.36 
270 48.36 
280 48.36 
290 48.36 
300 48.3 
310 48.3 
320 48.3 
330 48.3 
340 48.36 
350 48.36 
360 48.36 
370 48.36 
380 48.36 
390 48.36 
400 48.36 
410 48.36 
420 48.36 
430 48.36 
440 48.3 
450 48.3 
460 48.3 
470 48.3 
480 48.3 
490 48.36 
500 48.36 
510 48.36 
520 48.36 
530 48.36 
540 48.36 
550 48.36 
560 48.36 
570 48.42 
580 48.42 
590 48.47 
600 48.47 
610 48.47 
620 48.47 
630 48.47 
640 48.47 
650 48.47 
660 48.47 
670 48.41 
680 48.47 
690 48.36 
700 48.42 
710 48.42 
720 48.42 
730 48.42 
740 48.42 
750 48.48 
760 48.54 
770 48.54 
780 48.48 
790 48.48 
800 48.42 
810 48.42 
820 48.42 
830 48.48 
840 48.54 
850 48.48 
860 48.42 
870 48.42 
880 48.42 
890 48.42 
900 48.48 
910 48.48 
920 48.48 
930 48.42 
940 48.36 
950 48.36 
960 48.36 
970 48.36 
980 48.36 
990 48.36 
1000 48.3 
1010 48.3 
1020 48.3 
1030 48.3 
1040 48.3 
1050 48.3 
1060 48.3 
1070 48.25 
1080 48.25 
1090 48.25 
1100 48.25 
1110 48.31 
1120 48.31 
1130 48.31 
1140 48.31 
1150 48.31 
1160 48.31 
1170 48.42 
1180 48.42 
1190 48.42 
1200 48.42 
1210 48.36 
1220 48.36 
1230 48.42 
1240 48.42 
1250 48.42 
1260 48.42 
1270 48.36 
1280 48.36 
1290 48.36 
1300 48.42 
1310 48.42 
1320 48.42 
1330 48.36 
1340 48.36 
1350 48.36 
1360 48.36 
1370 48.47 
1380 48.47 
1390 48.47 
1400 48.47 
1410 48.47 
1420 48.47 
1430 48.47 
1440 48.47 
1450 48.47 
1460 48.47 
1470 48.36 
1480 48.36 
1490 48.36 
1500 48.3 
1510 48.41 
1520 48.41 
1530 48.47 
1540 48.53 
1550 48.53 
1560 48.53 
1570 48.59 
1580 48.65 
1590 48.76 
1600 48.82 
1610 48.77 
1620 48.88 
1630 48.93 
1640 48.93 
1650 48.93 
1660 48.93 
1670 48.87 
1680 48.81 
1690 48.7 
1700 48.64 
1710 48.64 
1720 48.59 
1730 48.48 
1740 48.48 
1750 48.59 
1760 48.7 
1770 48.7 
1780 48.81 
1790 48.92 
1800 49.03 
1810 49.08 
1820 49.02 
1830 49.08 
1840 49.08 
1850 49.08 
1860 49.03 
1870 49.03 
1880 49.03 
1890 49.03 
1900 48.98 
1910 48.87 
1920 48.93 
1930 48.98 
1940 48.98 
1950 48.98 
1960 48.98 
1970 49.09 
1980 49.09 
1990 49.04 
2000 49.09 
2010 49.15 
2020 49.2 
2030 49.09 
2040 49.09 
2050 49.09 
2060 49.03 
2070 48.98 
2080 48.98 
2090 48.98 
2100 48.93 
2110 48.93 
2120 48.93 
2130 48.93 
2140 48.87 
2150 48.87 
2160 48.87 
2170 48.87 
2180 48.76 
2190 48.81 
2200 48.81 
2210 48.81 
2220 48.76 
2230 48.76 
2240 48.82 
2250 48.77 
2260 48.83 
2270 48.83 
2280 48.94 
2290 48.89 
2300 48.89 
2310 48.89 
2320 48.89 
2330 48.89 
2340 48.89 
2350 48.89 
2360 48.83 
2370 48.77 
2380 48.72 
2390 48.77 
2400 48.71 
2410 48.65 
2420 48.65 
2430 48.76 
2440 48.81 
2450 48.86 
2460 48.97 
2470 49.08 
2480 49.02 
2490 49.02 
2500 49.13 
2510 49.13 
2520 49.18 
2530 49.18 
2540 49.18 
2550 49.13 
2560 49.08 
2570 49.08 
2580 49.08 
2590 49.08 
2600 49.03 
2610 49.09 
2620 49.09 
2630 49.09 
2640 48.98 
2650 48.98 
2660 49.03 
2670 48.92 
2680 48.98 
2690 48.87 
2700 48.92 
2710 48.92 
2720 48.92 
2730 48.92 
2740 48.92 
2750 48.86 
2760 48.86 
2770 48.97 
2780 48.97 
2790 48.97 
2800 48.97 
2810 49.02 
2820 49.02 
2830 48.91 
2840 48.97 
2850 49.03 
2860 48.92 
2870 48.81 
2880 48.75 
2890 48.81 
2900 48.81 
2910 48.81 
2920 48.7 
2930 48.7 
2940 48.64 
2950 48.64 
2960 48.64 
2970 48.7 
2980 48.7 
2990 48.64 
3000 48.59 
3010 48.59 
3020 48.59 
3030 48.59 
3040 48.59 
3050 48.53 
3060 48.53 
3070 48.47 
3080 48.47 
3090 48.47 
3100 48.52 
3110 48.52 
3120 48.58 
3130 48.58 
3140 48.69 
3150 48.75 
3160 48.81 
3170 48.92 
3180 49.03 
3190 49.09 
3200 48.98 
3210 48.93 
3220 48.98 
3230 48.98 
3240 48.93 
3250 48.87 
3260 48.87 
3270 48.76 
3280 48.71 
3290 48.71 
3300 48.71 
3310 48.65 
3320 48.6 
3330 48.66 
3340 48.66 
3350 48.66 
3360 48.6 
3370 48.66 
3380 48.66 
3390 48.66 
3400 48.66 
3410 48.72 
3420 48.66 
3430 48.66 
3440 48.66 
3450 48.66 
3460 48.72 
3470 48.66 
3480 48.6 
3490 48.54 
3500 48.6 
3510 48.6 
3520 48.6 
3530 48.6 
3540 48.65 
3550 48.76 
3560 48.7 
3570 48.81 
3580 48.87 
3590 48.93 
3600 48.98 
3610 48.98 
3620 48.98 
3630 48.98 
3640 48.87 
3650 48.76 
3660 48.76 
3670 48.71 
3680 48.71 
3690 48.71 
3700 48.66 
3710 48.66 
3720 48.77 
3730 48.77 
3740 48.83 
3750 48.94 
3760 48.94 
3770 48.99 
3780 49.04 
3790 49.09 
3800 49.14 
3810 49.14 
3820 49.09 
3830 49.14 
3840 49.14 
3850 49.03 
3860 49.03 
3870 48.98 
3880 48.98 
3890 48.87 
3900 48.82 
3910 48.82 
3920 48.76 
3930 48.76 
3940 48.76 
3950 48.82 
3960 48.88 
3970 48.93 
3980 48.82 
3990 48.82 
4000 48.76 
4010 48.7 
4020 48.7 
4030 48.59 
4040 48.59 
4050 48.59 
4060 48.53 
4070 48.53 
4080 48.64 
4090 48.7 
4100 48.76 
4110 48.82 
4120 48.82 
4130 48.88 
4140 48.82 
4150 48.82 
4160 48.93 
4170 48.93 
4180 48.88 
4190 48.88 
4200 48.93 
4210 48.87 
4220 48.93 
4230 48.93 
4240 48.93 
4250 48.87 
4260 48.76 
4270 48.65 
4280 48.65 
4290 48.59 
4300 48.54 
4310 48.6 
4320 48.54 
4330 48.48 
4340 48.59 
4350 48.7 
4360 48.7 
4370 48.76 
4380 48.81 
4390 48.92 
4400 48.92 
4410 48.92 
4420 49.03 
4430 49.14 
4440 49.14 
4450 49.03 
4460 49.14 
4470 49.19 
4480 49.08 
4490 49.03 
4500 49.03 
4510 49.03 
4520 49.03 
4530 48.98 
4540 48.93 
4550 48.93 
4560 48.88 
4570 48.77 
4580 48.77 
4590 48.77 
4600 48.71 
4610 48.71 
4620 48.6 
4630 48.54 
4640 48.59 
4650 48.65 
4660 48.7 
4670 48.7 
4680 48.81 
4690 48.81 
4700 48.92 
4710 48.92 
4720 48.98 
4730 48.98 
4740 48.98 
4750 48.92 
4760 48.87 
4770 48.93 
4780 48.82 
4790 48.76 
4800 48.76 
4810 48.76 
4820 48.81 
4830 48.92 
4840 48.87 
4850 48.98 
4860 48.92 
4870 48.97 
4880 49.08 
4890 49.19 
4900 49.19 
4910 49.24 
4920 49.13 
4930 49.08 
4940 49.02 
4950 48.91 
4960 48.97 
4970 48.86 
4980 48.86 
4990 48.81 
5000 48.76 
5010 48.71 
5020 48.71 
5030 48.71 
5040 48.77 
5050 48.77 
5060 48.77 
5070 48.77 
5080 48.66 
5090 48.66 
5100 48.66 
5110 48.6 
5120 48.6 
5130 48.6 
5140 48.54 
5150 48.54 
5160 48.59 
5170 48.65 
5180 48.65 
5190 48.65 
5200 48.65 
5210 48.71 
5220 48.77 
5230 48.71 
5240 48.71 
5250 48.71 
5260 48.66 
5270 48.66 
5280 48.66 
5290 48.6 
5300 48.6 
5310 48.54 
5320 48.54 
5330 48.6 
5340 48.71 
5350 48.77 
5360 48.71 
5370 48.76 
5380 48.76 
5390 48.87 
5400 48.87 
5410 48.87 
5420 48.81 
5430 48.75 
5440 48.64 
5450 48.64 
5460 48.64 
5470 48.59 
5480 48.59 
5490 48.59 
5500 48.64 
5510 48.75 
5520 48.86 
5530 48.97 
5540 48.97 
5550 49.02 
5560 49.13 
5570 49.07 
5580 49.07 
5590 49.07 
5600 48.96 
5610 48.91 
5620 48.8 
5630 48.69 
5640 48.8 
5650 48.75 
5660 48.64 
5670 48.64 
5680 48.64 
5690 48.53 
5700 48.64 
5710 48.64 
5720 48.64 
5730 48.7 
5740 48.7 
5750 48.64 
5760 48.7 
5770 48.76 
5780 48.76 
5790 48.82 
5800 48.77 
5810 48.77 
5820 48.77 
5830 48.71 
5840 48.71 
5850 48.77 
5860 48.71 
5870 48.71 
5880 48.82 
5890 48.82 
5900 48.82 
5910 48.87 
5920 48.98 
5930 48.98 
5940 48.87 
5950 48.87 
5960 48.93 
5970 48.87 
5980 48.76 
5990 48.76 
6000 48.81 
6010 48.76 
6020 48.65 
6030 48.71 
6040 48.71 
6050 48.65 
6060 48.59 
6070 48.59 
6080 48.59 
6090 48.59 
6100 48.48 
6110 48.48 
6120 48.48 
6130 48.48 
6140 48.54 
6150 48.54 
6160 48.6 
6170 48.6 
6180 48.66 
6190 48.6 
6200 48.66 
6210 48.6 
6220 48.6 
6230 48.6 
6240 48.54 
6250 48.54 
6260 48.48 
6270 48.54 
6280 48.48 
6290 48.54 
6300 48.54 
6310 48.6 
6320 48.66 
6330 48.66 
6340 48.72 
6350 48.78 
6360 48.84 
6370 48.78 
6380 48.84 
6390 48.78 
6400 48.72 
6410 48.72 
6420 48.66 
6430 48.71 
6440 48.65 
6450 48.59 
6460 48.53 
6470 48.53 
6480 48.47 
6490 48.47 
6500 48.47 
6510 48.41 
6520 48.41 
6530 48.36 
6540 48.42 
6550 48.53 
6560 48.53 
6570 48.53 
6580 48.53 
6590 48.53 
6600 48.64 
6610 48.75 
6620 48.86 
6630 48.91 
6640 48.85 
6650 48.8 
6660 48.8 
6670 48.8 
6680 48.86 
6690 48.86 
6700 48.81 
6710 48.7 
6720 48.65 
6730 48.65 
6740 48.65 
6750 48.59 
6760 48.65 
6770 48.71 
6780 48.71 
6790 48.71 
6800 48.76 
6810 48.82 
6820 48.82 
6830 48.77 
6840 48.88 
6850 48.94 
6860 48.88 
6870 48.88 
6880 48.88 
6890 48.94 
6900 48.89 
6910 48.94 
6920 48.94 
6930 48.94 
6940 48.83 
6950 48.88 
6960 48.88 
6970 48.93 
6980 48.87 
6990 48.87 
7000 48.81 
7010 48.81 
7020 48.86 
7030 48.86 
7040 48.86 
7050 48.81 
7060 48.81 
7070 48.7 
7080 48.76 
7090 48.7 
7100 48.76 
7110 48.76 
7120 48.71 
7130 48.65 
7140 48.76 
7150 48.7 
7160 48.76 
7170 48.87 
7180 48.87 
7190 48.87 
7200 48.87 
7210 48.82 
7220 48.82 
7230 48.93 
7240 48.82 
7250 48.88 
7260 48.82 
7270 48.71 
7280 48.65 
7290 48.71 
7300 48.71 
7310 48.65 
7320 48.59 
7330 48.48 
7340 48.54 
7350 48.54 
7360 48.54 
7370 48.65 
7380 48.65 
7390 48.65 
7400 48.59 
7410 48.7 
7420 48.76 
7430 48.76 
7440 48.76 
7450 48.81 
7460 48.87 
7470 48.76 
7480 48.76 
7490 48.76 
7500 48.87 
7510 48.82 
7520 48.82 
7530 48.88 
7540 48.82 
7550 48.77 
7560 48.82 
7570 48.88 
7580 48.88 
7590 48.88 
7600 48.83 
7610 48.77 
7620 48.82 
7630 48.76 
7640 48.76 
7650 48.7 
7660 48.7 
7670 48.7 
7680 48.76 
7690 48.76 
7700 48.76 
7710 48.87 
7720 48.76 
7730 48.76 
7740 48.82 
7750 48.88 
7760 48.88 
7770 48.82 
7780 48.76 
7790 48.76 
7800 48.76 
7810 48.71 
7820 48.77 
7830 48.83 
7840 48.77 
7850 48.77 
7860 48.66 
7870 48.72 
7880 48.83 
7890 48.83 
7900 48.77 
7910 48.71 
7920 48.71 
7930 48.76 
7940 48.82 
7950 48.87 
7960 48.98 
7970 49.03 
7980 48.98 
7990 48.98 
8000 49.04 
8010 49.1 
8020 49.15 
8030 49.04 
8040 49.09 
8050 49.04 
8060 48.99 
8070 48.88 
8080 48.88 
8090 48.88 
8100 48.93 
8110 48.98 
8120 48.93 
8130 49.04 
8140 48.93 
8150 48.87 
8160 48.81 
8170 48.87 
8180 48.87 
8190 48.81 
8200 48.81 
8210 48.81 
8220 48.75 
8230 48.64 
8240 48.64 
8250 48.7 
8260 48.76 
8270 48.76 
8280 48.76 
8290 48.87 
8300 48.82 
8310 48.71 
8320 48.71 
8330 48.71 
8340 48.77 
8350 48.77 
8360 48.77 
8370 48.77 
8380 48.71 
8390 48.6 
8400 48.65 
8410 48.76 
8420 48.87 
8430 48.98 
8440 48.98 
8450 49.03 
8460 48.97 
8470 49.02 
8480 49.13 
8490 49.24 
8500 49.19 
8510 49.08 
8520 48.97 
8530 48.92 
8540 48.92 
8550 48.87 
8560 48.87 
8570 48.82 
8580 48.71 
8590 48.6 
8600 48.54 
8610 48.6 
8620 48.66 
8630 48.6 
8640 48.6 
8650 48.65 
8660 48.65 
8670 48.65 
8680 48.71 
8690 48.71 
8700 48.71 
8710 48.65 
8720 48.59 
8730 48.59 
8740 48.53 
8750 48.53 
8760 48.59 
8770 48.59 
8780 48.53 
8790 48.53 
8800 48.59 
8810 48.65 
8820 48.71 
8830 48.77 
8840 48.77 
8850 48.66 
8860 48.66 
8870 48.66 
8880 48.66 
8890 48.72 
8900 48.66 
8910 48.66 
8920 48.6 
8930 48.65 
8940 48.71 
8950 48.77 
8960 48.77 
8970 48.77 
8980 48.77 
8990 48.71 
9000 48.77 
9010 48.77 
9020 48.83 
9030 48.83 
9040 48.83 
9050 48.77 
9060 48.71 
9070 48.65 
9080 48.65 
9090 48.65 
9100 48.65 
9110 48.65 
9120 48.7 
9130 48.7 
9140 48.7 
9150 48.81 
9160 48.87 
9170 48.98 
9180 49.09 
9190 49.2 
9200 49.25 
9210 49.25 
9220 49.2 
9230 49.15 
9240 49.15 
9250 49.04 
9260 49.09 
9270 49.09 
9280 49.04 
9290 48.99 
9300 48.94 
9310 48.88 
9320 48.88 
9330 48.82 
9340 48.87 
9350 48.87 
9360 48.76 
9370 48.65 
9380 48.59 
9390 48.59 
9400 48.59 
9410 48.65 
9420 48.7 
9430 48.7 
9440 48.7 
9450 48.81 
9460 48.81 
9470 48.92 
9480 48.98 
9490 49.03 
9500 48.97 
9510 49.02 
9520 48.97 
9530 49.03 
9540 48.92 
9550 48.81 
9560 48.87 
9570 48.87 
9580 48.92 
9590 48.92 
9600 49.03 
9610 48.98 
9620 48.98 
9630 48.92 
9640 48.98 
9650 49.09 
9660 49.09 
9670 49.04 
9680 49.04 
9690 49.04 
9700 48.93 
9710 48.87 
9720 48.92 
9730 48.98 
9740 49.03 
9750 49.03 
9760 48.97 
9770 49.02 
9780 48.97 
9790 48.86 
9800 48.97 
9810 49.08 
9820 48.97 
9830 48.97 
9840 48.97 
9850 48.92 
9860 48.92 
9870 48.92 
9880 48.97 
9890 49.08 
9900 49.03 
9910 49.03 
9920 49.14 
9930 49.14 
9940 49.14 
9950 49.14 
9960 49.25 
9970 49.2 
9980 49.2 
9990 49.2 
10000 49.25 
10010 49.14 
10020 49.03 
10030 49.08 
10040 49.03 
10050 49.03 
10060 48.92 
10070 48.97 
10080 48.97 
10090 48.86 
10100 48.81 
10110 48.81 
10120 48.92 
10130 48.92 
10140 48.97 
10150 49.02 
10160 49.13 
10170 49.13 
10180 49.08 
10190 49.14 
10200 49.19 
10210 49.25 
10220 49.14 
10230 49.14 
10240 49.09 
10250 49.04 
10260 49.04 
10270 48.99 
10280 49.04 
10290 49.09 
10300 49.09 
10310 49.14 
10320 49.2 
10330 49.2 
10340 49.14 
10350 49.14 
10360 49.03 
10370 49.08 
10380 49.08 
10390 49.08 
10400 49.08 
10410 49.08 
10420 49.13 
10430 49.13 
10440 49.13 
10450 49.18 
10460 49.29 
10470 49.29 
10480 49.29 
10490 49.29 
10500 49.29 
10510 49.18 
10520 49.18 
10530 49.13 
10540 49.24 
10550 49.24 
10560 49.19 
10570 49.14 
10580 49.14 
10590 49.14 
10600 49.14 
10610 49.2 
10620 49.15 
10630 49.15 
10640 49.1 
10650 48.99 
10660 49.04 
10670 49.09 
10680 49.04 
10690 48.99 
10700 48.88 
10710 48.88 
10720 48.93 
10730 48.93 
10740 48.98 
10750 49.09 
10760 49.18 
10770 49.29 
10780 49.29 
10790 49.29 
10800 49.29 
10810 49.29 
10820 49.18 
10830 49.18 
10840 49.13 
10850 49.24 
10860 49.24 
10870 49.19 
10880 49.14 
10890 49.14 
10900 49.14 
10910 49.14 
10920 49.2 
10930 49.15 
10940 49.15 
10950 49.1 
10960 48.99 
10970 49.04 
10980 49.09 
10990 49.04 
11000 48.99 
