10 46.35 
20 51.5 
30 51.5 
40 51.5 
50 51.5 
60 51.5 
70 51.5 
80 51.5 
90 51.56 
100 51.56 
110 51.56 
120 51.56 
130 51.62 
140 51.68 
150 51.68 
160 51.68 
170 51.74 
180 51.74 
190 51.68 
200 51.74 
210 51.74 
220 51.69 
230 51.63 
240 51.57 
250 51.57 
260 51.52 
270 51.46 
280 51.52 
290 51.52 
300 51.46 
310 51.46 
320 51.51 
330 51.51 
340 51.57 
350 51.57 
360 51.62 
370 51.62 
380 51.56 
390 51.56 
400 51.56 
410 51.56 
420 51.51 
430 51.41 
440 51.25 
450 51.25 
460 51.25 
470 51.15 
480 51.05 
490 51.05 
500 51.05 
510 51.05 
520 51.1 
530 51.2 
540 51.3 
550 51.2 
560 51.1 
570 51.2 
580 51.36 
590 51.42 
600 51.42 
610 51.48 
620 51.48 
630 51.48 
640 51.48 
650 51.58 
660 51.68 
670 51.68 
680 51.62 
690 51.56 
700 51.56 
710 51.5 
720 51.5 
730 51.5 
740 51.5 
750 51.5 
760 51.5 
770 51.5 
780 51.5 
790 51.5 
800 51.5 
810 51.5 
820 51.5 
830 51.45 
840 51.45 
850 51.45 
860 51.35 
870 51.25 
880 51.15 
890 51.15 
900 51.05 
910 51.05 
920 51 
930 51.05 
940 51.05 
950 51.05 
960 51.15 
970 51.2 
980 51.3 
990 51.25 
1000 51.25 
1010 51.25 
1020 51.3 
1030 51.3 
1040 51.3 
1050 51.25 
1060 51.2 
1070 51.25 
1080 51.25 
1090 51.3 
1100 51.4 
1110 51.3 
1120 51.25 
1130 51.25 
1140 51.2 
1150 51.25 
1160 51.25 
1170 51.25 
1180 51.25 
1190 51.15 
1200 51.1 
1210 51.15 
1220 51.15 
1230 51.15 
1240 51.2 
1250 51.1 
1260 51.1 
1270 51 
1280 51 
1290 51.1 
1300 51.1 
1310 51.15 
1320 51.2 
1330 51.15 
1340 51.1 
1350 51.1 
1360 51.1 
1370 51.1 
1380 51.1 
1390 51.1 
1400 51.05 
1410 51.05 
1420 51 
1430 51.05 
1440 51 
1450 51 
1460 50.95 
1470 51 
1480 51 
1490 51 
1500 51.1 
1510 51.1 
1520 51.21 
1530 51.27 
1540 51.43 
1550 51.53 
1560 51.69 
1570 51.74 
1580 51.8 
1590 51.86 
1600 51.97 
1610 52.08 
1620 52.13 
1630 52.13 
1640 52.13 
1650 52.19 
1660 52.19 
1670 52.19 
1680 52.13 
1690 52.07 
1700 51.96 
1710 51.85 
1720 51.74 
1730 51.68 
1740 51.68 
1750 51.68 
1760 51.62 
1770 51.62 
1780 51.62 
1790 51.62 
1800 51.57 
1810 51.57 
1820 51.47 
1830 51.47 
1840 51.41 
1850 51.35 
1860 51.25 
1870 51.25 
1880 51.31 
1890 51.31 
1900 51.31 
1910 51.21 
1920 51.26 
1930 51.26 
1940 51.26 
1950 51.21 
1960 51.21 
1970 51.16 
1980 51.1 
1990 51.1 
2000 51.15 
2010 51.15 
2020 51.1 
2030 51.1 
2040 51.05 
2050 51.1 
2060 51.15 
2070 51.2 
2080 51.2 
2090 51.1 
2100 51.1 
2110 51.1 
2120 51.15 
2130 51.15 
2140 51.2 
2150 51.2 
2160 51.31 
2170 51.31 
2180 51.31 
2190 51.41 
2200 51.52 
2210 51.68 
2220 51.73 
2230 51.79 
2240 51.79 
2250 51.85 
2260 51.85 
2270 51.91 
2280 51.97 
2290 52.03 
2300 52.03 
2310 51.97 
2320 51.97 
2330 51.97 
2340 52.03 
2350 52.03 
2360 52.03 
2370 52.08 
2380 52.08 
2390 52.02 
2400 52.02 
2410 52.13 
2420 52.24 
2430 52.24 
2440 52.24 
2450 52.24 
2460 52.24 
2470 52.19 
2480 52.24 
2490 52.3 
2500 52.25 
2510 52.25 
2520 52.25 
2530 52.3 
2540 52.3 
2550 52.3 
2560 52.35 
2570 52.4 
2580 52.29 
2590 52.29 
2600 52.29 
2610 52.24 
2620 52.19 
2630 52.14 
2640 52.19 
2650 52.19 
2660 52.14 
2670 52.09 
2680 52.2 
2690 52.14 
2700 52.19 
2710 52.24 
2720 52.24 
2730 52.29 
2740 52.18 
2750 52.12 
2760 52.17 
2770 52.22 
2780 52.22 
2790 52.28 
2800 52.28 
2810 52.28 
2820 52.28 
2830 52.28 
2840 52.39 
2850 52.5 
2860 52.45 
2870 52.4 
2880 52.4 
2890 52.45 
2900 52.45 
2910 52.45 
2920 52.5 
2930 52.5 
2940 52.5 
2950 52.5 
2960 52.5 
2970 52.5 
2980 52.5 
2990 52.45 
3000 52.45 
3010 52.45 
3020 52.4 
3030 52.35 
3040 52.35 
3050 52.35 
3060 52.35 
3070 52.35 
3080 52.3 
3090 52.35 
3100 52.35 
3110 52.35 
3120 52.35 
3130 52.35 
3140 52.3 
3150 52.3 
3160 52.3 
3170 52.35 
3180 52.4 
3190 52.35 
3200 52.35 
3210 52.3 
3220 52.35 
3230 52.35 
3240 52.35 
3250 52.3 
3260 52.3 
3270 52.19 
3280 52.14 
3290 52.14 
3300 52.14 
3310 52.19 
3320 52.19 
3330 52.24 
3340 52.18 
3350 52.23 
3360 52.28 
3370 52.39 
3380 52.44 
3390 52.44 
3400 52.33 
3410 52.33 
3420 52.33 
3430 52.28 
3440 52.39 
3450 52.45 
3460 52.45 
3470 52.4 
3480 52.4 
3490 52.4 
3500 52.46 
3510 52.41 
3520 52.36 
3530 52.41 
3540 52.36 
3550 52.3 
3560 52.3 
3570 52.35 
3580 52.35 
3590 52.4 
3600 52.4 
3610 52.45 
3620 52.5 
3630 52.5 
3640 52.5 
3650 52.5 
3660 52.5 
3670 52.45 
3680 52.51 
3690 52.51 
3700 52.56 
3710 52.56 
3720 52.56 
3730 52.56 
3740 52.61 
3750 52.5 
3760 52.45 
3770 52.45 
3780 52.39 
3790 52.39 
3800 52.34 
3810 52.29 
3820 52.29 
3830 52.18 
3840 52.07 
3850 52.18 
3860 52.18 
3870 52.23 
3880 52.18 
3890 52.07 
3900 52.12 
3910 52.12 
3920 52.12 
3930 52.23 
3940 52.34 
3950 52.34 
3960 52.39 
3970 52.39 
3980 52.39 
3990 52.45 
4000 52.45 
4010 52.45 
4020 52.45 
4030 52.45 
4040 52.45 
4050 52.4 
4060 52.35 
4070 52.3 
4080 52.24 
4090 52.29 
4100 52.18 
4110 52.23 
4120 52.12 
4130 52.07 
4140 51.96 
4150 51.96 
4160 51.9 
4170 51.9 
4180 51.96 
4190 51.91 
4200 51.97 
4210 51.86 
4220 51.86 
4230 51.8 
4240 51.86 
4250 51.8 
4260 51.91 
4270 51.85 
4280 51.85 
4290 51.85 
4300 51.79 
4310 51.79 
4320 51.85 
4330 51.85 
4340 51.79 
4350 51.79 
4360 51.68 
4370 51.68 
4380 51.62 
4390 51.62 
4400 51.68 
4410 51.68 
4420 51.68 
4430 51.74 
4440 51.74 
4450 51.8 
4460 51.86 
4470 51.92 
4480 51.92 
4490 51.92 
4500 51.86 
4510 51.86 
4520 51.8 
4530 51.85 
4540 51.85 
4550 51.85 
4560 51.79 
4570 51.73 
4580 51.79 
4590 51.73 
4600 51.73 
4610 51.79 
4620 51.85 
4630 51.74 
4640 51.8 
4650 51.8 
4660 51.8 
4670 51.86 
4680 51.8 
4690 51.86 
4700 51.86 
4710 51.8 
4720 51.8 
4730 51.86 
4740 51.91 
4750 51.85 
4760 51.91 
4770 51.91 
4780 51.97 
4790 51.91 
4800 51.97 
4810 52.03 
4820 51.97 
4830 51.91 
4840 51.8 
4850 51.8 
4860 51.8 
4870 51.8 
4880 51.74 
4890 51.74 
4900 51.74 
4910 51.74 
4920 51.8 
4930 51.8 
4940 51.86 
4950 51.86 
4960 51.8 
4970 51.74 
4980 51.74 
4990 51.74 
5000 51.74 
5010 51.74 
5020 51.68 
5030 51.74 
5040 51.74 
5050 51.8 
5060 51.8 
5070 51.8 
5080 51.86 
5090 51.92 
5100 51.86 
5110 51.86 
5120 51.86 
5130 51.86 
5140 51.86 
5150 51.86 
5160 51.86 
5170 51.92 
5180 51.92 
5190 51.92 
5200 51.98 
5210 51.92 
5220 51.98 
5230 51.98 
5240 51.92 
5250 51.92 
5260 51.92 
5270 51.92 
5280 51.97 
5290 51.91 
5300 51.96 
5310 52.07 
5320 52.01 
5330 52.01 
5340 52.07 
5350 52.12 
5360 52.18 
5370 52.18 
5380 52.13 
5390 52.19 
5400 52.08 
5410 52.03 
5420 52.09 
5430 52.09 
5440 52.09 
5450 51.98 
5460 51.98 
5470 51.98 
5480 51.98 
5490 51.98 
5500 52.09 
5510 52.14 
5520 52.14 
5530 52.19 
5540 52.3 
5550 52.41 
5560 52.46 
5570 52.51 
5580 52.56 
5590 52.61 
5600 52.67 
5610 52.73 
5620 52.84 
5630 52.84 
5640 52.84 
5650 52.9 
5660 52.9 
5670 52.96 
5680 53.02 
5690 53.08 
5700 53.13 
5710 53.07 
5720 53.01 
5730 53.07 
5740 53.07 
5750 53.01 
5760 53.07 
5770 53.07 
5780 53.12 
5790 53.06 
5800 52.95 
5810 53.06 
5820 53.06 
5830 53.11 
5840 53.11 
5850 53.17 
5860 53.17 
5870 53.22 
5880 53.22 
5890 53.33 
5900 53.44 
5910 53.44 
5920 53.55 
5930 53.5 
5940 53.5 
5950 53.5 
5960 53.5 
5970 53.5 
5980 53.5 
5990 53.5 
6000 53.45 
6010 53.34 
6020 53.34 
6030 53.39 
6040 53.44 
6050 53.49 
6060 53.54 
6070 53.54 
6080 53.54 
6090 53.54 
6100 53.54 
6110 53.65 
6120 53.65 
6130 53.6 
6140 53.6 
6150 53.6 
6160 53.6 
6170 53.6 
6180 53.6 
6190 53.6 
6200 53.65 
6210 53.65 
6220 53.65 
6230 53.65 
6240 53.65 
6250 53.65 
6260 53.65 
6270 53.65 
6280 53.65 
6290 53.65 
6300 53.65 
6310 53.6 
6320 53.6 
6330 53.65 
6340 53.65 
6350 53.65 
6360 53.65 
6370 53.65 
6380 53.65 
6390 53.65 
6400 53.65 
6410 53.7 
6420 53.7 
6430 53.65 
6440 53.65 
6450 53.65 
6460 53.65 
6470 53.6 
6480 53.6 
6490 53.6 
6500 53.6 
6510 53.55 
6520 53.55 
6530 53.6 
6540 53.6 
6550 53.6 
6560 53.55 
6570 53.6 
6580 53.6 
6590 53.55 
6600 53.55 
6610 53.6 
6620 53.55 
6630 53.55 
6640 53.55 
6650 53.55 
6660 53.6 
6670 53.6 
6680 53.6 
6690 53.65 
6700 53.65 
6710 53.65 
6720 53.7 
6730 53.7 
6740 53.7 
6750 53.65 
6760 53.65 
6770 53.65 
6780 53.65 
6790 53.65 
6800 53.65 
6810 53.65 
6820 53.65 
6830 53.65 
6840 53.65 
6850 53.7 
6860 53.65 
6870 53.65 
6880 53.65 
6890 53.65 
6900 53.65 
6910 53.65 
6920 53.65 
6930 53.65 
6940 53.65 
6950 53.65 
6960 53.7 
6970 53.75 
6980 53.75 
6990 53.75 
7000 53.8 
7010 53.8 
7020 53.85 
7030 53.85 
7040 53.85 
7050 53.9 
7060 53.9 
7070 53.9 
7080 53.95 
7090 54 
7100 53.95 
7110 54 
7120 54 
7130 54 
7140 54.11 
7150 54.11 
7160 54.22 
7170 54.28 
7180 54.28 
7190 54.18 
7200 54.07 
7210 53.97 
7220 53.81 
7230 53.65 
7240 53.38 
7250 53.17 
7260 52.84 
7270 52.62 
7280 52.35 
7290 52.24 
7300 52.13 
7310 51.96 
7320 51.85 
7330 51.85 
7340 51.79 
7350 51.68 
7360 51.58 
7370 51.53 
7380 51.43 
7390 51.43 
7400 51.38 
7410 51.38 
7420 51.38 
7430 51.38 
7440 51.38 
7450 51.43 
7460 51.43 
7470 51.32 
7480 51.32 
7490 51.21 
7500 51.26 
7510 51.32 
7520 51.32 
7530 51.26 
7540 51.26 
7550 51.26 
7560 51.36 
7570 51.36 
7580 51.36 
7590 51.41 
7600 51.36 
7610 51.3 
7620 51.2 
7630 51.1 
7640 51.05 
7650 51.05 
7660 50.95 
7670 50.9 
7680 51 
7690 51 
7700 51.05 
7710 51.05 
7720 51.05 
7730 51.15 
7740 51.2 
7750 51.2 
7760 51.3 
7770 51.4 
7780 51.3 
7790 51.3 
7800 51.3 
7810 51.3 
7820 51.35 
7830 51.35 
7840 51.35 
7850 51.25 
7860 51.15 
7870 51.1 
7880 51.15 
7890 51.15 
7900 51.15 
7910 51.15 
7920 51.2 
7930 51.2 
7940 51.1 
7950 51.1 
7960 51.1 
7970 51.05 
7980 51.1 
7990 51.1 
8000 51.05 
8010 50.95 
8020 50.85 
8030 50.75 
8040 50.75 
8050 50.75 
8060 50.85 
8070 50.95 
8080 50.9 
8090 50.9 
8100 50.9 
8110 50.95 
8120 50.95 
8130 51 
8140 51 
8150 51 
8160 51 
8170 51 
8180 51 
8190 50.9 
8200 50.95 
8210 51 
8220 51 
8230 51.05 
8240 51.05 
8250 51.15 
8260 51.05 
8270 51 
8280 50.95 
8290 51 
8300 50.9 
8310 50.8 
8320 50.8 
8330 50.7 
8340 50.75 
8350 50.75 
8360 50.85 
8370 50.9 
8380 51 
8390 51.05 
8400 51.15 
8410 51.25 
8420 51.35 
8430 51.35 
8440 51.35 
8450 51.25 
8460 51.25 
8470 51.2 
8480 51.2 
8490 51.1 
8500 51.05 
8510 50.95 
8520 50.85 
8530 50.85 
8540 50.8 
8550 50.8 
8560 50.7 
8570 50.65 
8580 50.55 
8590 50.49 
8600 50.44 
8610 50.44 
8620 50.44 
8630 50.44 
8640 50.44 
8650 50.38 
8660 50.43 
8670 50.43 
8680 50.43 
8690 50.49 
8700 50.43 
8710 50.43 
8720 50.48 
8730 50.48 
8740 50.48 
8750 50.54 
8760 50.49 
8770 50.49 
8780 50.49 
8790 50.49 
8800 50.49 
8810 50.49 
8820 50.44 
8830 50.38 
8840 50.38 
8850 50.32 
8860 50.32 
8870 50.37 
8880 50.37 
8890 50.37 
8900 50.48 
8910 50.58 
8920 50.68 
8930 50.84 
8940 50.94 
8950 51 
8960 51.1 
8970 51.15 
8980 51.15 
8990 51.2 
9000 51.2 
9010 51.2 
9020 51.15 
9030 51.15 
9040 51.15 
9050 51.15 
9060 51.1 
9070 51.1 
9080 51.2 
9090 51.15 
9100 51.1 
9110 51.1 
9120 51.1 
9130 51.05 
9140 50.95 
9150 51.05 
9160 51.1 
9170 51.1 
9180 51 
9190 51.05 
9200 51.1 
9210 51 
9220 50.95 
9230 50.95 
9240 51.05 
9250 51 
9260 50.9 
9270 50.9 
9280 51 
9290 51.05 
9300 51 
9310 51.1 
9320 51.2 
9330 51.25 
9340 51.25 
9350 51.25 
9360 51.35 
9370 51.25 
9380 51.15 
9390 51.05 
9400 51.05 
9410 51 
9420 50.9 
9430 50.85 
9440 50.75 
9450 50.7 
9460 50.7 
9470 50.8 
9480 50.85 
9490 50.95 
9500 51.05 
9510 51.05 
9520 51.1 
9530 51.15 
9540 51.2 
9550 51.2 
9560 51.2 
9570 51.1 
9580 51.05 
9590 50.95 
9600 50.9 
9610 50.95 
9620 50.9 
9630 50.8 
9640 50.75 
9650 50.75 
9660 50.7 
9670 50.7 
9680 50.7 
9690 50.7 
9700 50.65 
9710 50.6 
9720 50.6 
9730 50.6 
9740 50.65 
9750 50.65 
9760 50.6 
9770 50.7 
9780 50.7 
9790 50.7 
9800 50.7 
9810 50.65 
9820 50.59 
9830 50.59 
9840 50.54 
9850 50.54 
9860 50.59 
9870 50.49 
9880 50.49 
9890 50.59 
9900 50.59 
9910 50.59 
9920 50.7 
9930 50.75 
9940 50.75 
9950 50.8 
9960 50.75 
9970 50.8 
9980 50.8 
9990 50.75 
10000 50.75 
10010 50.75 
10020 50.7 
10030 50.65 
10040 50.65 
10050 50.65 
10060 50.7 
10070 50.65 
10080 50.65 
10090 50.6 
10100 50.65 
10110 50.65 
10120 50.65 
10130 50.59 
10140 50.59 
10150 50.59 
10160 50.59 
10170 50.59 
10180 50.59 
10190 50.53 
10200 50.48 
10210 50.53 
10220 50.53 
10230 50.59 
10240 50.59 
10250 50.48 
10260 50.43 
10270 50.43 
10280 50.43 
10290 50.49 
10300 50.49 
10310 50.49 
10320 50.59 
10330 50.59 
10340 50.59 
10350 50.65 
10360 50.65 
10370 50.65 
10380 50.65 
10390 50.65 
10400 50.65 
10410 50.6 
10420 50.5 
10430 50.55 
10440 50.55 
10450 50.55 
10460 50.55 
10470 50.6 
10480 50.6 
10490 50.6 
10500 50.6 
10510 50.65 
10520 50.65 
10530 50.6 
10540 50.6 
10550 50.65 
10560 50.7 
10570 50.65 
10580 50.65 
10590 50.65 
10600 50.7 
10610 50.65 
10620 50.65 
10630 50.65 
10640 50.65 
10650 50.6 
10660 50.55 
10670 50.55 
10680 50.55 
10690 50.55 
10700 50.5 
10710 50.5 
10720 50.55 
10730 50.55 
10740 50.55 
10750 50.6 
10760 50.6 
10770 50.6 
10780 50.6 
10790 50.6 
10800 50.6 
10810 50.6 
10820 50.6 
10830 50.6 
10840 50.6 
10850 50.55 
10860 50.55 
10870 50.55 
10880 50.55 
10890 50.49 
10900 50.49 
10910 50.49 
10920 50.6 
10930 50.6 
10940 50.6 
10950 50.6 
10960 50.6 
10970 50.6 
10980 50.55 
10990 50.55 
11000 50.55 