10 40.42 
20 44.93 
30 44.93 
40 44.87 
50 44.87 
60 44.87 
70 44.93 
80 45.04 
90 45.04 
100 45.04 
110 44.93 
120 44.82 
130 44.76 
140 44.82 
150 44.76 
160 44.7 
170 44.64 
180 44.64 
190 44.64 
200 44.64 
210 44.75 
220 44.75 
230 44.75 
240 44.69 
250 44.69 
260 44.64 
270 44.59 
280 44.48 
290 44.37 
300 44.26 
310 44.15 
320 44.2 
330 44.26 
340 44.21 
350 44.27 
360 44.27 
370 44.27 
380 44.27 
390 44.27 
400 44.27 
410 44.27 
420 44.22 
430 44.06 
440 44.01 
450 43.9 
460 43.85 
470 43.85 
480 43.85 
490 43.85 
500 43.8 
510 43.8 
520 43.8 
530 43.85 
540 43.9 
550 43.95 
560 44.05 
570 44.1 
580 44.1 
590 44.1 
600 44.2 
610 44.2 
620 44.2 
630 44.2 
640 44.2 
650 44.15 
660 44.1 
670 44.05 
680 44.05 
690 44 
700 43.95 
710 43.95 
720 43.9 
730 43.9 
740 43.9 
750 43.85 
760 43.8 
770 43.69 
780 43.64 
790 43.64 
800 43.53 
810 43.48 
820 43.42 
830 43.37 
840 43.26 
850 43.31 
860 43.31 
870 43.31 
880 43.25 
890 43.19 
900 43.25 
910 43.3 
920 43.41 
930 43.35 
940 43.41 
950 43.41 
960 43.41 
970 43.41 
980 43.41 
990 43.47 
1000 43.41 
1010 43.36 
1020 43.25 
1030 43.25 
1040 43.25 
1050 43.2 
1060 43.25 
1070 43.31 
1080 43.31 
1090 43.31 
1100 43.37 
1110 43.37 
1120 43.43 
1130 43.54 
1140 43.48 
1150 43.53 
1160 43.48 
1170 43.48 
1180 43.48 
1190 43.53 
1200 43.53 
1210 43.58 
1220 43.63 
1230 43.63 
1240 43.63 
1250 43.58 
1260 43.58 
1270 43.63 
1280 43.63 
1290 43.58 
1300 43.58 
1310 43.53 
1320 43.53 
1330 43.48 
1340 43.54 
1350 43.54 
1360 43.48 
1370 43.48 
1380 43.54 
1390 43.59 
1400 43.64 
1410 43.64 
1420 43.64 
1430 43.69 
1440 43.69 
1450 43.63 
1460 43.69 
1470 43.69 
1480 43.63 
1490 43.58 
1500 43.53 
1510 43.58 
1520 43.53 
1530 43.53 
1540 43.63 
1550 43.74 
1560 43.79 
1570 43.79 
1580 43.95 
1590 44 
1600 44.16 
1610 44.21 
1620 44.26 
1630 44.31 
1640 44.31 
1650 44.42 
1660 44.53 
1670 44.64 
1680 44.64 
1690 44.75 
1700 44.69 
1710 44.69 
1720 44.69 
1730 44.64 
1740 44.59 
1750 44.37 
1760 44.26 
1770 44.1 
1780 44.05 
1790 43.94 
1800 43.84 
1810 43.68 
1820 43.63 
1830 43.58 
1840 43.58 
1850 43.69 
1860 43.69 
1870 43.74 
1880 43.74 
1890 43.74 
1900 43.84 
1910 43.95 
1920 44 
1930 44.05 
1940 44.05 
1950 44.05 
1960 44.05 
1970 44.1 
1980 44.1 
1990 44.1 
2000 44.05 
2010 44.05 
2020 44.05 
2030 43.94 
2040 43.89 
2050 43.84 
2060 43.79 
2070 43.74 
2080 43.74 
2090 43.69 
2100 43.69 
2110 43.69 
2120 43.69 
2130 43.75 
2140 43.91 
2150 43.96 
2160 44.06 
2170 44.17 
2180 44.17 
2190 44.22 
2200 44.22 
2210 44.27 
2220 44.32 
2230 44.48 
2240 44.42 
2250 44.47 
2260 44.47 
2270 44.36 
2280 44.47 
2290 44.58 
2300 44.69 
2310 44.75 
2320 44.81 
2330 44.81 
2340 44.81 
2350 44.87 
2360 44.93 
2370 45.04 
2380 45.04 
2390 45.04 
2400 45.04 
2410 45.04 
2420 45.04 
2430 45.04 
2440 45.1 
2450 45.1 
2460 45.1 
2470 45.1 
2480 45.1 
2490 45.1 
2500 44.99 
2510 44.99 
2520 45.04 
2530 45.04 
2540 45.04 
2550 45.09 
2560 45.09 
2570 45.09 
2580 45.09 
2590 45.09 
2600 45.2 
2610 45.2 
2620 45.15 
2630 45.15 
2640 45.15 
2650 45.1 
2660 45.1 
2670 45.1 
2680 45.1 
2690 45.1 
2700 45.15 
2710 45.15 
2720 45.15 
2730 45.2 
2740 45.2 
2750 45.25 
2760 45.25 
2770 45.25 
2780 45.25 
2790 45.25 
2800 45.2 
2810 45.25 
2820 45.25 
2830 45.2 
2840 45.2 
2850 45.2 
2860 45.2 
2870 45.25 
2880 45.25 
2890 45.3 
2900 45.3 
2910 45.25 
2920 45.25 
2930 45.19 
2940 45.19 
2950 45.14 
2960 45.14 
2970 45.09 
2980 45.09 
2990 45.04 
3000 45.04 
3010 45.04 
3020 44.98 
3030 45.04 
3040 45.04 
3050 45.04 
3060 45.04 
3070 45.09 
3080 45.09 
3090 45.09 
3100 45.09 
3110 45.09 
3120 45.15 
3130 45.15 
3140 45.15 
3150 45.15 
3160 45.15 
3170 45.1 
3180 45.1 
3190 45.1 
3200 45.1 
3210 45.1 
3220 45.1 
3230 45.1 
3240 45.1 
3250 45.1 
3260 45.1 
3270 45.1 
3280 45.1 
3290 45.1 
3300 45.1 
3310 45.1 
3320 45.1 
3330 45.1 
3340 45.1 
3350 45.15 
3360 45.15 
3370 45.15 
3380 45.2 
3390 45.2 
3400 45.2 
3410 45.2 
3420 45.2 
3430 45.2 
3440 45.2 
3450 45.15 
3460 45.2 
3470 45.2 
3480 45.15 
3490 45.15 
3500 45.15 
3510 45.15 
3520 45.15 
3530 45.15 
3540 45.15 
3550 45.2 
3560 45.15 
3570 45.15 
3580 45.15 
3590 45.15 
3600 45.15 
3610 45.2 
3620 45.25 
3630 45.3 
3640 45.3 
3650 45.25 
3660 45.3 
3670 45.35 
3680 45.35 
3690 45.35 
3700 45.4 
3710 45.4 
3720 45.35 
3730 45.3 
3740 45.35 
3750 45.35 
3760 45.3 
3770 45.3 
3780 45.35 
3790 45.35 
3800 45.3 
3810 45.25 
3820 45.25 
3830 45.25 
3840 45.2 
3850 45.2 
3860 45.25 
3870 45.2 
3880 45.15 
3890 45.15 
3900 45.15 
3910 45.2 
3920 45.2 
3930 45.31 
3940 45.36 
3950 45.36 
3960 45.31 
3970 45.31 
3980 45.31 
3990 45.31 
4000 45.31 
4010 45.31 
4020 45.31 
4030 45.25 
4040 45.2 
4050 45.2 
4060 45.2 
4070 45.2 
4080 45.2 
4090 45.25 
4100 45.25 
4110 45.2 
4120 45.25 
4130 45.2 
4140 45.2 
4150 45.2 
4160 45.2 
4170 45.2 
4180 45.2 
4190 45.15 
4200 45.15 
4210 45.2 
4220 45.15 
4230 45.15 
4240 45.15 
4250 45.15 
4260 45.15 
4270 45.15 
4280 45.09 
4290 45.09 
4300 45.09 
4310 45.04 
4320 45.04 
4330 45.04 
4340 45.09 
4350 45.09 
4360 45.09 
4370 45.09 
4380 45.15 
4390 45.09 
4400 45.09 
4410 45.09 
4420 45.09 
4430 45.09 
4440 45.04 
4450 45.04 
4460 45.04 
4470 45.04 
4480 45.04 
4490 45.1 
4500 45.04 
4510 45.04 
4520 45.04 
4530 45.04 
4540 45.09 
4550 45.09 
4560 45.09 
4570 45.09 
4580 45.09 
4590 45.09 
4600 45.15 
4610 45.15 
4620 45.2 
4630 45.2 
4640 45.15 
4650 45.2 
4660 45.2 
4670 45.2 
4680 45.2 
4690 45.2 
4700 45.2 
4710 45.2 
4720 45.15 
4730 45.2 
4740 45.2 
4750 45.15 
4760 45.15 
4770 45.15 
4780 45.2 
4790 45.2 
4800 45.2 
4810 45.2 
4820 45.2 
4830 45.15 
4840 45.15 
4850 45.15 
4860 45.15 
4870 45.15 
4880 45.1 
4890 45.1 
4900 45.1 
4910 45.1 
4920 45.1 
4930 45.15 
4940 45.15 
4950 45.15 
4960 45.15 
4970 45.15 
4980 45.15 
4990 45.15 
5000 45.15 
5010 45.15 
5020 45.2 
5030 45.15 
5040 45.15 
5050 45.15 
5060 45.15 
5070 45.15 
5080 45.15 
5090 45.15 
5100 45.15 
5110 45.15 
5120 45.1 
5130 45.1 
5140 45.1 
5150 45.1 
5160 45.1 
5170 45.1 
5180 45.1 
5190 45.1 
5200 45.1 
5210 45.1 
5220 45.1 
5230 45.1 
5240 45.1 
5250 45.1 
5260 45.1 
5270 45.1 
5280 45.1 
5290 45.1 
5300 45.1 
5310 45.1 
5320 45.15 
5330 45.15 
5340 45.15 
5350 45.2 
5360 45.25 
5370 45.25 
5380 45.25 
5390 45.25 
5400 45.25 
5410 45.25 
5420 45.25 
5430 45.25 
5440 45.25 
5450 45.2 
5460 45.15 
5470 45.15 
5480 45.15 
5490 45.15 
5500 45.15 
5510 45.15 
5520 45.15 
5530 45.15 
5540 45.2 
5550 45.25 
5560 45.3 
5570 45.3 
5580 45.3 
5590 45.3 
5600 45.3 
5610 45.35 
5620 45.3 
5630 45.3 
5640 45.25 
5650 45.2 
5660 45.2 
5670 45.25 
5680 45.3 
5690 45.41 
5700 45.52 
5710 45.58 
5720 45.63 
5730 45.74 
5740 45.79 
5750 45.9 
5760 45.96 
5770 45.96 
5780 46.02 
5790 45.96 
5800 45.9 
5810 45.9 
5820 45.85 
5830 45.79 
5840 45.79 
5850 45.79 
5860 45.79 
5870 45.79 
5880 45.79 
5890 45.79 
5900 45.79 
5910 45.73 
5920 45.78 
5930 45.78 
5940 45.78 
5950 45.72 
5960 45.72 
5970 45.78 
5980 45.72 
5990 45.67 
6000 45.73 
6010 45.79 
6020 45.85 
6030 45.85 
6040 45.91 
6050 45.91 
6060 45.91 
6070 45.91 
6080 45.97 
6090 46.02 
6100 46.02 
6110 46.02 
6120 46.02 
6130 46.02 
6140 46.02 
6150 46.08 
6160 46.08 
6170 46.02 
6180 45.96 
6190 45.96 
6200 45.96 
6210 45.96 
6220 45.96 
6230 46.02 
6240 46.02 
6250 46.02 
6260 45.96 
6270 46.02 
6280 46.08 
6290 46.14 
6300 46.08 
6310 46.08 
6320 46.08 
6330 46.02 
6340 46.02 
6350 46.02 
6360 46.08 
6370 46.08 
6380 46.08 
6390 46.08 
6400 46.14 
6410 46.14 
6420 46.14 
6430 46.2 
6440 46.2 
6450 46.2 
6460 46.14 
6470 46.14 
6480 46.14 
6490 46.14 
6500 46.14 
6510 46.14 
6520 46.19 
6530 46.24 
6540 46.24 
6550 46.24 
6560 46.24 
6570 46.24 
6580 46.24 
6590 46.24 
6600 46.29 
6610 46.29 
6620 46.24 
6630 46.19 
6640 46.19 
6650 46.24 
6660 46.3 
6670 46.3 
6680 46.3 
6690 46.3 
6700 46.25 
6710 46.25 
6720 46.3 
6730 46.3 
6740 46.35 
6750 46.3 
6760 46.3 
6770 46.3 
6780 46.24 
6790 46.24 
6800 46.24 
6810 46.24 
6820 46.19 
6830 46.19 
6840 46.14 
6850 46.19 
6860 46.19 
6870 46.19 
6880 46.25 
6890 46.25 
6900 46.25 
6910 46.25 
6920 46.25 
6930 46.25 
6940 46.25 
6950 46.2 
6960 46.2 
6970 46.2 
6980 46.2 
6990 46.2 
7000 46.2 
7010 46.2 
7020 46.2 
7030 46.2 
7040 46.2 
7050 46.2 
7060 46.2 
7070 46.2 
7080 46.2 
7090 46.2 
7100 46.2 
7110 46.25 
7120 46.3 
7130 46.35 
7140 46.45 
7150 46.55 
7160 46.55 
7170 46.6 
7180 46.6 
7190 46.7 
7200 46.7 
7210 46.7 
7220 46.65 
7230 46.6 
7240 46.5 
7250 46.4 
7260 46.4 
7270 46.24 
7280 46.18 
7290 45.97 
7300 45.86 
7310 45.7 
7320 45.59 
7330 45.48 
7340 45.37 
7350 45.26 
7360 45.09 
7370 45.03 
7380 44.98 
7390 44.87 
7400 44.81 
7410 44.75 
7420 44.69 
7430 44.69 
7440 44.69 
7450 44.69 
7460 44.69 
7470 44.64 
7480 44.53 
7490 44.53 
7500 44.53 
7510 44.53 
7520 44.59 
7530 44.59 
7540 44.53 
7550 44.42 
7560 44.48 
7570 44.53 
7580 44.64 
7590 44.69 
7600 44.69 
7610 44.64 
7620 44.58 
7630 44.52 
7640 44.58 
7650 44.69 
7660 44.69 
7670 44.69 
7680 44.63 
7690 44.63 
7700 44.63 
7710 44.68 
7720 44.74 
7730 44.74 
7740 44.68 
7750 44.68 
7760 44.68 
7770 44.74 
7780 44.8 
7790 44.86 
7800 44.92 
7810 44.98 
7820 44.98 
7830 45.04 
7840 45.1 
7850 44.99 
7860 44.88 
7870 44.77 
7880 44.71 
7890 44.71 
7900 44.65 
7910 44.54 
7920 44.48 
7930 44.48 
7940 44.42 
7950 44.53 
7960 44.53 
7970 44.64 
7980 44.64 
7990 44.53 
8000 44.59 
8010 44.59 
8020 44.59 
8030 44.53 
8040 44.48 
8050 44.48 
8060 44.48 
8070 44.42 
8080 44.48 
8090 44.53 
8100 44.47 
8110 44.47 
8120 44.42 
8130 44.37 
8140 44.42 
8150 44.42 
8160 44.47 
8170 44.42 
8180 44.31 
8190 44.37 
8200 44.37 
8210 44.37 
8220 44.42 
8230 44.53 
8240 44.53 
8250 44.42 
8260 44.37 
8270 44.42 
8280 44.42 
8290 44.31 
8300 44.26 
8310 44.26 
8320 44.21 
8330 44.1 
8340 44.05 
8350 44.05 
8360 44.05 
8370 44 
8380 44 
8390 44 
8400 44 
8410 44 
8420 44 
8430 44 
8440 44 
8450 44.05 
8460 44.05 
8470 44.05 
8480 44.05 
8490 44.05 
8500 44.05 
8510 44.16 
8520 44.21 
8530 44.26 
8540 44.31 
8550 44.26 
8560 44.26 
8570 44.26 
8580 44.26 
8590 44.26 
8600 44.31 
8610 44.2 
8620 44.15 
8630 44.15 
8640 44.1 
8650 44.1 
8660 44.15 
8670 44.2 
8680 44.15 
8690 44.15 
8700 44.1 
8710 44.05 
8720 44.05 
8730 44 
8740 44 
8750 44 
8760 43.95 
8770 43.9 
8780 44 
8790 44.05 
8800 44.05 
8810 44.1 
8820 44.1 
8830 44.1 
8840 44.15 
8850 44.15 
8860 44.15 
8870 44.15 
8880 44.1 
8890 44.1 
8900 44.1 
8910 44.05 
8920 44 
8930 43.95 
8940 43.9 
8950 43.85 
8960 43.8 
8970 43.8 
8980 43.8 
8990 43.7 
9000 43.7 
9010 43.7 
9020 43.64 
9030 43.64 
9040 43.64 
9050 43.64 
9060 43.64 
9070 43.64 
9080 43.53 
9090 43.58 
9100 43.58 
9110 43.58 
9120 43.69 
9130 43.69 
9140 43.64 
9150 43.69 
9160 43.74 
9170 43.74 
9180 43.85 
9190 43.85 
9200 43.85 
9210 43.85 
9220 43.8 
9230 43.8 
9240 43.85 
9250 43.8 
9260 43.69 
9270 43.58 
9280 43.47 
9290 43.36 
9300 43.25 
9310 43.19 
9320 43.13 
9330 43.07 
9340 42.96 
9350 42.9 
9360 42.9 
9370 42.9 
9380 42.9 
9390 42.9 
9400 42.96 
9410 42.96 
9420 42.96 
9430 42.96 
9440 42.96 
9450 43.02 
9460 43.02 
9470 43.02 
9480 43.02 
9490 43.02 
9500 42.96 
9510 42.96 
9520 42.96 
9530 42.96 
9540 43.02 
9550 43.02 
9560 43.02 
9570 43.02 
9580 43.02 
9590 43.02 
9600 43.02 
9610 43.08 
9620 43.08 
9630 43.08 
9640 43.08 
9650 43.08 
9660 43.08 
9670 43.08 
9680 43.14 
9690 43.14 
9700 43.2 
9710 43.14 
9720 43.14 
9730 43.14 
9740 43.14 
9750 43.14 
9760 43.25 
9770 43.36 
9780 43.36 
9790 43.36 
9800 43.3 
9810 43.3 
9820 43.36 
9830 43.36 
9840 43.3 
9850 43.3 
9860 43.25 
9870 43.2 
9880 43.14 
9890 43.2 
9900 43.2 
9910 43.26 
9920 43.26 
9930 43.32 
9940 43.43 
9950 43.43 
9960 43.48 
9970 43.48 
9980 43.59 
9990 43.53 
10000 43.59 
10010 43.59 
10020 43.59 
10030 43.59 
10040 43.59 
10050 43.59 
10060 43.54 
10070 43.54 
10080 43.49 
10090 43.6 
10100 43.54 
10110 43.54 
10120 43.59 
10130 43.64 
10140 43.64 
10150 43.64 
10160 43.69 
10170 43.69 
10180 43.74 
10190 43.74 
10200 43.85 
10210 43.9 
10220 43.9 
10230 43.9 
10240 43.9 
10250 43.95 
10260 43.95 
10270 44 
10280 44 
10290 44 
10300 44 
10310 44 
10320 43.95 
10330 43.9 
10340 43.9 
10350 43.9 
10360 43.9 
10370 43.9 
10380 43.85 
10390 43.8 
10400 43.75 
10410 43.75 
10420 43.75 
10430 43.69 
10440 43.69 
10450 43.69 
10460 43.64 
10470 43.59 
10480 43.59 
10490 43.53 
10500 43.53 
10510 43.53 
10520 43.58 
10530 43.64 
10540 43.59 
10550 43.54 
10560 43.48 
10570 43.48 
10580 43.48 
10590 43.59 
10600 43.59 
10610 43.59 
10620 43.59 
10630 43.64 
10640 43.69 
10650 43.63 
10660 43.69 
10670 43.69 
10680 43.69 
10690 43.64 
10700 43.58 
10710 43.47 
10720 43.36 
10730 43.36 
10740 43.25 
10750 43.31 
10760 43.31 
10770 43.31 
10780 43.25 
10790 43.25 
10800 43.25 
10810 43.31 
10820 43.37 
10830 43.32 
10840 43.43 
10850 43.43 
10860 43.53 
10870 43.53 
10880 43.64 
10890 43.69 
10900 43.8 
10910 43.8 
10920 43.59 
10930 43.59 
10940 43.53 
10950 43.53 
10960 43.53 
10970 43.58 
10980 43.64 
10990 43.59 
11000 43.54 