10 43.37 
20 48.09 
30 47.82 
40 47.6 
50 47.49 
60 47.43 
70 47.32 
80 47.26 
90 47.26 
100 47.26 
110 47.26 
120 47.26 
130 47.26 
140 47.32 
150 47.27 
160 47.27 
170 47.22 
180 47.22 
190 47.11 
200 47.11 
210 47.11 
220 47.11 
230 47.11 
240 47.05 
250 47.05 
260 47.05 
270 47.1 
280 47.1 
290 47.15 
300 47.1 
310 47.1 
320 47.1 
330 47.1 
340 47 
350 47 
360 47 
370 46.9 
380 46.9 
390 46.9 
400 46.95 
410 46.95 
420 46.95 
430 46.95 
440 47.11 
450 47.16 
460 47.11 
470 47.21 
480 47.21 
490 47.21 
500 47.21 
510 47.21 
520 47.21 
530 47.21 
540 47.15 
550 47.15 
560 47.2 
570 47.15 
580 47.1 
590 47.1 
600 47.1 
610 47.1 
620 47.1 
630 47.1 
640 47.1 
650 47.05 
660 47.05 
670 47.1 
680 47.15 
690 47.21 
700 47.16 
710 47.16 
720 47.16 
730 47.16 
740 47.16 
750 47.16 
760 47.16 
770 47.11 
780 47.01 
790 46.9 
800 46.95 
810 46.85 
820 46.85 
830 46.85 
840 46.85 
850 46.9 
860 46.85 
870 46.9 
880 46.95 
890 46.95 
900 46.95 
910 47.05 
920 47.05 
930 47.05 
940 47 
950 47 
960 46.95 
970 46.9 
980 46.95 
990 47 
1000 47 
1010 46.95 
1020 46.9 
1030 46.9 
1040 46.95 
1050 46.95 
1060 47 
1070 47 
1080 46.95 
1090 46.9 
1100 46.85 
1110 46.9 
1120 46.85 
1130 46.75 
1140 46.7 
1150 46.6 
1160 46.6 
1170 46.55 
1180 46.5 
1190 46.5 
1200 46.5 
1210 46.45 
1220 46.5 
1230 46.55 
1240 46.5 
1250 46.6 
1260 46.6 
1270 46.65 
1280 46.65 
1290 46.65 
1300 46.6 
1310 46.55 
1320 46.5 
1330 46.55 
1340 46.6 
1350 46.6 
1360 46.6 
1370 46.65 
1380 46.75 
1390 46.7 
1400 46.75 
1410 46.8 
1420 46.9 
1430 46.9 
1440 46.95 
1450 46.9 
1460 46.95 
1470 46.95 
1480 46.95 
1490 47.05 
1500 47 
1510 47.05 
1520 46.95 
1530 46.85 
1540 46.8 
1550 46.85 
1560 46.85 
1570 46.8 
1580 46.8 
1590 46.8 
1600 46.9 
1610 46.9 
1620 47 
1630 47.16 
1640 47.21 
1650 47.21 
1660 47.21 
1670 47.26 
1680 47.32 
1690 47.32 
1700 47.32 
1710 47.32 
1720 47.32 
1730 47.26 
1740 47.26 
1750 47.26 
1760 47.32 
1770 47.32 
1780 47.21 
1790 47.21 
1800 47.21 
1810 47.21 
1820 47.21 
1830 47.21 
1840 47.21 
1850 47.21 
1860 47.15 
1870 47.15 
1880 47.2 
1890 47.2 
1900 47.2 
1910 47.15 
1920 47.1 
1930 47.05 
1940 47.05 
1950 47.05 
1960 47.05 
1970 47 
1980 47 
1990 46.9 
2000 46.8 
2010 46.8 
2020 46.85 
2030 46.9 
2040 46.85 
2050 46.85 
2060 46.91 
2070 46.96 
2080 46.96 
2090 47.01 
2100 47.06 
2110 47.11 
2120 47.06 
2130 46.96 
2140 46.96 
2150 46.91 
2160 46.85 
2170 46.85 
2180 46.85 
2190 46.9 
2200 46.9 
2210 46.9 
2220 46.9 
2230 47 
2240 47.05 
2250 47 
2260 46.9 
2270 46.85 
2280 46.75 
2290 46.75 
2300 46.75 
2310 46.7 
2320 46.75 
2330 46.75 
2340 46.75 
2350 46.75 
2360 46.85 
2370 46.9 
2380 47 
2390 47 
2400 47.05 
2410 47.1 
2420 47.05 
2430 47.05 
2440 47.05 
2450 47.15 
2460 47.15 
2470 47.15 
2480 47.15 
2490 47.1 
2500 47.1 
2510 47.1 
2520 47.1 
2530 47.1 
2540 47.1 
2550 47.1 
2560 47.1 
2570 47.1 
2580 47.1 
2590 47.21 
2600 47.21 
2610 47.21 
2620 47.26 
2630 47.26 
2640 47.26 
2650 47.26 
2660 47.21 
2670 47.21 
2680 47.21 
2690 47.21 
2700 47.21 
2710 47.21 
2720 47.21 
2730 47.21 
2740 47.21 
2750 47.21 
2760 47.26 
2770 47.26 
2780 47.26 
2790 47.2 
2800 47.2 
2810 47.2 
2820 47.2 
2830 47.2 
2840 47.2 
2850 47.2 
2860 47.26 
2870 47.26 
2880 47.26 
2890 47.26 
2900 47.26 
2910 47.32 
2920 47.32 
2930 47.32 
2940 47.32 
2950 47.38 
2960 47.32 
2970 47.32 
2980 47.38 
2990 47.38 
3000 47.38 
3010 47.32 
3020 47.38 
3030 47.38 
3040 47.38 
3050 47.38 
3060 47.44 
3070 47.55 
3080 47.49 
3090 47.55 
3100 47.61 
3110 47.67 
3120 47.67 
3130 47.67 
3140 47.67 
3150 47.61 
3160 47.55 
3170 47.55 
3180 47.55 
3190 47.49 
3200 47.43 
3210 47.43 
3220 47.43 
3230 47.43 
3240 47.43 
3250 47.43 
3260 47.43 
3270 47.32 
3280 47.32 
3290 47.38 
3300 47.38 
3310 47.32 
3320 47.26 
3330 47.37 
3340 47.43 
3350 47.43 
3360 47.49 
3370 47.49 
3380 47.49 
3390 47.43 
3400 47.43 
3410 47.43 
3420 47.49 
3430 47.44 
3440 47.44 
3450 47.44 
3460 47.38 
3470 47.38 
3480 47.38 
3490 47.44 
3500 47.44 
3510 47.44 
3520 47.38 
3530 47.38 
3540 47.32 
3550 47.32 
3560 47.32 
3570 47.32 
3580 47.38 
3590 47.32 
3600 47.38 
3610 47.44 
3620 47.44 
3630 47.49 
3640 47.55 
3650 47.55 
3660 47.61 
3670 47.67 
3680 47.67 
3690 47.73 
3700 47.67 
3710 47.67 
3720 47.67 
3730 47.56 
3740 47.56 
3750 47.62 
3760 47.62 
3770 47.62 
3780 47.56 
3790 47.56 
3800 47.56 
3810 47.61 
3820 47.72 
3830 47.72 
3840 47.66 
3850 47.6 
3860 47.54 
3870 47.54 
3880 47.54 
3890 47.48 
3900 47.48 
3910 47.43 
3920 47.32 
3930 47.32 
3940 47.38 
3950 47.38 
3960 47.44 
3970 47.38 
3980 47.44 
3990 47.44 
4000 47.44 
4010 47.38 
4020 47.38 
4030 47.44 
4040 47.38 
4050 47.38 
4060 47.32 
4070 47.32 
4080 47.32 
4090 47.32 
4100 47.38 
4110 47.49 
4120 47.55 
4130 47.49 
4140 47.49 
4150 47.49 
4160 47.55 
4170 47.61 
4180 47.66 
4190 47.72 
4200 47.72 
4210 47.61 
4220 47.61 
4230 47.72 
4240 47.83 
4250 47.94 
4260 47.94 
4270 47.88 
4280 47.83 
4290 47.83 
4300 47.83 
4310 47.89 
4320 47.89 
4330 47.84 
4340 47.73 
4350 47.62 
4360 47.62 
4370 47.68 
4380 47.68 
4390 47.62 
4400 47.56 
4410 47.56 
4420 47.56 
4430 47.5 
4440 47.56 
4450 47.56 
4460 47.5 
4470 47.44 
4480 47.44 
4490 47.44 
4500 47.5 
4510 47.5 
4520 47.5 
4530 47.56 
4540 47.5 
4550 47.56 
4560 47.56 
4570 47.62 
4580 47.56 
4590 47.62 
4600 47.56 
4610 47.5 
4620 47.44 
4630 47.38 
4640 47.38 
4650 47.32 
4660 47.32 
4670 47.26 
4680 47.26 
4690 47.2 
4700 47.2 
4710 47.2 
4720 47.2 
4730 47.2 
4740 47.2 
4750 47.2 
4760 47.26 
4770 47.32 
4780 47.32 
4790 47.32 
4800 47.32 
4810 47.32 
4820 47.32 
4830 47.32 
4840 47.32 
4850 47.32 
4860 47.26 
4870 47.2 
4880 47.2 
4890 47.2 
4900 47.2 
4910 47.31 
4920 47.31 
4930 47.31 
4940 47.31 
4950 47.31 
4960 47.37 
4970 47.43 
4980 47.43 
4990 47.43 
5000 47.43 
5010 47.32 
5020 47.32 
5030 47.38 
5040 47.38 
5050 47.38 
5060 47.32 
5070 47.26 
5080 47.32 
5090 47.32 
5100 47.32 
5110 47.38 
5120 47.38 
5130 47.32 
5140 47.32 
5150 47.32 
5160 47.32 
5170 47.32 
5180 47.26 
5190 47.32 
5200 47.32 
5210 47.26 
5220 47.26 
5230 47.26 
5240 47.26 
5250 47.26 
5260 47.32 
5270 47.32 
5280 47.38 
5290 47.38 
5300 47.38 
5310 47.44 
5320 47.5 
5330 47.5 
5340 47.5 
5350 47.56 
5360 47.56 
5370 47.62 
5380 47.56 
5390 47.61 
5400 47.67 
5410 47.61 
5420 47.55 
5430 47.61 
5440 47.67 
5450 47.56 
5460 47.5 
5470 47.44 
5480 47.44 
5490 47.33 
5500 47.33 
5510 47.39 
5520 47.45 
5530 47.39 
5540 47.39 
5550 47.44 
5560 47.5 
5570 47.56 
5580 47.56 
5590 47.56 
5600 47.56 
5610 47.56 
5620 47.61 
5630 47.67 
5640 47.67 
5650 47.73 
5660 47.78 
5670 47.78 
5680 47.84 
5690 47.95 
5700 47.95 
5710 47.95 
5720 47.95 
5730 48 
5740 48 
5750 48.05 
5760 48 
5770 48 
5780 48 
5790 47.95 
5800 48 
5810 47.94 
5820 47.94 
5830 47.89 
5840 47.89 
5850 47.84 
5860 47.89 
5870 47.89 
5880 48 
5890 48.05 
5900 48.05 
5910 48.11 
5920 48.06 
5930 48.06 
5940 48.11 
5950 48.16 
5960 48.16 
5970 48.21 
5980 48.15 
5990 48.15 
6000 48.15 
6010 48.2 
6020 48.2 
6030 48.25 
6040 48.25 
6050 48.25 
6060 48.25 
6070 48.2 
6080 48.26 
6090 48.26 
6100 48.21 
6110 48.21 
6120 48.26 
6130 48.26 
6140 48.26 
6150 48.26 
6160 48.26 
6170 48.37 
6180 48.31 
6190 48.31 
6200 48.36 
6210 48.36 
6220 48.36 
6230 48.36 
6240 48.36 
6250 48.36 
6260 48.36 
6270 48.3 
6280 48.3 
6290 48.3 
6300 48.25 
6310 48.25 
6320 48.25 
6330 48.25 
6340 48.25 
6350 48.25 
6360 48.25 
6370 48.25 
6380 48.25 
6390 48.25 
6400 48.3 
6410 48.3 
6420 48.36 
6430 48.47 
6440 48.42 
6450 48.42 
6460 48.53 
6470 48.53 
6480 48.53 
6490 48.48 
6500 48.54 
6510 48.65 
6520 48.65 
6530 48.54 
6540 48.59 
6550 48.59 
6560 48.54 
6570 48.54 
6580 48.54 
6590 48.65 
6600 48.59 
6610 48.48 
6620 48.42 
6630 48.42 
6640 48.48 
6650 48.54 
6660 48.48 
6670 48.48 
6680 48.54 
6690 48.48 
6700 48.48 
6710 48.54 
6720 48.65 
6730 48.76 
6740 48.7 
6750 48.64 
6760 48.64 
6770 48.64 
6780 48.58 
6790 48.58 
6800 48.58 
6810 48.63 
6820 48.52 
6830 48.47 
6840 48.47 
6850 48.47 
6860 48.47 
6870 48.47 
6880 48.47 
6890 48.53 
6900 48.53 
6910 48.48 
6920 48.54 
6930 48.54 
6940 48.54 
6950 48.54 
6960 48.54 
6970 48.65 
6980 48.65 
6990 48.65 
7000 48.71 
7010 48.65 
7020 48.59 
7030 48.53 
7040 48.64 
7050 48.7 
7060 48.7 
7070 48.65 
7080 48.71 
7090 48.76 
7100 48.76 
7110 48.76 
7120 48.82 
7130 48.88 
7140 48.83 
7150 48.88 
7160 48.99 
7170 48.93 
7180 48.93 
7190 48.93 
7200 48.98 
7210 49.09 
7220 49.14 
7230 49.19 
7240 49.24 
7250 49.24 
7260 49.24 
7270 49.35 
7280 49.35 
7290 49.35 
7300 49.24 
7310 49.13 
7320 49.08 
7330 49.03 
7340 48.98 
7350 48.87 
7360 48.76 
7370 48.65 
7380 48.54 
7390 48.38 
7400 48.33 
7410 48.28 
7420 48.11 
7430 47.94 
7440 47.83 
7450 47.78 
7460 47.73 
7470 47.62 
7480 47.56 
7490 47.56 
7500 47.5 
7510 47.44 
7520 47.44 
7530 47.44 
7540 47.38 
7550 47.32 
7560 47.26 
7570 47.21 
7580 47.21 
7590 47.15 
7600 47.15 
7610 47.21 
7620 47.21 
7630 47.21 
7640 47.21 
7650 47.21 
7660 47.27 
7670 47.38 
7680 47.38 
7690 47.38 
7700 47.44 
7710 47.38 
7720 47.44 
7730 47.44 
7740 47.5 
7750 47.5 
7760 47.44 
7770 47.44 
7780 47.44 
7790 47.44 
7800 47.38 
7810 47.38 
7820 47.38 
7830 47.38 
7840 47.32 
7850 47.38 
7860 47.38 
7870 47.32 
7880 47.38 
7890 47.38 
7900 47.38 
7910 47.38 
7920 47.32 
7930 47.32 
7940 47.38 
7950 47.32 
7960 47.32 
7970 47.32 
7980 47.26 
7990 47.32 
8000 47.32 
8010 47.32 
8020 47.38 
8030 47.38 
8040 47.32 
8050 47.32 
8060 47.27 
8070 47.27 
8080 47.27 
8090 47.16 
8100 47.16 
8110 47.16 
8120 47.1 
8130 47.1 
8140 47.1 
8150 47.05 
8160 47.1 
8170 47.1 
8180 47.1 
8190 47.15 
8200 47.1 
8210 47.05 
8220 47.05 
8230 47.05 
8240 47.05 
8250 47.1 
8260 47.1 
8270 47.1 
8280 47.05 
8290 47.05 
8300 47.1 
8310 47.15 
8320 47.15 
8330 47.15 
8340 47.05 
8350 47 
8360 47 
8370 47 
8380 47.11 
8390 47.11 
8400 47.11 
8410 47.11 
8420 47.11 
8430 47.11 
8440 47.21 
8450 47.26 
8460 47.26 
8470 47.26 
8480 47.2 
8490 47.26 
8500 47.26 
8510 47.32 
8520 47.32 
8530 47.32 
8540 47.38 
8550 47.38 
8560 47.38 
8570 47.38 
8580 47.38 
8590 47.32 
8600 47.32 
8610 47.32 
8620 47.32 
8630 47.32 
8640 47.26 
8650 47.26 
8660 47.26 
8670 47.26 
8680 47.26 
8690 47.26 
8700 47.26 
8710 47.2 
8720 47.2 
8730 47.15 
8740 47.15 
8750 47.1 
8760 47.1 
8770 47.1 
8780 47.05 
8790 47.05 
8800 47 
8810 47 
8820 46.95 
8830 46.95 
8840 46.95 
8850 46.95 
8860 46.95 
8870 46.95 
8880 47 
8890 46.9 
8900 46.85 
8910 46.85 
8920 46.85 
8930 46.8 
8940 46.75 
8950 46.8 
8960 46.8 
8970 46.8 
8980 46.7 
8990 46.75 
9000 46.85 
9010 46.85 
9020 46.85 
9030 46.9 
9040 46.9 
9050 46.9 
9060 46.85 
9070 46.85 
9080 46.95 
9090 47 
9100 46.95 
9110 46.95 
9120 47 
9130 47 
9140 47 
9150 46.95 
9160 46.95 
9170 46.95 
9180 46.85 
9190 46.85 
9200 46.85 
9210 46.75 
9220 46.7 
9230 46.7 
9240 46.65 
9250 46.65 
9260 46.7 
9270 46.7 
9280 46.8 
9290 46.75 
9300 46.8 
9310 46.9 
9320 46.95 
9330 46.95 
9340 47.05 
9350 47 
9360 46.9 
9370 46.9 
9380 46.8 
9390 46.85 
9400 46.75 
9410 46.7 
9420 46.6 
9430 46.55 
9440 46.55 
9450 46.6 
9460 46.7 
9470 46.6 
9480 46.65 
9490 46.6 
9500 46.6 
9510 46.55 
9520 46.65 
9530 46.75 
9540 46.65 
9550 46.7 
9560 46.7 
9570 46.8 
9580 46.85 
9590 46.8 
9600 46.8 
9610 46.8 
9620 46.7 
9630 46.6 
9640 46.7 
9650 46.6 
9660 46.55 
9670 46.55 
9680 46.45 
9690 46.45 
9700 46.5 
9710 46.55 
9720 46.55 
9730 46.55 
9740 46.55 
9750 46.6 
9760 46.55 
9770 46.55 
9780 46.65 
9790 46.65 
9800 46.6 
9810 46.6 
9820 46.6 
9830 46.65 
9840 46.55 
9850 46.55 
9860 46.6 
9870 46.6 
9880 46.6 
9890 46.65 
9900 46.75 
9910 46.8 
9920 46.9 
9930 46.85 
9940 46.85 
9950 46.85 
9960 46.85 
9970 46.8 
9980 46.75 
9990 46.75 
10000 46.7 
10010 46.6 
10020 46.55 
10030 46.55 
10040 46.55 
10050 46.55 
10060 46.5 
10070 46.45 
10080 46.4 
10090 46.4 
10100 46.4 
10110 46.4 
10120 46.35 
10130 46.35 
10140 46.4 
10150 46.35 
10160 46.35 
10170 46.35 
10180 46.35 
10190 46.35 
10200 46.4 
10210 46.4 
10220 46.5 
10230 46.6 
10240 46.55 
10250 46.55 
10260 46.55 
10270 46.55 
10280 46.6 
10290 46.6 
10300 46.55 
10310 46.65 
10320 46.55 
10330 46.45 
10340 46.45 
10350 46.55 
10360 46.6 
10370 46.7 
10380 46.7 
10390 46.65 
10400 46.65 
10410 46.6 
10420 46.6 
10430 46.6 
10440 46.6 
10450 46.6 
10460 46.6 
10470 46.5 
10480 46.45 
10490 46.5 
10500 46.5 
10510 46.45 
10520 46.55 
10530 46.6 
10540 46.6 
10550 46.6 
10560 46.6 
10570 46.7 
10580 46.7 
10590 46.75 
10600 46.7 
10610 46.7 
10620 46.6 
10630 46.49 
10640 46.49 
10650 46.44 
10660 46.39 
10670 46.29 
10680 46.29 
10690 46.19 
10700 46.19 
10710 46.19 
10720 46.29 
10730 46.45 
10740 46.5 
10750 46.45 
10760 46.45 
10770 46.45 
10780 46.45 
10790 46.45 
10800 46.45 
10810 46.45 
10820 46.4 
10830 46.3 
10840 46.25 
10850 46.25 
10860 46.25 
10870 46.35 
10880 46.35 
10890 46.35 
10900 46.35 
10910 46.35 
10920 46.19 
10930 46.19 
10940 46.19 
10950 46.29 
10960 46.45 
10970 46.5 
10980 46.45 
10990 46.45 
11000 46.45 