10 46.64 
20 51.79 
30 51.85 
40 51.85 
50 51.91 
60 51.97 
70 51.97 
80 51.97 
90 51.91 
100 51.91 
110 51.86 
120 51.86 
130 51.86 
140 51.86 
150 51.75 
160 51.75 
170 51.69 
180 51.63 
190 51.63 
200 51.69 
210 51.69 
220 51.75 
230 51.69 
240 51.69 
250 51.8 
260 51.74 
270 51.74 
280 51.74 
290 51.74 
300 51.68 
310 51.62 
320 51.56 
330 51.62 
340 51.68 
350 51.62 
360 51.68 
370 51.74 
380 51.8 
390 51.8 
400 51.8 
410 51.8 
420 51.8 
430 51.74 
440 51.74 
450 51.74 
460 51.74 
470 51.68 
480 51.68 
490 51.63 
500 51.63 
510 51.69 
520 51.75 
530 51.81 
540 51.75 
550 51.75 
560 51.69 
570 51.69 
580 51.63 
590 51.68 
600 51.68 
610 51.62 
620 51.56 
630 51.56 
640 51.56 
650 51.56 
660 51.56 
670 51.56 
680 51.56 
690 51.56 
700 51.56 
710 51.62 
720 51.62 
730 51.56 
740 51.56 
750 51.56 
760 51.56 
770 51.56 
780 51.56 
790 51.56 
800 51.56 
810 51.45 
820 51.45 
830 51.45 
840 51.45 
850 51.45 
860 51.51 
870 51.51 
880 51.46 
890 51.46 
900 51.46 
910 51.51 
920 51.46 
930 51.46 
940 51.46 
950 51.46 
960 51.4 
970 51.4 
980 51.4 
990 51.3 
1000 51.3 
1010 51.3 
1020 51.25 
1030 51.2 
1040 51.2 
1050 51.15 
1060 51.15 
1070 51.15 
1080 51.2 
1090 51.3 
1100 51.25 
1110 51.25 
1120 51.3 
1130 51.3 
1140 51.3 
1150 51.35 
1160 51.35 
1170 51.35 
1180 51.3 
1190 51.2 
1200 51.25 
1210 51.25 
1220 51.3 
1230 51.25 
1240 51.2 
1250 51.2 
1260 51.2 
1270 51.1 
1280 51.15 
1290 51.25 
1300 51.2 
1310 51.2 
1320 51.15 
1330 51.25 
1340 51.3 
1350 51.3 
1360 51.2 
1370 51.2 
1380 51.15 
1390 51.15 
1400 51.1 
1410 51.1 
1420 51.1 
1430 51.1 
1440 51.05 
1450 51.05 
1460 51.15 
1470 51.25 
1480 51.3 
1490 51.3 
1500 51.3 
1510 51.3 
1520 51.35 
1530 51.41 
1540 51.46 
1550 51.46 
1560 51.52 
1570 51.58 
1580 51.64 
1590 51.7 
1600 51.8 
1610 51.91 
1620 52.02 
1630 52.07 
1640 52.18 
1650 52.29 
1660 52.29 
1670 52.29 
1680 52.29 
1690 52.34 
1700 52.45 
1710 52.4 
1720 52.4 
1730 52.35 
1740 52.24 
1750 52.13 
1760 52.07 
1770 52.01 
1780 52.01 
1790 51.9 
1800 51.79 
1810 51.73 
1820 51.62 
1830 51.56 
1840 51.56 
1850 51.62 
1860 51.68 
1870 51.74 
1880 51.68 
1890 51.68 
1900 51.68 
1910 51.74 
1920 51.8 
1930 51.8 
1940 51.8 
1950 51.74 
1960 51.68 
1970 51.62 
1980 51.62 
1990 51.62 
2000 51.62 
2010 51.56 
2020 51.5 
2030 51.5 
2040 51.5 
2050 51.5 
2060 51.5 
2070 51.5 
2080 51.5 
2090 51.5 
2100 51.56 
2110 51.56 
2120 51.56 
2130 51.56 
2140 51.56 
2150 51.56 
2160 51.56 
2170 51.62 
2180 51.62 
2190 51.62 
2200 51.56 
2210 51.62 
2220 51.68 
2230 51.79 
2240 51.85 
2250 51.91 
2260 51.97 
2270 51.97 
2280 52.03 
2290 52.14 
2300 52.25 
2310 52.25 
2320 52.19 
2330 52.14 
2340 52.08 
2350 52.08 
2360 52.08 
2370 52.08 
2380 52.08 
2390 51.97 
2400 51.97 
2410 52.02 
2420 52.13 
2430 52.18 
2440 52.24 
2450 52.24 
2460 52.24 
2470 52.24 
2480 52.24 
2490 52.3 
2500 52.25 
2510 52.25 
2520 52.25 
2530 52.2 
2540 52.2 
2550 52.25 
2560 52.25 
2570 52.19 
2580 52.19 
2590 52.24 
2600 52.29 
2610 52.24 
2620 52.13 
2630 52.13 
2640 52.13 
2650 52.13 
2660 52.13 
2670 52.19 
2680 52.19 
2690 52.14 
2700 52.14 
2710 52.19 
2720 52.25 
2730 52.25 
2740 52.25 
2750 52.25 
2760 52.25 
2770 52.3 
2780 52.35 
2790 52.35 
2800 52.35 
2810 52.3 
2820 52.35 
2830 52.35 
2840 52.35 
2850 52.3 
2860 52.3 
2870 52.3 
2880 52.25 
2890 52.25 
2900 52.25 
2910 52.3 
2920 52.3 
2930 52.35 
2940 52.4 
2950 52.45 
2960 52.5 
2970 52.5 
2980 52.55 
2990 52.55 
3000 52.55 
3010 52.55 
3020 52.55 
3030 52.55 
3040 52.5 
3050 52.5 
3060 52.45 
3070 52.4 
3080 52.4 
3090 52.4 
3100 52.35 
3110 52.24 
3120 52.19 
3130 52.14 
3140 52.19 
3150 52.14 
3160 52.19 
3170 52.19 
3180 52.14 
3190 52.19 
3200 52.24 
3210 52.3 
3220 52.35 
3230 52.4 
3240 52.46 
3250 52.51 
3260 52.51 
3270 52.51 
3280 52.51 
3290 52.51 
3300 52.46 
3310 52.51 
3320 52.51 
3330 52.51 
3340 52.45 
3350 52.51 
3360 52.51 
3370 52.56 
3380 52.61 
3390 52.61 
3400 52.61 
3410 52.56 
3420 52.56 
3430 52.51 
3440 52.51 
3450 52.45 
3460 52.45 
3470 52.51 
3480 52.57 
3490 52.57 
3500 52.62 
3510 52.67 
3520 52.62 
3530 52.62 
3540 52.62 
3550 52.68 
3560 52.74 
3570 52.63 
3580 52.57 
3590 52.57 
3600 52.63 
3610 52.63 
3620 52.68 
3630 52.68 
3640 52.68 
3650 52.57 
3660 52.51 
3670 52.51 
3680 52.46 
3690 52.46 
3700 52.4 
3710 52.46 
3720 52.46 
3730 52.46 
3740 52.46 
3750 52.51 
3760 52.51 
3770 52.45 
3780 52.45 
3790 52.4 
3800 52.4 
3810 52.29 
3820 52.24 
3830 52.29 
3840 52.29 
3850 52.29 
3860 52.29 
3870 52.35 
3880 52.4 
3890 52.45 
3900 52.4 
3910 52.45 
3920 52.45 
3930 52.45 
3940 52.45 
3950 52.45 
3960 52.45 
3970 52.45 
3980 52.45 
3990 52.51 
4000 52.56 
4010 52.56 
4020 52.61 
4030 52.61 
4040 52.61 
4050 52.61 
4060 52.61 
4070 52.66 
4080 52.66 
4090 52.6 
4100 52.6 
4110 52.6 
4120 52.6 
4130 52.6 
4140 52.6 
4150 52.6 
4160 52.55 
4170 52.5 
4180 52.45 
4190 52.45 
4200 52.45 
4210 52.4 
4220 52.35 
4230 52.35 
4240 52.35 
4250 52.3 
4260 52.35 
4270 52.35 
4280 52.4 
4290 52.4 
4300 52.4 
4310 52.45 
4320 52.45 
4330 52.45 
4340 52.45 
4350 52.5 
4360 52.5 
4370 52.55 
4380 52.55 
4390 52.5 
4400 52.45 
4410 52.4 
4420 52.45 
4430 52.45 
4440 52.4 
4450 52.35 
4460 52.3 
4470 52.3 
4480 52.3 
4490 52.3 
4500 52.35 
4510 52.4 
4520 52.4 
4530 52.4 
4540 52.4 
4550 52.34 
4560 52.34 
4570 52.29 
4580 52.24 
4590 52.29 
4600 52.29 
4610 52.29 
4620 52.24 
4630 52.19 
4640 52.19 
4650 52.3 
4660 52.35 
4670 52.35 
4680 52.35 
4690 52.3 
4700 52.25 
4710 52.2 
4720 52.2 
4730 52.2 
4740 52.14 
4750 52.14 
4760 52.03 
4770 52.08 
4780 52.13 
4790 52.13 
4800 52.13 
4810 52.13 
4820 52.18 
4830 52.23 
4840 52.23 
4850 52.23 
4860 52.34 
4870 52.34 
4880 52.34 
4890 52.34 
4900 52.34 
4910 52.28 
4920 52.23 
4930 52.23 
4940 52.29 
4950 52.29 
4960 52.29 
4970 52.29 
4980 52.29 
4990 52.34 
5000 52.34 
5010 52.45 
5020 52.5 
5030 52.5 
5040 52.55 
5050 52.55 
5060 52.5 
5070 52.45 
5080 52.34 
5090 52.29 
5100 52.34 
5110 52.34 
5120 52.29 
5130 52.29 
5140 52.29 
5150 52.29 
5160 52.29 
5170 52.34 
5180 52.4 
5190 52.4 
5200 52.4 
5210 52.4 
5220 52.4 
5230 52.35 
5240 52.3 
5250 52.3 
5260 52.3 
5270 52.3 
5280 52.41 
5290 52.41 
5300 52.36 
5310 52.36 
5320 52.36 
5330 52.36 
5340 52.36 
5350 52.36 
5360 52.41 
5370 52.41 
5380 52.35 
5390 52.35 
5400 52.4 
5410 52.4 
5420 52.4 
5430 52.45 
5440 52.5 
5450 52.45 
5460 52.45 
5470 52.4 
5480 52.4 
5490 52.45 
5500 52.45 
5510 52.45 
5520 52.5 
5530 52.5 
5540 52.5 
5550 52.61 
5560 52.61 
5570 52.61 
5580 52.67 
5590 52.73 
5600 52.79 
5610 52.85 
5620 52.85 
5630 52.85 
5640 52.85 
5650 52.79 
5660 52.79 
5670 52.84 
5680 52.89 
5690 52.89 
5700 52.83 
5710 52.88 
5720 52.94 
5730 53 
5740 53.11 
5750 53.22 
5760 53.22 
5770 53.22 
5780 53.11 
5790 53.11 
5800 53.11 
5810 53.06 
5820 53 
5830 53 
5840 52.89 
5850 52.84 
5860 52.9 
5870 52.96 
5880 53.07 
5890 53.12 
5900 53.18 
5910 53.18 
5920 53.29 
5930 53.29 
5940 53.4 
5950 53.34 
5960 53.39 
5970 53.33 
5980 53.28 
5990 53.28 
6000 53.28 
6010 53.33 
6020 53.28 
6030 53.33 
6040 53.28 
6050 53.28 
6060 53.23 
6070 53.34 
6080 53.39 
6090 53.39 
6100 53.44 
6110 53.44 
6120 53.49 
6130 53.49 
6140 53.54 
6150 53.6 
6160 53.65 
6170 53.65 
6180 53.65 
6190 53.65 
6200 53.65 
6210 53.65 
6220 53.65 
6230 53.54 
6240 53.54 
6250 53.59 
6260 53.59 
6270 53.59 
6280 53.59 
6290 53.54 
6300 53.54 
6310 53.54 
6320 53.54 
6330 53.65 
6340 53.65 
6350 53.65 
6360 53.65 
6370 53.65 
6380 53.65 
6390 53.59 
6400 53.59 
6410 53.59 
6420 53.59 
6430 53.59 
6440 53.54 
6450 53.54 
6460 53.54 
6470 53.54 
6480 53.54 
6490 53.65 
6500 53.65 
6510 53.65 
6520 53.65 
6530 53.65 
6540 53.7 
6550 53.7 
6560 53.65 
6570 53.7 
6580 53.7 
6590 53.7 
6600 53.65 
6610 53.65 
6620 53.65 
6630 53.65 
6640 53.65 
6650 53.7 
6660 53.75 
6670 53.65 
6680 53.65 
6690 53.65 
6700 53.7 
6710 53.7 
6720 53.7 
6730 53.75 
6740 53.75 
6750 53.7 
6760 53.7 
6770 53.75 
6780 53.75 
6790 53.75 
6800 53.8 
6810 53.8 
6820 53.8 
6830 53.75 
6840 53.75 
6850 53.8 
6860 53.8 
6870 53.8 
6880 53.8 
6890 53.8 
6900 53.75 
6910 53.75 
6920 53.8 
6930 53.85 
6940 53.96 
6950 53.91 
6960 53.91 
6970 53.91 
6980 53.91 
6990 53.91 
7000 53.91 
7010 53.91 
7020 53.86 
7030 53.81 
7040 53.7 
7050 53.75 
7060 53.8 
7070 53.85 
7080 53.96 
7090 53.96 
7100 54.01 
7110 54.01 
7120 54.01 
7130 54.06 
7140 54.11 
7150 54.11 
7160 54.11 
7170 54.17 
7180 54.06 
7190 54.06 
7200 53.96 
7210 53.96 
7220 53.85 
7230 53.69 
7240 53.53 
7250 53.32 
7260 53.16 
7270 52.94 
7280 52.83 
7290 52.72 
7300 52.61 
7310 52.39 
7320 52.28 
7330 52.23 
7340 52.18 
7350 52.18 
7360 52.07 
7370 52.02 
7380 51.91 
7390 51.8 
7400 51.8 
7410 51.86 
7420 51.86 
7430 51.8 
7440 51.8 
7450 51.8 
7460 51.86 
7470 51.86 
7480 51.86 
7490 51.86 
7500 51.86 
7510 51.86 
7520 51.92 
7530 51.92 
7540 51.92 
7550 51.92 
7560 51.92 
7570 51.97 
7580 52.08 
7590 52.08 
7600 52.13 
7610 52.13 
7620 52.07 
7630 52.13 
7640 52.07 
7650 52.07 
7660 52.01 
7670 51.9 
7680 51.85 
7690 51.85 
7700 51.8 
7710 51.8 
7720 51.86 
7730 51.8 
7740 51.86 
7750 51.86 
7760 51.97 
7770 52.08 
7780 52.13 
7790 52.19 
7800 52.13 
7810 52.13 
7820 52.13 
7830 52.13 
7840 52.07 
7850 52.01 
7860 51.9 
7870 51.85 
7880 51.8 
7890 51.8 
7900 51.86 
7910 51.86 
7920 51.8 
7930 51.8 
7940 51.86 
7950 51.92 
7960 51.92 
7970 51.92 
7980 51.86 
7990 51.8 
8000 51.74 
8010 51.68 
8020 51.74 
8030 51.8 
8040 51.74 
8050 51.74 
8060 51.8 
8070 51.74 
8080 51.74 
8090 51.74 
8100 51.74 
8110 51.74 
8120 51.68 
8130 51.68 
8140 51.68 
8150 51.62 
8160 51.56 
8170 51.56 
8180 51.56 
8190 51.56 
8200 51.56 
8210 51.56 
8220 51.56 
8230 51.5 
8240 51.56 
8250 51.56 
8260 51.56 
8270 51.62 
8280 51.68 
8290 51.68 
8300 51.68 
8310 51.68 
8320 51.74 
8330 51.8 
8340 51.8 
8350 51.8 
8360 51.8 
8370 51.74 
8380 51.74 
8390 51.8 
8400 51.86 
8410 51.92 
8420 51.86 
8430 51.8 
8440 51.74 
8450 51.74 
8460 51.74 
8470 51.74 
8480 51.68 
8490 51.62 
8500 51.56 
8510 51.5 
8520 51.5 
8530 51.5 
8540 51.45 
8550 51.45 
8560 51.45 
8570 51.45 
8580 51.45 
8590 51.45 
8600 51.45 
8610 51.45 
8620 51.4 
8630 51.4 
8640 51.35 
8650 51.35 
8660 51.35 
8670 51.35 
8680 51.35 
8690 51.35 
8700 51.35 
8710 51.35 
8720 51.4 
8730 51.46 
8740 51.56 
8750 51.46 
8760 51.46 
8770 51.46 
8780 51.52 
8790 51.52 
8800 51.52 
8810 51.47 
8820 51.47 
8830 51.41 
8840 51.41 
8850 51.51 
8860 51.51 
8870 51.51 
8880 51.45 
8890 51.45 
8900 51.51 
8910 51.51 
8920 51.41 
8930 51.41 
8940 51.41 
8950 51.41 
8960 51.41 
8970 51.41 
8980 51.41 
8990 51.41 
9000 51.35 
9010 51.4 
9020 51.5 
9030 51.4 
9040 51.35 
9050 51.35 
9060 51.35 
9070 51.35 
9080 51.35 
9090 51.25 
9100 51.25 
9110 51.25 
9120 51.25 
9130 51.35 
9140 51.4 
9150 51.4 
9160 51.4 
9170 51.4 
9180 51.4 
9190 51.5 
9200 51.5 
9210 51.5 
9220 51.45 
9230 51.35 
9240 51.35 
9250 51.3 
9260 51.3 
9270 51.3 
9280 51.3 
9290 51.3 
9300 51.25 
9310 51.2 
9320 51.2 
9330 51.2 
9340 51.15 
9350 51.2 
9360 51.2 
9370 51.1 
9380 51.1 
9390 51 
9400 51.05 
9410 51.1 
9420 51.15 
9430 51.2 
9440 51.2 
9450 51.1 
9460 51 
9470 51 
9480 50.9 
9490 51 
9500 50.9 
9510 50.85 
9520 50.85 
9530 50.85 
9540 50.85 
9550 50.95 
9560 51 
9570 51.05 
9580 51.1 
9590 51.05 
9600 51.1 
9610 51.15 
9620 51.15 
9630 51.1 
9640 51.1 
9650 51 
9660 51 
9670 50.95 
9680 50.9 
9690 50.85 
9700 50.8 
9710 50.7 
9720 50.6 
9730 50.6 
9740 50.6 
9750 50.6 
9760 50.55 
9770 50.55 
9780 50.55 
9790 50.65 
9800 50.65 
9810 50.65 
9820 50.75 
9830 50.75 
9840 50.75 
9850 50.8 
9860 50.9 
9870 50.95 
9880 51 
9890 50.9 
9900 50.9 
9910 50.9 
9920 50.8 
9930 50.9 
9940 50.85 
9950 50.85 
9960 50.8 
9970 50.75 
9980 50.7 
9990 50.8 
10000 50.8 
10010 50.85 
10020 50.85 
10030 50.85 
10040 50.9 
10050 50.85 
10060 50.9 
10070 51 
10080 51.1 
10090 51 
10100 51.1 
10110 51.1 
10120 51.1 
10130 51.05 
10140 51.1 
10150 51.15 
10160 51.05 
10170 50.95 
10180 50.85 
10190 50.85 
10200 50.75 
10210 50.8 
10220 50.8 
10230 50.85 
10240 50.75 
10250 50.75 
10260 50.8 
10270 50.8 
10280 50.9 
10290 50.9 
10300 50.9 
10310 50.8 
10320 50.8 
10330 50.75 
10340 50.75 
10350 50.7 
10360 50.65 
10370 50.75 
10380 50.65 
10390 50.65 
10400 50.7 
10410 50.7 
10420 50.75 
10430 50.75 
10440 50.8 
10450 50.8 
10460 50.8 
10470 50.7 
10480 50.7 
10490 50.7 
10500 50.7 
10510 50.7 
10520 50.65 
10530 50.65 
10540 50.6 
10550 50.65 
10560 50.65 
10570 50.75 
10580 50.85 
10590 50.95 
10600 50.9 
10610 51 
10620 51.05 
10630 51.05 
10640 51.15 
10650 51.2 
10660 51.25 
10670 51.15 
10680 51.05 
10690 50.95 
10700 51 
10710 50.9 
10720 50.85 
10730 50.8 
10740 50.7 
10750 50.7 
10760 50.65 
10770 50.65 
10780 50.75 
10790 50.75 
10800 50.7 
10810 50.7 
10820 50.7 
10830 50.7 
10840 50.75 
10850 50.65 
10860 50.65 
10870 50.65 
10880 50.55 
10890 50.55 
10900 50.55 
10910 50.55 
10920 50.7 
10930 50.7 
10940 50.65 
10950 50.65 
10960 50.75 
10970 50.75 
10980 50.7 
10990 50.7 
11000 50.7 