10 51.06 
20 56.64 
30 56.58 
40 56.47 
50 56.26 
60 56.05 
70 55.84 
80 55.63 
90 55.42 
100 55.21 
110 55.05 
120 54.89 
130 54.73 
140 54.62 
150 54.62 
160 54.62 
170 54.51 
180 54.45 
190 54.34 
200 54.23 
210 54.17 
220 54.17 
230 54.17 
240 54.12 
250 54.06 
260 54 
270 54 
280 53.95 
290 54 
300 54 
310 53.95 
320 53.95 
330 53.95 
340 54 
350 53.95 
360 53.9 
370 53.9 
380 53.9 
390 53.85 
400 53.85 
410 53.85 
420 53.85 
430 53.8 
440 53.8 
450 53.85 
460 53.85 
470 53.85 
480 53.85 
490 53.85 
500 53.85 
510 53.85 
520 53.8 
530 53.8 
540 53.75 
550 53.75 
560 53.75 
570 53.8 
580 53.85 
590 53.85 
600 53.9 
610 53.9 
620 53.9 
630 53.95 
640 53.95 
650 53.9 
660 53.9 
670 53.85 
680 53.8 
690 53.8 
700 53.75 
710 53.75 
720 53.75 
730 53.7 
740 53.75 
750 53.75 
760 53.75 
770 53.8 
780 53.85 
790 53.85 
800 53.85 
810 53.85 
820 53.9 
830 53.9 
840 53.85 
850 53.85 
860 53.9 
870 53.9 
880 53.9 
890 53.9 
900 53.9 
910 53.9 
920 53.85 
930 53.85 
940 53.85 
950 53.9 
960 53.85 
970 53.8 
980 53.75 
990 53.75 
1000 53.8 
1010 53.8 
1020 53.91 
1030 53.96 
1040 53.96 
1050 53.96 
1060 53.96 
1070 53.96 
1080 54.01 
1090 54.01 
1100 53.96 
1110 53.96 
1120 53.85 
1130 53.85 
1140 53.9 
1150 53.96 
1160 54.01 
1170 54.06 
1180 54.06 
1190 54.06 
1200 54.06 
1210 54.06 
1220 54.06 
1230 54.06 
1240 54.12 
1250 54.06 
1260 54.06 
1270 54.06 
1280 54.06 
1290 54.06 
1300 54.11 
1310 54.11 
1320 54.16 
1330 54.16 
1340 54.1 
1350 54.1 
1360 54.1 
1370 54.05 
1380 54.11 
1390 54.11 
1400 54.11 
1410 54.16 
1420 54.11 
1430 54.06 
1440 54.06 
1450 54.06 
1460 54.06 
1470 54.11 
1480 54 
1490 54.05 
1500 54.05 
1510 54 
1520 54.11 
1530 54.16 
1540 54.11 
1550 54.06 
1560 54.06 
1570 54.06 
1580 54.06 
1590 54.01 
1600 54.01 
1610 54.06 
1620 54 
1630 54.06 
1640 54.11 
1650 54.11 
1660 54.06 
1670 54.06 
1680 54.11 
1690 54.16 
1700 54.16 
1710 54.16 
1720 54.22 
1730 54.16 
1740 54.16 
1750 54.21 
1760 54.26 
1770 54.26 
1780 54.26 
1790 54.26 
1800 54.26 
1810 54.32 
1820 54.26 
1830 54.26 
1840 54.26 
1850 54.26 
1860 54.32 
1870 54.27 
1880 54.27 
1890 54.27 
1900 54.22 
1910 54.16 
1920 54.11 
1930 54.11 
1940 54.06 
1950 54.12 
1960 54.06 
1970 54.06 
1980 54.06 
1990 54.06 
2000 54.11 
2010 54.17 
2020 54.28 
2030 54.34 
2040 54.39 
2050 54.33 
2060 54.33 
2070 54.44 
2080 54.5 
2090 54.56 
2100 54.56 
2110 54.56 
2120 54.45 
2130 54.39 
2140 54.39 
2150 54.39 
2160 54.45 
2170 54.39 
2180 54.33 
2190 54.27 
2200 54.27 
2210 54.21 
2220 54.26 
2230 54.32 
2240 54.38 
2250 54.38 
2260 54.32 
2270 54.32 
2280 54.32 
2290 54.32 
2300 54.38 
2310 54.44 
2320 54.44 
2330 54.33 
2340 54.27 
2350 54.33 
2360 54.39 
2370 54.45 
2380 54.51 
2390 54.51 
2400 54.45 
2410 54.39 
2420 54.45 
2430 54.45 
2440 54.51 
2450 54.51 
2460 54.51 
2470 54.51 
2480 54.51 
2490 54.51 
2500 54.57 
2510 54.57 
2520 54.57 
2530 54.62 
2540 54.62 
2550 54.56 
2560 54.5 
2570 54.5 
2580 54.5 
2590 54.5 
2600 54.5 
2610 54.45 
2620 54.45 
2630 54.45 
2640 54.45 
2650 54.45 
2660 54.51 
2670 54.51 
2680 54.45 
2690 54.51 
2700 54.51 
2710 54.62 
2720 54.62 
2730 54.68 
2740 54.68 
2750 54.74 
2760 54.79 
2770 54.73 
2780 54.79 
2790 54.79 
2800 54.79 
2810 54.79 
2820 54.84 
2830 54.84 
2840 54.78 
2850 54.78 
2860 54.62 
2870 54.68 
2880 54.68 
2890 54.68 
2900 54.68 
2910 54.68 
2920 54.63 
2930 54.63 
2940 54.74 
2950 54.74 
2960 54.85 
2970 54.85 
2980 54.9 
2990 54.95 
3000 54.95 
3010 54.89 
3020 54.89 
3030 54.94 
3040 54.89 
3050 54.89 
3060 54.89 
3070 54.89 
3080 54.84 
3090 54.79 
3100 54.79 
3110 54.85 
3120 54.85 
3130 54.8 
3140 54.8 
3150 54.8 
3160 54.8 
3170 54.8 
3180 54.85 
3190 54.85 
3200 54.79 
3210 54.79 
3220 54.79 
3230 54.79 
3240 54.79 
3250 54.79 
3260 54.79 
3270 54.79 
3280 54.74 
3290 54.74 
3300 54.8 
3310 54.8 
3320 54.8 
3330 54.8 
3340 54.8 
3350 54.8 
3360 54.8 
3370 54.8 
3380 54.8 
3390 54.8 
3400 54.8 
3410 54.8 
3420 54.8 
3430 54.8 
3440 54.85 
3450 54.85 
3460 54.85 
3470 54.79 
3480 54.79 
3490 54.73 
3500 54.73 
3510 54.73 
3520 54.73 
3530 54.73 
3540 54.68 
3550 54.68 
3560 54.68 
3570 54.74 
3580 54.74 
3590 54.8 
3600 54.8 
3610 54.8 
3620 54.8 
3630 54.8 
3640 54.85 
3650 54.85 
3660 54.9 
3670 54.9 
3680 54.95 
3690 54.95 
3700 54.95 
3710 54.95 
3720 54.95 
3730 54.89 
3740 54.84 
3750 54.84 
3760 54.84 
3770 54.84 
3780 54.79 
3790 54.79 
3800 54.79 
3810 54.79 
3820 54.79 
3830 54.85 
3840 54.9 
3850 54.9 
3860 54.9 
3870 54.9 
3880 54.84 
3890 54.89 
3900 54.89 
3910 54.89 
3920 54.94 
3930 54.88 
3940 54.83 
3950 54.88 
3960 54.83 
3970 54.83 
3980 54.89 
3990 54.84 
4000 54.84 
4010 54.84 
4020 54.79 
4030 54.9 
4040 54.9 
4050 54.85 
4060 54.85 
4070 54.9 
4080 54.9 
4090 54.9 
4100 54.9 
4110 54.9 
4120 54.9 
4130 54.85 
4140 54.9 
4150 54.9 
4160 54.9 
4170 54.85 
4180 54.9 
4190 54.84 
4200 54.84 
4210 54.84 
4220 54.84 
4230 54.94 
4240 54.89 
4250 54.89 
4260 54.94 
4270 54.94 
4280 54.89 
4290 54.95 
4300 54.95 
4310 55 
4320 55.05 
4330 54.95 
4340 54.95 
4350 54.89 
4360 54.84 
4370 54.84 
4380 54.84 
4390 54.89 
4400 54.89 
4410 54.89 
4420 54.84 
4430 54.89 
4440 54.89 
4450 54.95 
4460 54.95 
4470 54.95 
4480 54.95 
4490 54.9 
4500 54.9 
4510 54.79 
4520 54.84 
4530 54.79 
4540 54.84 
4550 54.84 
4560 54.89 
4570 54.94 
4580 54.99 
4590 54.99 
4600 54.99 
4610 55.05 
4620 55 
4630 55 
4640 55 
4650 55.05 
4660 55 
4670 54.95 
4680 54.95 
4690 54.95 
4700 55 
4710 55.05 
4720 55.05 
4730 55.1 
4740 55.05 
4750 55.05 
4760 55.05 
4770 55.1 
4780 55.05 
4790 55.05 
4800 55 
4810 55 
4820 55.05 
4830 55 
4840 55 
4850 54.95 
4860 55 
4870 54.84 
4880 54.94 
4890 55.04 
4900 55.04 
4910 55.04 
4920 55.04 
4930 55.09 
4940 55.09 
4950 55.09 
4960 55.09 
4970 55.2 
4980 55.1 
4990 55 
5000 55.05 
5010 55.05 
5020 55 
5030 55 
5040 55.05 
5050 55.05 
5060 55.05 
5070 55.05 
5080 55.1 
5090 55.15 
5100 55.1 
5110 55.05 
5120 55.15 
5130 55.15 
5140 55.15 
5150 55.15 
5160 55.2 
5170 55.25 
5180 55.2 
5190 55.15 
5200 55.25 
5210 55.25 
5220 55.2 
5230 55.2 
5240 55.15 
5250 55.2 
5260 55.15 
5270 55.15 
5280 55.15 
5290 55.15 
5300 55.1 
5310 55.1 
5320 55.15 
5330 55.15 
5340 55.2 
5350 55.25 
5360 55.25 
5370 55.25 
5380 55.25 
5390 55.25 
5400 55.2 
5410 55.25 
5420 55.15 
5430 55.1 
5440 55.1 
5450 55 
5460 54.95 
5470 54.95 
5480 54.95 
5490 55 
5500 55 
5510 54.95 
5520 54.95 
5530 54.95 
5540 54.9 
5550 54.9 
5560 54.95 
5570 54.9 
5580 54.9 
5590 54.85 
5600 54.9 
5610 55 
5620 55.05 
5630 55.1 
5640 55.1 
5650 55.1 
5660 55.1 
5670 55.1 
5680 55.2 
5690 55.25 
5700 55.2 
5710 55.15 
5720 55.15 
5730 55.15 
5740 55.15 
5750 55.15 
5760 55.1 
5770 55.1 
5780 55.05 
5790 55 
5800 55.1 
5810 55.1 
5820 55.05 
5830 55.05 
5840 55.1 
5850 55.15 
5860 55.2 
5870 55.2 
5880 55.2 
5890 55.3 
5900 55.2 
5910 55.25 
5920 55.35 
5930 55.3 
5940 55.25 
5950 55.25 
5960 55.2 
5970 55.25 
5980 55.2 
5990 55.15 
6000 55.15 
6010 55.1 
6020 55.05 
6030 55.15 
6040 55.2 
6050 55.25 
6060 55.3 
6070 55.25 
6080 55.35 
6090 55.4 
6100 55.4 
6110 55.35 
6120 55.4 
6130 55.35 
6140 55.3 
6150 55.2 
6160 55.2 
6170 55.25 
6180 55.15 
6190 55.15 
6200 55.25 
6210 55.3 
6220 55.25 
6230 55.2 
6240 55.2 
6250 55.25 
6260 55.2 
6270 55.2 
6280 55.2 
6290 55.2 
6300 55.2 
6310 55.2 
6320 55.2 
6330 55.3 
6340 55.35 
6350 55.3 
6360 55.35 
6370 55.4 
6380 55.45 
6390 55.4 
6400 55.3 
6410 55.35 
6420 55.3 
6430 55.25 
6440 55.25 
6450 55.3 
6460 55.3 
6470 55.2 
6480 55.2 
6490 55.2 
6500 55.25 
6510 55.25 
6520 55.25 
6530 55.2 
6540 55.25 
6550 55.2 
6560 55.15 
6570 55.2 
6580 55.2 
6590 55.2 
6600 55.2 
6610 55.1 
6620 55.2 
6630 55.25 
6640 55.15 
6650 55.15 
6660 55.2 
6670 55.2 
6680 55.2 
6690 55.15 
6700 55.15 
6710 55.15 
6720 55.05 
6730 55.1 
6740 55.1 
6750 55.15 
6760 55.1 
6770 55.05 
6780 55 
6790 55.05 
6800 55.05 
6810 55.15 
6820 55.2 
6830 55.1 
6840 55.15 
6850 55.15 
6860 55.25 
6870 55.3 
6880 55.3 
6890 55.25 
6900 55.25 
6910 55.2 
6920 55.2 
6930 55.2 
6940 55.2 
6950 55.15 
6960 55.05 
6970 55 
6980 55 
6990 55.1 
7000 55.05 
7010 55 
7020 54.95 
7030 55 
7040 55.05 
7050 55.1 
7060 55.15 
7070 55.2 
7080 55.25 
7090 55.2 
7100 55.2 
7110 55.2 
7120 55.25 
7130 55.3 
7140 55.25 
7150 55.25 
7160 55.2 
7170 55.2 
7180 55.25 
7190 55.3 
7200 55.35 
7210 55.35 
7220 55.3 
7230 55.25 
7240 55.25 
7250 55.2 
7260 55.2 
7270 55.2 
7280 55.2 
7290 55.15 
7300 55.1 
7310 55.2 
7320 55.25 
7330 55.2 
7340 55.25 
7350 55.25 
7360 55.35 
7370 55.35 
7380 55.3 
7390 55.25 
7400 55.3 
7410 55.3 
7420 55.35 
7430 55.51 
7440 55.46 
7450 55.56 
7460 55.56 
7470 55.61 
7480 55.56 
7490 55.61 
7500 55.66 
7510 55.61 
7520 55.56 
7530 55.4 
7540 55.4 
7550 55.35 
7560 55.3 
7570 55.3 
7580 55.4 
7590 55.45 
7600 55.35 
7610 55.35 
7620 55.4 
7630 55.45 
7640 55.45 
7650 55.5 
7660 55.55 
7670 55.55 
7680 55.5 
7690 55.5 
7700 55.5 
7710 55.55 
7720 55.5 
7730 55.45 
7740 55.5 
7750 55.5 
7760 55.5 
7770 55.5 
7780 55.55 
7790 55.5 
7800 55.6 
7810 55.55 
7820 55.55 
7830 55.55 
7840 55.55 
7850 55.55 
7860 55.45 
7870 55.4 
7880 55.35 
7890 55.3 
7900 55.3 
7910 55.3 
7920 55.25 
7930 55.35 
7940 55.35 
7950 55.3 
7960 55.35 
7970 55.4 
7980 55.45 
7990 55.5 
8000 55.5 
8010 55.55 
8020 55.65 
8030 55.65 
8040 55.65 
8050 55.7 
8060 55.7 
8070 55.7 
8080 55.76 
8090 55.81 
8100 55.81 
8110 55.76 
8120 55.76 
8130 55.76 
8140 55.76 
8150 55.76 
8160 55.81 
8170 55.81 
8180 55.75 
8190 55.75 
8200 55.65 
8210 55.7 
8220 55.7 
8230 55.65 
8240 55.65 
8250 55.6 
8260 55.55 
8270 55.5 
8280 55.4 
8290 55.35 
8300 55.45 
8310 55.4 
8320 55.35 
8330 55.4 
8340 55.4 
8350 55.45 
8360 55.5 
8370 55.45 
8380 55.45 
8390 55.4 
8400 55.35 
8410 55.35 
8420 55.3 
8430 55.3 
8440 55.25 
8450 55.2 
8460 55.1 
8470 55.1 
8480 55.15 
8490 55.25 
8500 55.2 
8510 55.15 
8520 55.15 
8530 55.15 
8540 55.1 
8550 55.1 
8560 55.1 
8570 55.1 
8580 55.1 
8590 55.1 
8600 55.15 
8610 55.15 
8620 55.15 
8630 55.05 
8640 55.05 
8650 55 
8660 55 
8670 55 
8680 55 
8690 54.9 
8700 54.85 
8710 54.85 
8720 54.85 
8730 54.9 
8740 54.9 
8750 54.9 
8760 54.9 
8770 54.9 
8780 54.85 
8790 54.85 
8800 54.85 
8810 54.85 
8820 54.79 
8830 54.74 
8840 54.74 
8850 54.74 
8860 54.74 
8870 54.74 
8880 54.74 
8890 54.74 
8900 54.74 
8910 54.74 
8920 54.74 
8930 54.74 
8940 54.74 
8950 54.74 
8960 54.74 
8970 54.68 
8980 54.62 
8990 54.51 
9000 54.51 
9010 54.45 
9020 54.4 
9030 54.34 
9040 54.28 
9050 54.17 
9060 54.17 
9070 54.17 
9080 54.23 
9090 54.34 
9100 54.23 
9110 54.29 
9120 54.34 
9130 54.34 
9140 54.29 
9150 54.29 
9160 54.18 
9170 54.13 
9180 54.02 
9190 53.96 
9200 54.01 
9210 53.9 
9220 53.85 
9230 53.8 
9240 53.8 
9250 53.85 
9260 53.85 
9270 53.85 
9280 53.85 
9290 53.8 
9300 53.8 
9310 53.85 
9320 53.85 
9330 53.85 
9340 53.9 
9350 53.85 
9360 53.9 
9370 53.9 
9380 53.9 
9390 53.9 
9400 53.9 
9410 53.85 
9420 53.85 
9430 53.85 
9440 53.8 
9450 53.8 
9460 53.75 
9470 53.75 
9480 53.75 
9490 53.75 
9500 53.7 
9510 53.7 
9520 53.75 
9530 53.7 
9540 53.7 
9550 53.7 
9560 53.7 
9570 53.7 
9580 53.7 
9590 53.7 
9600 53.7 
9610 53.7 
9620 53.65 
9630 53.7 
9640 53.75 
9650 53.75 
9660 53.75 
9670 53.75 
9680 53.75 
9690 53.75 
9700 53.75 
9710 53.75 
9720 53.75 
9730 53.8 
9740 53.75 
9750 53.75 
9760 53.75 
9770 53.75 
9780 53.75 
9790 53.75 
9800 53.75 
9810 53.75 
9820 53.75 
9830 53.7 
9840 53.65 
9850 53.65 
9860 53.65 
9870 53.65 
9880 53.65 
9890 53.65 
9900 53.7 
9910 53.7 
9920 53.7 
9930 53.7 
9940 53.75 
9950 53.75 
9960 53.75 
9970 53.75 
9980 53.75 
9990 53.75 
10000 53.7 
10010 53.7 
10020 53.65 
10030 53.65 
10040 53.65 
10050 53.65 
10060 53.65 
10070 53.6 
10080 53.6 
10090 53.6 
10100 53.6 
10110 53.6 
10120 53.65 
10130 53.65 
10140 53.65 
10150 53.65 
10160 53.6 
10170 53.65 
10180 53.54 
10190 53.54 
10200 53.54 
10210 53.54 
10220 53.54 
10230 53.54 
10240 53.54 
10250 53.54 
10260 53.59 
10270 53.59 
10280 53.7 
10290 53.7 
10300 53.7 
10310 53.7 
10320 53.7 
10330 53.65 
10340 53.65 
10350 53.65 
10360 53.6 
10370 53.6 
10380 53.6 
10390 53.6 
10400 53.6 
10410 53.6 
10420 53.6 
10430 53.65 
10440 53.65 
10450 53.65 
10460 53.7 
10470 53.7 
10480 53.7 
10490 53.7 
10500 53.7 
10510 53.7 
10520 53.7 
10530 53.7 
10540 53.7 
10550 53.75 
10560 53.75 
10570 53.75 
10580 53.7 
10590 53.75 
10600 53.75 
10610 53.75 
10620 53.75 
10630 53.8 
10640 53.8 
10650 53.75 
10660 53.75 
10670 53.86 
10680 54.02 
10690 54.02 
10700 54.07 
10710 54.18 
10720 54.23 
10730 54.18 
10740 54.18 
10750 54.23 
10760 54.23 
10770 54.23 
10780 54.17 
10790 54.17 
10800 54.17 
10810 54.11 
10820 54.17 
10830 54.28 
10840 54.28 
10850 54.34 
10860 54.45 
10870 54.45 
10880 54.4 
10890 54.46 
10900 54.52 
10910 54.58 
10920 54.52 
10930 54.52 
10940 54.57 
10950 54.51 
10960 54.51 
10970 54.45 
10980 54.56 
10990 54.5 
11000 54.5 