10 46.47 
20 51.68 
30 51.79 
40 51.96 
50 52.07 
60 52.18 
70 52.29 
80 52.46 
90 52.63 
100 52.68 
110 52.79 
120 52.84 
130 52.79 
140 52.68 
150 52.63 
160 52.58 
170 52.47 
180 52.36 
190 52.25 
200 52.14 
210 52.09 
220 51.98 
230 51.92 
240 51.86 
250 51.8 
260 51.8 
270 51.74 
280 51.68 
290 51.62 
300 51.62 
310 51.56 
320 51.56 
330 51.56 
340 51.62 
350 51.62 
360 51.56 
370 51.56 
380 51.56 
390 51.56 
400 51.56 
410 51.56 
420 51.56 
430 51.62 
440 51.56 
450 51.56 
460 51.56 
470 51.56 
480 51.56 
490 51.56 
500 51.56 
510 51.56 
520 51.56 
530 51.5 
540 51.5 
550 51.5 
560 51.5 
570 51.5 
580 51.5 
590 51.5 
600 51.5 
610 51.5 
620 51.5 
630 51.5 
640 51.5 
650 51.5 
660 51.5 
670 51.5 
680 51.5 
690 51.5 
700 51.5 
710 51.5 
720 51.5 
730 51.56 
740 51.56 
750 51.56 
760 51.56 
770 51.51 
780 51.51 
790 51.51 
800 51.51 
810 51.51 
820 51.51 
830 51.51 
840 51.51 
850 51.51 
860 51.51 
870 51.56 
880 51.56 
890 51.56 
900 51.56 
910 51.56 
920 51.56 
930 51.5 
940 51.5 
950 51.56 
960 51.62 
970 51.62 
980 51.68 
990 51.74 
1000 51.74 
1010 51.74 
1020 51.74 
1030 51.74 
1040 51.74 
1050 51.74 
1060 51.68 
1070 51.68 
1080 51.62 
1090 51.56 
1100 51.56 
1110 51.56 
1120 51.56 
1130 51.56 
1140 51.56 
1150 51.5 
1160 51.56 
1170 51.62 
1180 51.62 
1190 51.62 
1200 51.68 
1210 51.74 
1220 51.74 
1230 51.8 
1240 51.8 
1250 51.8 
1260 51.74 
1270 51.68 
1280 51.68 
1290 51.68 
1300 51.62 
1310 51.56 
1320 51.62 
1330 51.56 
1340 51.62 
1350 51.62 
1360 51.68 
1370 51.74 
1380 51.74 
1390 51.74 
1400 51.74 
1410 51.74 
1420 51.74 
1430 51.74 
1440 51.74 
1450 51.74 
1460 51.68 
1470 51.68 
1480 51.74 
1490 51.8 
1500 51.8 
1510 51.8 
1520 51.74 
1530 51.74 
1540 51.68 
1550 51.68 
1560 51.74 
1570 51.74 
1580 51.68 
1590 51.62 
1600 51.68 
1610 51.74 
1620 51.74 
1630 51.8 
1640 51.8 
1650 51.86 
1660 51.86 
1670 51.8 
1680 51.86 
1690 51.86 
1700 51.8 
1710 51.8 
1720 51.8 
1730 51.74 
1740 51.8 
1750 51.74 
1760 51.74 
1770 51.74 
1780 51.74 
1790 51.74 
1800 51.8 
1810 51.85 
1820 51.85 
1830 51.91 
1840 51.91 
1850 51.97 
1860 51.91 
1870 51.91 
1880 51.91 
1890 52.02 
1900 51.96 
1910 51.91 
1920 51.91 
1930 51.85 
1940 51.85 
1950 51.85 
1960 51.85 
1970 51.85 
1980 51.85 
1990 51.85 
2000 51.85 
2010 51.85 
2020 51.91 
2030 51.97 
2040 51.97 
2050 51.97 
2060 52.03 
2070 52.09 
2080 52.03 
2090 51.98 
2100 51.98 
2110 51.98 
2120 51.92 
2130 51.92 
2140 51.92 
2150 51.92 
2160 51.86 
2170 51.86 
2180 51.92 
2190 51.97 
2200 51.97 
2210 51.91 
2220 51.91 
2230 51.91 
2240 51.96 
2250 51.96 
2260 52.02 
2270 52.07 
2280 52.07 
2290 52.07 
2300 52.18 
2310 52.24 
2320 52.3 
2330 52.24 
2340 52.19 
2350 52.19 
2360 52.19 
2370 52.14 
2380 52.14 
2390 52.14 
2400 52.03 
2410 51.97 
2420 51.97 
2430 51.97 
2440 52.02 
2450 51.96 
2460 51.96 
2470 51.96 
2480 51.9 
2490 51.85 
2500 51.91 
2510 51.97 
2520 51.97 
2530 52.03 
2540 52.03 
2550 52.14 
2560 52.19 
2570 52.19 
2580 52.25 
2590 52.25 
2600 52.25 
2610 52.25 
2620 52.19 
2630 52.19 
2640 52.19 
2650 52.19 
2660 52.14 
2670 52.19 
2680 52.24 
2690 52.29 
2700 52.34 
2710 52.34 
2720 52.45 
2730 52.5 
2740 52.5 
2750 52.45 
2760 52.45 
2770 52.4 
2780 52.35 
2790 52.35 
2800 52.3 
2810 52.35 
2820 52.35 
2830 52.35 
2840 52.35 
2850 52.4 
2860 52.4 
2870 52.45 
2880 52.5 
2890 52.5 
2900 52.5 
2910 52.5 
2920 52.45 
2930 52.4 
2940 52.4 
2950 52.4 
2960 52.4 
2970 52.35 
2980 52.35 
2990 52.35 
3000 52.4 
3010 52.4 
3020 52.4 
3030 52.4 
3040 52.4 
3050 52.35 
3060 52.4 
3070 52.45 
3080 52.45 
3090 52.45 
3100 52.4 
3110 52.35 
3120 52.35 
3130 52.35 
3140 52.35 
3150 52.35 
3160 52.3 
3170 52.25 
3180 52.25 
3190 52.25 
3200 52.3 
3210 52.35 
3220 52.35 
3230 52.4 
3240 52.35 
3250 52.35 
3260 52.35 
3270 52.4 
3280 52.35 
3290 52.3 
3300 52.3 
3310 52.3 
3320 52.24 
3330 52.24 
3340 52.24 
3350 52.29 
3360 52.23 
3370 52.18 
3380 52.23 
3390 52.28 
3400 52.23 
3410 52.23 
3420 52.34 
3430 52.29 
3440 52.29 
3450 52.29 
3460 52.35 
3470 52.35 
3480 52.3 
3490 52.25 
3500 52.3 
3510 52.25 
3520 52.25 
3530 52.3 
3540 52.3 
3550 52.3 
3560 52.35 
3570 52.35 
3580 52.4 
3590 52.4 
3600 52.35 
3610 52.4 
3620 52.35 
3630 52.35 
3640 52.4 
3650 52.4 
3660 52.4 
3670 52.4 
3680 52.35 
3690 52.4 
3700 52.45 
3710 52.45 
3720 52.45 
3730 52.4 
3740 52.35 
3750 52.3 
3760 52.3 
3770 52.35 
3780 52.4 
3790 52.4 
3800 52.4 
3810 52.35 
3820 52.35 
3830 52.35 
3840 52.35 
3850 52.4 
3860 52.4 
3870 52.35 
3880 52.35 
3890 52.3 
3900 52.3 
3910 52.3 
3920 52.3 
3930 52.3 
3940 52.41 
3950 52.36 
3960 52.25 
3970 52.3 
3980 52.25 
3990 52.25 
4000 52.25 
4010 52.3 
4020 52.3 
4030 52.3 
4040 52.24 
4050 52.29 
4060 52.35 
4070 52.35 
4080 52.35 
4090 52.35 
4100 52.3 
4110 52.3 
4120 52.3 
4130 52.3 
4140 52.3 
4150 52.36 
4160 52.41 
4170 52.41 
4180 52.46 
4190 52.46 
4200 52.46 
4210 52.35 
4220 52.35 
4230 52.4 
4240 52.35 
4250 52.29 
4260 52.24 
4270 52.19 
4280 52.14 
4290 52.08 
4300 52.13 
4310 52.19 
4320 52.24 
4330 52.19 
4340 52.13 
4350 52.08 
4360 52.19 
4370 52.24 
4380 52.24 
4390 52.3 
4400 52.25 
4410 52.25 
4420 52.25 
4430 52.3 
4440 52.41 
4450 52.46 
4460 52.35 
4470 52.3 
4480 52.41 
4490 52.41 
4500 52.46 
4510 52.46 
4520 52.41 
4530 52.36 
4540 52.36 
4550 52.36 
4560 52.36 
4570 52.3 
4580 52.19 
4590 52.24 
4600 52.19 
4610 52.24 
4620 52.18 
4630 52.23 
4640 52.18 
4650 52.13 
4660 52.13 
4670 52.24 
4680 52.29 
4690 52.29 
4700 52.34 
4710 52.23 
4720 52.34 
4730 52.4 
4740 52.45 
4750 52.45 
4760 52.45 
4770 52.45 
4780 52.45 
4790 52.45 
4800 52.51 
4810 52.57 
4820 52.57 
4830 52.46 
4840 52.41 
4850 52.41 
4860 52.46 
4870 52.46 
4880 52.41 
4890 52.41 
4900 52.35 
4910 52.35 
4920 52.35 
4930 52.4 
4940 52.45 
4950 52.5 
4960 52.45 
4970 52.45 
4980 52.5 
4990 52.5 
5000 52.5 
5010 52.55 
5020 52.5 
5030 52.5 
5040 52.5 
5050 52.5 
5060 52.55 
5070 52.55 
5080 52.55 
5090 52.55 
5100 52.55 
5110 52.55 
5120 52.6 
5130 52.6 
5140 52.6 
5150 52.6 
5160 52.6 
5170 52.6 
5180 52.6 
5190 52.66 
5200 52.72 
5210 52.72 
5220 52.72 
5230 52.72 
5240 52.78 
5250 52.78 
5260 52.78 
5270 52.78 
5280 52.78 
5290 52.67 
5300 52.61 
5310 52.61 
5320 52.61 
5330 52.61 
5340 52.55 
5350 52.55 
5360 52.55 
5370 52.55 
5380 52.55 
5390 52.6 
5400 52.6 
5410 52.55 
5420 52.55 
5430 52.55 
5440 52.55 
5450 52.55 
5460 52.55 
5470 52.55 
5480 52.55 
5490 52.5 
5500 52.5 
5510 52.55 
5520 52.5 
5530 52.5 
5540 52.56 
5550 52.51 
5560 52.51 
5570 52.51 
5580 52.51 
5590 52.56 
5600 52.56 
5610 52.56 
5620 52.61 
5630 52.61 
5640 52.55 
5650 52.6 
5660 52.55 
5670 52.61 
5680 52.61 
5690 52.61 
5700 52.61 
5710 52.61 
5720 52.61 
5730 52.61 
5740 52.61 
5750 52.61 
5760 52.61 
5770 52.5 
5780 52.5 
5790 52.45 
5800 52.45 
5810 52.45 
5820 52.45 
5830 52.45 
5840 52.45 
5850 52.4 
5860 52.45 
5870 52.5 
5880 52.45 
5890 52.5 
5900 52.5 
5910 52.5 
5920 52.5 
5930 52.5 
5940 52.5 
5950 52.55 
5960 52.55 
5970 52.55 
5980 52.6 
5990 52.6 
6000 52.6 
6010 52.6 
6020 52.6 
6030 52.6 
6040 52.6 
6050 52.6 
6060 52.66 
6070 52.66 
6080 52.66 
6090 52.66 
6100 52.66 
6110 52.72 
6120 52.72 
6130 52.72 
6140 52.78 
6150 52.78 
6160 52.72 
6170 52.72 
6180 52.78 
6190 52.78 
6200 52.78 
6210 52.72 
6220 52.72 
6230 52.72 
6240 52.61 
6250 52.61 
6260 52.61 
6270 52.61 
6280 52.55 
6290 52.55 
6300 52.61 
6310 52.61 
6320 52.61 
6330 52.61 
6340 52.66 
6350 52.66 
6360 52.66 
6370 52.66 
6380 52.72 
6390 52.72 
6400 52.66 
6410 52.66 
6420 52.66 
6430 52.61 
6440 52.61 
6450 52.61 
6460 52.61 
6470 52.61 
6480 52.55 
6490 52.55 
6500 52.55 
6510 52.55 
6520 52.55 
6530 52.6 
6540 52.6 
6550 52.6 
6560 52.6 
6570 52.55 
6580 52.55 
6590 52.55 
6600 52.55 
6610 52.5 
6620 52.5 
6630 52.56 
6640 52.56 
6650 52.56 
6660 52.56 
6670 52.61 
6680 52.61 
6690 52.61 
6700 52.61 
6710 52.66 
6720 52.66 
6730 52.6 
6740 52.6 
6750 52.6 
6760 52.6 
6770 52.6 
6780 52.6 
6790 52.55 
6800 52.55 
6810 52.55 
6820 52.55 
6830 52.55 
6840 52.5 
6850 52.45 
6860 52.45 
6870 52.45 
6880 52.51 
6890 52.51 
6900 52.51 
6910 52.51 
6920 52.51 
6930 52.51 
6940 52.51 
6950 52.56 
6960 52.56 
6970 52.56 
6980 52.5 
6990 52.5 
7000 52.45 
7010 52.45 
7020 52.45 
7030 52.45 
7040 52.5 
7050 52.5 
7060 52.5 
7070 52.5 
7080 52.5 
7090 52.55 
7100 52.6 
7110 52.6 
7120 52.6 
7130 52.6 
7140 52.55 
7150 52.55 
7160 52.66 
7170 52.66 
7180 52.66 
7190 52.66 
7200 52.66 
7210 52.61 
7220 52.61 
7230 52.61 
7240 52.66 
7250 52.72 
7260 52.61 
7270 52.61 
7280 52.67 
7290 52.67 
7300 52.67 
7310 52.72 
7320 52.72 
7330 52.72 
7340 52.72 
7350 52.66 
7360 52.66 
7370 52.66 
7380 52.55 
7390 52.55 
7400 52.55 
7410 52.55 
7420 52.55 
7430 52.55 
7440 52.55 
7450 52.55 
7460 52.5 
7470 52.5 
7480 52.55 
7490 52.55 
7500 52.61 
7510 52.61 
7520 52.61 
7530 52.67 
7540 52.67 
7550 52.67 
7560 52.72 
7570 52.78 
7580 52.73 
7590 52.73 
7600 52.67 
7610 52.67 
7620 52.73 
7630 52.67 
7640 52.73 
7650 52.73 
7660 52.73 
7670 52.67 
7680 52.83 
7690 52.83 
7700 52.89 
7710 52.89 
7720 52.83 
7730 52.83 
7740 52.83 
7750 52.89 
7760 52.89 
7770 52.89 
7780 52.78 
7790 52.78 
7800 52.67 
7810 52.67 
7820 52.73 
7830 52.73 
7840 52.67 
7850 52.61 
7860 52.61 
7870 52.67 
7880 52.73 
7890 52.73 
7900 52.78 
7910 52.78 
7920 52.78 
7930 52.84 
7940 52.84 
7950 52.84 
7960 52.9 
7970 52.9 
7980 52.9 
7990 53.01 
8000 53.07 
8010 53.18 
8020 53.23 
8030 53.17 
8040 53.17 
8050 53.17 
8060 53.11 
8070 53.11 
8080 53.05 
8090 53 
8100 53 
8110 52.89 
8120 52.84 
8130 52.9 
8140 52.96 
8150 53.02 
8160 53.02 
8170 53.02 
8180 53.02 
8190 52.96 
8200 52.9 
8210 52.9 
8220 52.84 
8230 52.78 
8240 52.72 
8250 52.72 
8260 52.72 
8270 52.72 
8280 52.78 
8290 52.78 
8300 52.89 
8310 52.89 
8320 52.89 
8330 52.84 
8340 52.84 
8350 52.78 
8360 52.84 
8370 52.78 
8380 52.72 
8390 52.72 
8400 52.61 
8410 52.5 
8420 52.5 
8430 52.55 
8440 52.55 
8450 52.5 
8460 52.44 
8470 52.39 
8480 52.39 
8490 52.39 
8500 52.39 
8510 52.5 
8520 52.5 
8530 52.5 
8540 52.5 
8550 52.55 
8560 52.55 
8570 52.6 
8580 52.6 
8590 52.6 
8600 52.6 
8610 52.6 
8620 52.6 
8630 52.6 
8640 52.49 
8650 52.49 
8660 52.49 
8670 52.44 
8680 52.39 
8690 52.39 
8700 52.28 
8710 52.23 
8720 52.23 
8730 52.18 
8740 52.24 
8750 52.24 
8760 52.19 
8770 52.24 
8780 52.29 
8790 52.29 
8800 52.35 
8810 52.4 
8820 52.4 
8830 52.4 
8840 52.4 
8850 52.4 
8860 52.4 
8870 52.4 
8880 52.4 
8890 52.35 
8900 52.35 
8910 52.3 
8920 52.25 
8930 52.25 
8940 52.19 
8950 52.08 
8960 52.08 
8970 52.03 
8980 51.92 
8990 51.86 
9000 51.86 
9010 51.86 
9020 51.8 
9030 51.8 
9040 51.8 
9050 51.86 
9060 51.86 
9070 51.8 
9080 51.8 
9090 51.8 
9100 51.64 
9110 51.58 
9120 51.53 
9130 51.47 
9140 51.47 
9150 51.41 
9160 51.35 
9170 51.35 
9180 51.41 
9190 51.41 
9200 51.51 
9210 51.51 
9220 51.51 
9230 51.51 
9240 51.51 
9250 51.51 
9260 51.51 
9270 51.51 
9280 51.45 
9290 51.35 
9300 51.35 
9310 51.35 
9320 51.4 
9330 51.4 
9340 51.4 
9350 51.3 
9360 51.3 
9370 51.3 
9380 51.3 
9390 51.4 
9400 51.4 
9410 51.4 
9420 51.4 
9430 51.4 
9440 51.4 
9450 51.5 
9460 51.5 
9470 51.5 
9480 51.5 
9490 51.5 
9500 51.5 
9510 51.5 
9520 51.5 
9530 51.5 
9540 51.45 
9550 51.45 
9560 51.4 
9570 51.3 
9580 51.3 
9590 51.25 
9600 51.2 
9610 51.2 
9620 51.2 
9630 51.2 
9640 51.25 
9650 51.25 
9660 51.3 
9670 51.4 
9680 51.35 
9690 51.4 
9700 51.45 
9710 51.45 
9720 51.45 
9730 51.51 
9740 51.46 
9750 51.41 
9760 51.41 
9770 51.41 
9780 51.46 
9790 51.46 
9800 51.41 
9810 51.36 
9820 51.36 
9830 51.3 
9840 51.35 
9850 51.35 
9860 51.35 
9870 51.35 
9880 51.35 
9890 51.25 
9900 51.25 
9910 51.25 
9920 51.25 
9930 51.15 
9940 51.1 
9950 51.15 
9960 51.15 
9970 51.15 
9980 51.05 
9990 51.15 
10000 51.2 
10010 51.25 
10020 51.15 
10030 51.25 
10040 51.2 
10050 51.2 
10060 51.15 
10070 51.15 
10080 51.15 
10090 51.15 
10100 51.15 
10110 51.05 
10120 51.15 
10130 51.05 
10140 51.15 
10150 51.1 
10160 51.15 
10170 51.1 
10180 51.15 
10190 51.1 
10200 51.1 
10210 51.2 
10220 51.2 
10230 51.2 
10240 51.15 
10250 51.2 
10260 51.15 
10270 51.1 
10280 51.15 
10290 51.2 
10300 51.15 
10310 51.1 
10320 51 
10330 51.1 
10340 51.15 
10350 51.1 
10360 51.1 
10370 51.1 
10380 51 
10390 50.9 
10400 50.9 
10410 50.85 
10420 50.95 
10430 50.85 
10440 50.75 
10450 50.75 
10460 50.8 
10470 50.9 
10480 51 
10490 51.05 
10500 51 
10510 51.1 
10520 51.1 
10530 51.1 
10540 51.26 
10550 51.31 
10560 51.31 
10570 51.31 
10580 51.31 
10590 51.36 
10600 51.46 
10610 51.46 
10620 51.46 
10630 51.56 
10640 51.5 
10650 51.5 
10660 51.5 
10670 51.5 
10680 51.5 
10690 51.5 
10700 51.56 
10710 51.56 
10720 51.62 
10730 51.62 
10740 51.62 
10750 51.62 
10760 51.62 
10770 51.68 
10780 51.68 
10790 51.68 
10800 51.62 
10810 51.62 
10820 51.56 
10830 51.62 
10840 51.62 
10850 51.68 
10860 51.68 
10870 51.68 
10880 51.74 
10890 51.8 
10900 51.8 
10910 51.91 
10920 51.97 
10930 52.02 
10940 52.02 
10950 51.96 
10960 52.02 
10970 51.96 
10980 51.96 
10990 51.9 
11000 51.96 