10 58.98 
20 58.98 
30 58.92 
40 58.86 
50 58.92 
60 58.86 
70 58.8 
80 58.74 
90 58.8 
100 58.8 
110 58.69 
120 58.63 
130 58.58 
140 58.53 
150 58.47 
160 58.53 
170 58.59 
180 58.59 
190 58.53 
200 58.42 
210 58.42 
220 58.37 
230 58.42 
240 58.42 
250 58.42 
260 58.36 
270 58.3 
280 58.3 
290 58.3 
300 58.3 
310 58.35 
320 58.35 
330 58.35 
340 58.4 
350 58.4 
360 58.4 
370 58.35 
380 58.3 
390 58.3 
400 58.35 
410 58.35 
420 58.35 
430 58.35 
440 58.35 
450 58.35 
460 58.41 
470 58.46 
480 58.46 
490 58.41 
500 58.41 
510 58.41 
520 58.52 
530 58.58 
540 58.64 
550 58.64 
560 58.64 
570 58.59 
580 58.64 
590 58.64 
600 58.59 
610 58.59 
620 58.48 
630 58.37 
640 58.31 
650 58.31 
660 58.25 
670 58.25 
680 58.2 
690 58.25 
700 58.36 
710 58.36 
720 58.36 
730 58.41 
740 58.41 
750 58.36 
760 58.31 
770 58.31 
780 58.31 
790 58.26 
800 58.2 
810 58.15 
820 58.15 
830 58.15 
840 58.15 
850 58.15 
860 58.15 
870 58.2 
880 58.2 
890 58.2 
900 58.15 
910 58.26 
920 58.37 
930 58.32 
940 58.32 
950 58.37 
960 58.42 
970 58.42 
980 58.47 
990 58.52 
1000 58.52 
1010 58.41 
1020 58.3 
1030 58.3 
1040 58.36 
1050 58.31 
1060 58.31 
1070 58.37 
1080 58.37 
1090 58.32 
1100 58.32 
1110 58.32 
1120 58.37 
1130 58.42 
1140 58.36 
1150 58.41 
1160 58.41 
1170 58.3 
1180 58.25 
1190 58.25 
1200 58.25 
1210 58.25 
1220 58.25 
1230 58.25 
1240 58.2 
1250 58.15 
1260 58.1 
1270 58.1 
1280 58.1 
1290 58.15 
1300 58.15 
1310 58.2 
1320 58.15 
1330 58.1 
1340 58.1 
1350 58.21 
1360 58.26 
1370 58.26 
1380 58.26 
1390 58.21 
1400 58.26 
1410 58.21 
1420 58.21 
1430 58.26 
1440 58.26 
1450 58.15 
1460 58.15 
1470 58.2 
1480 58.25 
1490 58.25 
1500 58.25 
1510 58.3 
1520 58.35 
1530 58.3 
1540 58.3 
1550 58.35 
1560 58.3 
1570 58.3 
1580 58.25 
1590 58.36 
1600 58.42 
1610 58.42 
1620 58.42 
1630 58.47 
1640 58.52 
1650 58.58 
1660 58.63 
1670 58.69 
1680 58.69 
1690 58.63 
1700 58.57 
1710 58.52 
1720 58.47 
1730 58.53 
1740 58.48 
1750 58.37 
1760 58.37 
1770 58.31 
1780 58.36 
1790 58.36 
1800 58.36 
1810 58.41 
1820 58.46 
1830 58.4 
1840 58.4 
1850 58.45 
1860 58.45 
1870 58.4 
1880 58.35 
1890 58.3 
1900 58.25 
1910 58.2 
1920 58.2 
1930 58.15 
1940 58.15 
1950 58.1 
1960 58.05 
1970 58.1 
1980 58.1 
1990 58.1 
2000 58.15 
2010 58.15 
2020 58.1 
2030 58.1 
2040 58.15 
2050 58.2 
2060 58.2 
2070 58.15 
2080 58.2 
2090 58.2 
2100 58.2 
2110 58.2 
2120 58.25 
2130 58.25 
2140 58.2 
2150 58.2 
2160 58.15 
2170 58.15 
2180 58.1 
2190 58.1 
2200 58.05 
2210 58.05 
2220 58 
2230 58 
2240 58.05 
2250 58 
2260 58.1 
2270 58.15 
2280 58.15 
2290 58.15 
2300 58.15 
2310 58.15 
2320 58.2 
2330 58.2 
2340 58.15 
2350 58.2 
2360 58.15 
2370 58.1 
2380 58.1 
2390 58.15 
2400 58.15 
2410 58.15 
2420 58.1 
2430 58.1 
2440 58.15 
2450 58.1 
2460 58.1 
2470 58.15 
2480 58.15 
2490 58.1 
2500 58.1 
2510 58.1 
2520 58.1 
2530 58.15 
2540 58.1 
2550 58.1 
2560 58.1 
2570 58.05 
2580 58.1 
2590 58.15 
2600 58.15 
2610 58.15 
2620 58.2 
2630 58.2 
2640 58.25 
2650 58.25 
2660 58.25 
2670 58.25 
2680 58.2 
2690 58.15 
2700 58.15 
2710 58.2 
2720 58.15 
2730 58.15 
2740 58.1 
2750 58.1 
2760 58.15 
2770 58.15 
2780 58.15 
2790 58.2 
2800 58.25 
2810 58.2 
2820 58.2 
2830 58.15 
2840 58.15 
2850 58.15 
2860 58.1 
2870 58.1 
2880 58.15 
2890 58.1 
2900 58.05 
2910 58.1 
2920 58.1 
2930 58.15 
2940 58.2 
2950 58.2 
2960 58.25 
2970 58.25 
2980 58.25 
2990 58.36 
3000 58.36 
3010 58.31 
3020 58.36 
3030 58.36 
3040 58.36 
3050 58.36 
3060 58.31 
3070 58.36 
3080 58.31 
3090 58.2 
3100 58.2 
3110 58.2 
3120 58.2 
3130 58.15 
3140 58.1 
3150 58.1 
3160 58.1 
3170 58.1 
3180 58.15 
3190 58.15 
3200 58.2 
3210 58.2 
3220 58.15 
3230 58.15 
3240 58.15 
3250 58.15 
3260 58.15 
3270 58.1 
3280 58.05 
3290 58.05 
3300 58 
3310 58 
3320 58 
3330 58 
3340 58 
3350 58.05 
3360 58.05 
3370 58.05 
3380 58.1 
3390 58.15 
3400 58.15 
3410 58.15 
3420 58.15 
3430 58.2 
3440 58.2 
3450 58.15 
3460 58.15 
3470 58.15 
3480 58.1 
3490 58.16 
3500 58.16 
3510 58.16 
3520 58.16 
3530 58.11 
3540 58.11 
3550 58.11 
3560 58.11 
3570 58.11 
3580 58.16 
3590 58.05 
3600 58.1 
3610 58.1 
3620 58.15 
3630 58.15 
3640 58.2 
3650 58.2 
3660 58.2 
3670 58.2 
3680 58.2 
3690 58.2 
3700 58.15 
3710 58.15 
3720 58.15 
3730 58.26 
3740 58.21 
3750 58.21 
3760 58.21 
3770 58.21 
3780 58.21 
3790 58.26 
3800 58.31 
3810 58.31 
3820 58.31 
3830 58.2 
3840 58.25 
3850 58.3 
3860 58.35 
3870 58.46 
3880 58.41 
3890 58.41 
3900 58.41 
3910 58.46 
3920 58.41 
3930 58.41 
3940 58.41 
3950 58.36 
3960 58.36 
3970 58.3 
3980 58.3 
3990 58.25 
4000 58.2 
4010 58.15 
4020 58.15 
4030 58.15 
4040 58.1 
4050 58.1 
4060 58.05 
4070 58.05 
4080 58.05 
4090 58.1 
4100 58.15 
4110 58.15 
4120 58.2 
4130 58.31 
4140 58.42 
4150 58.53 
4160 58.58 
4170 58.64 
4180 58.69 
4190 58.64 
4200 58.64 
4210 58.69 
4220 58.69 
4230 58.63 
4240 58.52 
4250 58.46 
4260 58.46 
4270 58.4 
4280 58.4 
4290 58.45 
4300 58.45 
4310 58.4 
4320 58.35 
4330 58.3 
4340 58.3 
4350 58.25 
4360 58.31 
4370 58.26 
4380 58.21 
4390 58.21 
4400 58.21 
4410 58.21 
4420 58.21 
4430 58.26 
4440 58.26 
4450 58.26 
4460 58.15 
4470 58.15 
4480 58.15 
4490 58.15 
4500 58.1 
4510 58.1 
4520 58.1 
4530 58.05 
4540 58.05 
4550 58.05 
4560 58.05 
4570 58.05 
4580 58.05 
4590 58 
4600 58 
4610 58 
4620 57.95 
4630 57.95 
4640 58 
4650 58 
4660 58 
4670 57.95 
4680 57.95 
4690 57.95 
4700 57.95 
4710 57.95 
4720 58 
4730 57.95 
4740 57.9 
4750 57.85 
4760 57.85 
4770 57.9 
4780 57.85 
4790 57.85 
4800 57.85 
4810 57.85 
4820 57.8 
4830 57.85 
4840 57.85 
4850 57.85 
4860 57.85 
4870 57.85 
4880 57.9 
4890 57.9 
4900 57.9 
4910 57.9 
4920 57.84 
4930 57.84 
4940 57.84 
4950 57.89 
4960 57.89 
4970 57.89 
4980 57.89 
4990 57.89 
5000 57.89 
5010 57.89 
5020 58 
5030 58 
5040 58 
5050 58 
5060 58 
5070 58 
5080 57.95 
5090 57.95 
5100 57.95 
5110 57.95 
5120 57.95 
5130 57.95 
5140 57.95 
5150 57.95 
5160 58 
5170 58 
5180 58.1 
5190 58.15 
5200 58.15 
5210 58.15 
5220 58.2 
5230 58.2 
5240 58.2 
5250 58.25 
5260 58.2 
5270 58.2 
5280 58.15 
5290 58.15 
5300 58.15 
5310 58.15 
5320 58.1 
5330 58.15 
5340 58.15 
5350 58.15 
5360 58.15 
5370 58.15 
5380 58.15 
5390 58.15 
5400 58.15 
5410 58.15 
5420 58.15 
5430 58.1 
5440 58.1 
5450 58.05 
5460 58.1 
5470 58.15 
5480 58.15 
5490 58.15 
5500 58.15 
5510 58.15 
5520 58.2 
5530 58.2 
5540 58.2 
5550 58.25 
5560 58.2 
5570 58.2 
5580 58.25 
5590 58.2 
5600 58.2 
5610 58.2 
5620 58.15 
5630 58.15 
5640 58.15 
5650 58.15 
5660 58.15 
5670 58.15 
5680 58.15 
5690 58.15 
5700 58.2 
5710 58.2 
5720 58.2 
5730 58.25 
5740 58.25 
5750 58.2 
5760 58.2 
5770 58.15 
5780 58.1 
5790 58.15 
5800 58.15 
5810 58.2 
5820 58.2 
5830 58.15 
5840 58.15 
5850 58.15 
5860 58.15 
5870 58.15 
5880 58.2 
5890 58.15 
5900 58.1 
5910 58.1 
5920 58.21 
5930 58.21 
5940 58.26 
5950 58.26 
5960 58.37 
5970 58.37 
5980 58.32 
5990 58.32 
6000 58.37 
6010 58.37 
6020 58.26 
6030 58.26 
6040 58.21 
6050 58.21 
6060 58.1 
6070 58.1 
6080 58.1 
6090 58.1 
6100 58.1 
6110 58.05 
6120 58.05 
6130 58.05 
6140 58.05 
6150 58.1 
6160 58.21 
6170 58.21 
6180 58.21 
6190 58.26 
6200 58.21 
6210 58.21 
6220 58.21 
6230 58.21 
6240 58.21 
6250 58.16 
6260 58.1 
6270 58.1 
6280 58.15 
6290 58.1 
6300 58.1 
6310 58.1 
6320 58.1 
6330 58.1 
6340 58.15 
6350 58.2 
6360 58.15 
6370 58.2 
6380 58.2 
6390 58.25 
6400 58.25 
6410 58.25 
6420 58.25 
6430 58.3 
6440 58.25 
6450 58.25 
6460 58.3 
6470 58.3 
6480 58.3 
6490 58.25 
6500 58.25 
6510 58.25 
6520 58.25 
6530 58.2 
6540 58.2 
6550 58.15 
6560 58.1 
6570 58.05 
6580 58 
6590 58 
6600 58 
6610 58 
6620 58.05 
6630 58.1 
6640 58.1 
6650 58.1 
6660 58.15 
6670 58.15 
6680 58.15 
6690 58.15 
6700 58.2 
6710 58.2 
6720 58.2 
6730 58.15 
6740 58.2 
6750 58.2 
6760 58.15 
6770 58.15 
6780 58.15 
6790 58.26 
6800 58.26 
6810 58.31 
6820 58.26 
6830 58.26 
6840 58.32 
6850 58.32 
6860 58.32 
6870 58.32 
6880 58.32 
6890 58.21 
6900 58.21 
6910 58.21 
6920 58.21 
6930 58.32 
6940 58.21 
6950 58.26 
6960 58.26 
6970 58.26 
6980 58.26 
6990 58.26 
7000 58.26 
7010 58.21 
7020 58.21 
7030 58.1 
7040 58.1 
7050 58.05 
7060 58.05 
7070 58.1 
7080 58.15 
7090 58.26 
7100 58.26 
7110 58.26 
7120 58.31 
7130 58.31 
7140 58.31 
7150 58.31 
7160 58.36 
7170 58.31 
7180 58.26 
7190 58.2 
7200 58.15 
7210 58.15 
7220 58.15 
7230 58.2 
7240 58.2 
7250 58.25 
7260 58.25 
7270 58.25 
7280 58.25 
7290 58.25 
7300 58.25 
7310 58.3 
7320 58.25 
7330 58.31 
7340 58.36 
7350 58.31 
7360 58.26 
7370 58.37 
7380 58.42 
7390 58.48 
7400 58.53 
7410 58.53 
7420 58.53 
7430 58.53 
7440 58.48 
7450 58.53 
7460 58.58 
7470 58.47 
7480 58.47 
7490 58.41 
7500 58.41 
7510 58.41 
7520 58.46 
7530 58.4 
7540 58.45 
7550 58.4 
7560 58.4 
7570 58.45 
7580 58.4 
7590 58.4 
7600 58.46 
7610 58.46 
7620 58.41 
7630 58.36 
7640 58.36 
7650 58.41 
7660 58.36 
7670 58.31 
7680 58.36 
7690 58.42 
7700 58.36 
7710 58.31 
7720 58.31 
7730 58.31 
7740 58.26 
7750 58.26 
7760 58.31 
7770 58.36 
7780 58.31 
7790 58.2 
7800 58.2 
7810 58.2 
7820 58.25 
7830 58.25 
7840 58.3 
7850 58.36 
7860 58.31 
7870 58.31 
7880 58.31 
7890 58.31 
7900 58.37 
7910 58.42 
7920 58.37 
7930 58.37 
7940 58.37 
7950 58.26 
7960 58.31 
7970 58.26 
7980 58.31 
7990 58.36 
8000 58.36 
8010 58.31 
8020 58.31 
8030 58.36 
8040 58.31 
8050 58.36 
8060 58.31 
8070 58.31 
8080 58.26 
8090 58.32 
8100 58.26 
8110 58.31 
8120 58.36 
8130 58.36 
8140 58.41 
8150 58.41 
8160 58.46 
8170 58.46 
8180 58.51 
8190 58.45 
8200 58.4 
8210 58.4 
8220 58.4 
8230 58.4 
8240 58.4 
8250 58.46 
8260 58.41 
8270 58.46 
8280 58.46 
8290 58.41 
8300 58.46 
8310 58.46 
8320 58.52 
8330 58.47 
8340 58.47 
8350 58.41 
8360 58.46 
8370 58.46 
8380 58.41 
8390 58.41 
8400 58.41 
8410 58.41 
8420 58.35 
8430 58.35 
8440 58.3 
8450 58.3 
8460 58.3 
8470 58.3 
8480 58.35 
8490 58.46 
8500 58.46 
8510 58.46 
8520 58.46 
8530 58.46 
8540 58.46 
8550 58.46 
8560 58.52 
8570 58.52 
8580 58.52 
8590 58.46 
8600 58.46 
8610 58.46 
8620 58.41 
8630 58.46 
8640 58.46 
8650 58.41 
8660 58.3 
8670 58.3 
8680 58.3 
8690 58.3 
8700 58.3 
8710 58.36 
8720 58.41 
8730 58.41 
8740 58.41 
8750 58.46 
8760 58.57 
8770 58.52 
8780 58.47 
8790 58.42 
8800 58.42 
8810 58.36 
8820 58.36 
8830 58.36 
8840 58.41 
8850 58.41 
8860 58.35 
8870 58.4 
8880 58.4 
8890 58.45 
8900 58.45 
8910 58.4 
8920 58.35 
8930 58.41 
8940 58.41 
8950 58.47 
8960 58.47 
8970 58.47 
8980 58.52 
8990 58.52 
9000 58.52 
9010 58.57 
9020 58.57 
9030 58.51 
9040 58.46 
9050 58.4 
9060 58.35 
9070 58.35 
9080 58.3 
9090 58.25 
9100 58.25 
9110 58.31 
9120 58.42 
9130 58.48 
9140 58.53 
9150 58.53 
9160 58.64 
9170 58.7 
9180 58.75 
9190 58.8 
9200 58.8 
9210 58.8 
9220 58.8 
9230 58.69 
9240 58.69 
9250 58.69 
9260 58.63 
9270 58.57 
9280 58.52 
9290 58.47 
9300 58.42 
9310 58.36 
9320 58.36 
9330 58.36 
9340 58.31 
9350 58.31 
9360 58.26 
9370 58.26 
9380 58.37 
9390 58.42 
9400 58.47 
9410 58.47 
9420 58.36 
9430 58.36 
9440 58.36 
9450 58.36 
9460 58.36 
9470 58.36 
9480 58.25 
9490 58.2 
9500 58.15 
9510 58.1 
9520 58.1 
9530 58.21 
9540 58.26 
9550 58.21 
9560 58.21 
9570 58.21 
9580 58.26 
9590 58.31 
9600 58.36 
9610 58.36 
9620 58.41 
9630 58.35 
9640 58.3 
9650 58.35 
9660 58.35 
9670 58.35 
9680 58.35 
9690 58.41 
9700 58.36 
9710 58.36 
9720 58.36 
9730 58.31 
9740 58.31 
9750 58.31 
9760 58.42 
9770 58.42 
9780 58.42 
9790 58.31 
9800 58.31 
9810 58.36 
9820 58.31 
9830 58.36 
9840 58.36 
9850 58.36 
9860 58.25 
9870 58.25 
9880 58.2 
9890 58.2 
9900 58.36 
9910 58.36 
9920 58.36 
9930 58.25 
9940 58.2 
9950 58.15 
9960 58.1 
9970 58.1 
9980 58.21 
9990 58.26 
10000 58.21 
10010 58.21 
10020 58.21 
10030 58.26 
10040 58.31 
10050 58.36 
10060 58.36 
10070 58.41 
10080 58.35 
10090 58.3 
10100 58.35 
10110 58.35 
10120 58.35 
10130 58.35 
10140 58.41 
10150 58.36 
10160 58.36 
10170 58.36 
10180 58.31 
10190 58.31 
10200 58.31 
10210 58.42 
10220 58.42 
10230 58.42 
10240 58.31 
10250 58.31 
10260 58.36 
10270 58.31 
10280 58.36 
10290 58.36 
10300 58.36 
10310 58.25 
10320 58.25 
10330 58.2 
10340 58.2 
10350 58.4 
10360 58.4 
10370 58.4 
10380 58.46 
10390 58.41 
10400 58.46 
10410 58.46 
10420 58.41 
10430 58.46 
10440 58.46 
10450 58.52 
10460 58.47 
10470 58.47 
10480 58.41 
10490 58.46 
10500 58.46 
10510 58.41 
10520 58.41 
10530 58.41 
10540 58.41 
10550 58.35 
10560 58.35 
10570 58.3 
10580 58.3 
10590 58.3 
10600 58.3 
10610 58.35 
10620 58.46 
10630 58.46 
10640 58.46 
10650 58.46 
10660 58.46 
10670 58.46 
10680 58.46 
10690 58.52 
10700 58.52 
10710 58.52 
10720 58.46 
10730 58.46 
10740 58.46 
10750 58.41 
10760 58.46 
10770 58.46 
10780 58.41 
10790 58.3 
10800 58.3 
10810 58.3 
10820 58.3 
10830 58.3 
10840 58.36 
10850 58.41 
10860 58.41 
10870 58.41 
10880 58.46 
10890 58.57 
10900 58.52 
10910 58.47 
10920 58.42 
10930 58.42 
10940 58.36 
10950 58.36 
10960 58.36 
10970 58.41 
10980 58.41 
10990 58.35 
11000 58.4 