10 46.03 
20 46.65 
30 46.55 
40 46.45 
50 46.24 
60 46.03 
70 45.97 
80 45.81 
90 45.7 
100 45.59 
110 45.53 
120 45.47 
130 45.36 
140 45.25 
150 45.3 
160 45.3 
170 45.25 
180 45.25 
190 45.25 
200 45.25 
210 45.2 
220 45.15 
230 45.15 
240 45.15 
250 45.1 
260 45.1 
270 45.1 
280 45.1 
290 45.1 
300 45.1 
310 45.1 
320 45.1 
330 45.1 
340 45.1 
350 45.1 
360 45.1 
370 45.1 
380 45.1 
390 45.1 
400 45.1 
410 45.1 
420 45.1 
430 45.1 
440 45.1 
450 45.1 
460 45.15 
470 45.15 
480 45.15 
490 45.15 
500 45.04 
510 45.04 
520 45.04 
530 45.04 
540 45.04 
550 45.04 
560 44.99 
570 44.99 
580 44.99 
590 44.99 
600 45.1 
610 45.1 
620 45.1 
630 45.04 
640 45.04 
650 45.04 
660 45.04 
670 45.04 
680 44.98 
690 44.98 
700 44.98 
710 44.98 
720 44.98 
730 45.04 
740 45.04 
750 44.98 
760 44.98 
770 44.98 
780 45.04 
790 45.04 
800 44.98 
810 44.92 
820 44.92 
830 44.92 
840 44.86 
850 44.86 
860 44.86 
870 44.86 
880 44.86 
890 44.86 
900 44.86 
910 44.92 
920 44.92 
930 44.86 
940 44.92 
950 44.98 
960 44.98 
970 44.98 
980 44.98 
990 44.98 
1000 45.04 
1010 45.09 
1020 45.09 
1030 45.15 
1040 45.15 
1050 45.15 
1060 45.15 
1070 45.15 
1080 45.15 
1090 45.15 
1100 45.15 
1110 45.1 
1120 45.1 
1130 45.1 
1140 45.1 
1150 45.1 
1160 45.1 
1170 45.1 
1180 45.1 
1190 45.1 
1200 45.1 
1210 45.04 
1220 45.04 
1230 45.04 
1240 45.04 
1250 45.04 
1260 45.04 
1270 45.04 
1280 45.04 
1290 45.04 
1300 45.04 
1310 45.1 
1320 45.1 
1330 45.15 
1340 45.15 
1350 45.15 
1360 45.15 
1370 45.15 
1380 45.2 
1390 45.2 
1400 45.2 
1410 45.2 
1420 45.2 
1430 45.15 
1440 45.15 
1450 45.15 
1460 45.15 
1470 45.15 
1480 45.1 
1490 45.1 
1500 45.1 
1510 45.1 
1520 45.1 
1530 45.1 
1540 45.1 
1550 45.1 
1560 45.1 
1570 45.1 
1580 45.1 
1590 45.1 
1600 45.1 
1610 45.15 
1620 45.2 
1630 45.2 
1640 45.2 
1650 45.2 
1660 45.25 
1670 45.25 
1680 45.3 
1690 45.3 
1700 45.3 
1710 45.25 
1720 45.2 
1730 45.2 
1740 45.2 
1750 45.2 
1760 45.2 
1770 45.2 
1780 45.15 
1790 45.2 
1800 45.2 
1810 45.25 
1820 45.25 
1830 45.25 
1840 45.3 
1850 45.35 
1860 45.3 
1870 45.3 
1880 45.3 
1890 45.19 
1900 45.19 
1910 45.14 
1920 45.14 
1930 45.19 
1940 45.14 
1950 45.09 
1960 45.14 
1970 45.19 
1980 45.19 
1990 45.3 
2000 45.3 
2010 45.3 
2020 45.3 
2030 45.25 
2040 45.3 
2050 45.35 
2060 45.3 
2070 45.3 
2080 45.3 
2090 45.25 
2100 45.3 
2110 45.35 
2120 45.4 
2130 45.45 
2140 45.4 
2150 45.4 
2160 45.4 
2170 45.35 
2180 45.4 
2190 45.45 
2200 45.4 
2210 45.35 
2220 45.35 
2230 45.3 
2240 45.3 
2250 45.25 
2260 45.3 
2270 45.3 
2280 45.3 
2290 45.25 
2300 45.25 
2310 45.25 
2320 45.2 
2330 45.2 
2340 45.2 
2350 45.2 
2360 45.2 
2370 45.25 
2380 45.2 
2390 45.2 
2400 45.2 
2410 45.2 
2420 45.2 
2430 45.25 
2440 45.3 
2450 45.3 
2460 45.25 
2470 45.25 
2480 45.25 
2490 45.3 
2500 45.35 
2510 45.35 
2520 45.35 
2530 45.3 
2540 45.25 
2550 45.25 
2560 45.25 
2570 45.2 
2580 45.2 
2590 45.15 
2600 45.15 
2610 45.2 
2620 45.2 
2630 45.2 
2640 45.2 
2650 45.2 
2660 45.2 
2670 45.2 
2680 45.2 
2690 45.2 
2700 45.15 
2710 45.15 
2720 45.2 
2730 45.2 
2740 45.25 
2750 45.25 
2760 45.3 
2770 45.3 
2780 45.3 
2790 45.3 
2800 45.35 
2810 45.3 
2820 45.25 
2830 45.3 
2840 45.3 
2850 45.35 
2860 45.3 
2870 45.3 
2880 45.3 
2890 45.3 
2900 45.3 
2910 45.35 
2920 45.35 
2930 45.3 
2940 45.25 
2950 45.2 
2960 45.2 
2970 45.2 
2980 45.2 
2990 45.25 
3000 45.2 
3010 45.15 
3020 45.15 
3030 45.15 
3040 45.15 
3050 45.15 
3060 45.15 
3070 45.15 
3080 45.15 
3090 45.1 
3100 45.1 
3110 45.1 
3120 45.1 
3130 45.1 
3140 45.1 
3150 45.1 
3160 45.1 
3170 45.15 
3180 45.15 
3190 45.15 
3200 45.15 
3210 45.2 
3220 45.2 
3230 45.2 
3240 45.2 
3250 45.2 
3260 45.2 
3270 45.15 
3280 45.15 
3290 45.15 
3300 45.15 
3310 45.1 
3320 45.1 
3330 45.15 
3340 45.15 
3350 45.2 
3360 45.25 
3370 45.3 
3380 45.3 
3390 45.3 
3400 45.3 
3410 45.35 
3420 45.4 
3430 45.35 
3440 45.4 
3450 45.35 
3460 45.3 
3470 45.25 
3480 45.3 
3490 45.3 
3500 45.35 
3510 45.35 
3520 45.35 
3530 45.35 
3540 45.35 
3550 45.35 
3560 45.35 
3570 45.35 
3580 45.3 
3590 45.35 
3600 45.3 
3610 45.36 
3620 45.31 
3630 45.31 
3640 45.26 
3650 45.26 
3660 45.31 
3670 45.31 
3680 45.31 
3690 45.31 
3700 45.36 
3710 45.25 
3720 45.3 
3730 45.3 
3740 45.3 
3750 45.35 
3760 45.3 
3770 45.35 
3780 45.35 
3790 45.3 
3800 45.36 
3810 45.41 
3820 45.36 
3830 45.41 
3840 45.41 
3850 45.36 
3860 45.41 
3870 45.41 
3880 45.41 
3890 45.41 
3900 45.3 
3910 45.25 
3920 45.25 
3930 45.2 
3940 45.25 
3950 45.25 
3960 45.25 
3970 45.25 
3980 45.25 
3990 45.3 
4000 45.3 
4010 45.3 
4020 45.3 
4030 45.35 
4040 45.3 
4050 45.35 
4060 45.3 
4070 45.25 
4080 45.3 
4090 45.3 
4100 45.3 
4110 45.35 
4120 45.35 
4130 45.3 
4140 45.3 
4150 45.25 
4160 45.3 
4170 45.3 
4180 45.25 
4190 45.2 
4200 45.25 
4210 45.2 
4220 45.25 
4230 45.25 
4240 45.25 
4250 45.3 
4260 45.25 
4270 45.25 
4280 45.25 
4290 45.3 
4300 45.25 
4310 45.25 
4320 45.2 
4330 45.25 
4340 45.25 
4350 45.2 
4360 45.2 
4370 45.2 
4380 45.2 
4390 45.15 
4400 45.15 
4410 45.15 
4420 45.15 
4430 45.15 
4440 45.15 
4450 45.15 
4460 45.2 
4470 45.25 
4480 45.25 
4490 45.25 
4500 45.25 
4510 45.25 
4520 45.25 
4530 45.2 
4540 45.25 
4550 45.3 
4560 45.25 
4570 45.2 
4580 45.2 
4590 45.2 
4600 45.2 
4610 45.25 
4620 45.25 
4630 45.3 
4640 45.25 
4650 45.2 
4660 45.2 
4670 45.2 
4680 45.2 
4690 45.2 
4700 45.2 
4710 45.15 
4720 45.15 
4730 45.1 
4740 45.15 
4750 45.15 
4760 45.2 
4770 45.2 
4780 45.2 
4790 45.25 
4800 45.25 
4810 45.25 
4820 45.25 
4830 45.3 
4840 45.25 
4850 45.25 
4860 45.2 
4870 45.2 
4880 45.2 
4890 45.15 
4900 45.15 
4910 45.15 
4920 45.15 
4930 45.1 
4940 45.15 
4950 45.2 
4960 45.2 
4970 45.25 
4980 45.3 
4990 45.35 
5000 45.35 
5010 45.35 
5020 45.35 
5030 45.35 
5040 45.3 
5050 45.25 
5060 45.25 
5070 45.25 
5080 45.2 
5090 45.15 
5100 45.15 
5110 45.15 
5120 45.15 
5130 45.15 
5140 45.2 
5150 45.2 
5160 45.2 
5170 45.15 
5180 45.15 
5190 45.15 
5200 45.15 
5210 45.15 
5220 45.15 
5230 45.15 
5240 45.1 
5250 45.1 
5260 45.1 
5270 45.15 
5280 45.15 
5290 45.26 
5300 45.37 
5310 45.42 
5320 45.42 
5330 45.42 
5340 45.47 
5350 45.52 
5360 45.52 
5370 45.52 
5380 45.52 
5390 45.46 
5400 45.4 
5410 45.35 
5420 45.35 
5430 45.4 
5440 45.4 
5450 45.35 
5460 45.35 
5470 45.3 
5480 45.3 
5490 45.25 
5500 45.2 
5510 45.2 
5520 45.2 
5530 45.15 
5540 45.15 
5550 45.15 
5560 45.2 
5570 45.2 
5580 45.25 
5590 45.25 
5600 45.25 
5610 45.3 
5620 45.35 
5630 45.35 
5640 45.35 
5650 45.4 
5660 45.35 
5670 45.35 
5680 45.3 
5690 45.3 
5700 45.3 
5710 45.25 
5720 45.2 
5730 45.2 
5740 45.15 
5750 45.1 
5760 45.15 
5770 45.15 
5780 45.15 
5790 45.15 
5800 45.2 
5810 45.25 
5820 45.3 
5830 45.3 
5840 45.3 
5850 45.35 
5860 45.35 
5870 45.35 
5880 45.35 
5890 45.35 
5900 45.35 
5910 45.3 
5920 45.25 
5930 45.3 
5940 45.35 
5950 45.3 
5960 45.25 
5970 45.3 
5980 45.3 
5990 45.41 
6000 45.36 
6010 45.41 
6020 45.41 
6030 45.36 
6040 45.31 
6050 45.31 
6060 45.31 
6070 45.26 
6080 45.31 
6090 45.2 
6100 45.2 
6110 45.15 
6120 45.15 
6130 45.15 
6140 45.2 
6150 45.2 
6160 45.2 
6170 45.2 
6180 45.15 
6190 45.2 
6200 45.2 
6210 45.25 
6220 45.25 
6230 45.25 
6240 45.25 
6250 45.25 
6260 45.25 
6270 45.25 
6280 45.25 
6290 45.2 
6300 45.2 
6310 45.15 
6320 45.15 
6330 45.15 
6340 45.1 
6350 45.1 
6360 45.1 
6370 45.1 
6380 45.1 
6390 45.1 
6400 45.1 
6410 45.1 
6420 45.1 
6430 45.1 
6440 45.1 
6450 45.1 
6460 45.1 
6470 45.1 
6480 45.1 
6490 45.1 
6500 45.1 
6510 45.1 
6520 45.1 
6530 45.15 
6540 45.15 
6550 45.15 
6560 45.15 
6570 45.15 
6580 45.15 
6590 45.2 
6600 45.25 
6610 45.25 
6620 45.3 
6630 45.25 
6640 45.25 
6650 45.25 
6660 45.3 
6670 45.35 
6680 45.35 
6690 45.3 
6700 45.25 
6710 45.25 
6720 45.2 
6730 45.2 
6740 45.25 
6750 45.25 
6760 45.2 
6770 45.15 
6780 45.15 
6790 45.15 
6800 45.2 
6810 45.25 
6820 45.25 
6830 45.25 
6840 45.25 
6850 45.3 
6860 45.35 
6870 45.46 
6880 45.51 
6890 45.51 
6900 45.46 
6910 45.41 
6920 45.46 
6930 45.46 
6940 45.41 
6950 45.36 
6960 45.31 
6970 45.2 
6980 45.15 
6990 45.15 
7000 45.15 
7010 45.2 
7020 45.15 
7030 45.2 
7040 45.2 
7050 45.2 
7060 45.2 
7070 45.2 
7080 45.2 
7090 45.31 
7100 45.36 
7110 45.31 
7120 45.31 
7130 45.26 
7140 45.26 
7150 45.26 
7160 45.26 
7170 45.31 
7180 45.31 
7190 45.2 
7200 45.2 
7210 45.2 
7220 45.2 
7230 45.2 
7240 45.2 
7250 45.2 
7260 45.2 
7270 45.2 
7280 45.2 
7290 45.2 
7300 45.15 
7310 45.2 
7320 45.2 
7330 45.25 
7340 45.25 
7350 45.25 
7360 45.3 
7370 45.25 
7380 45.3 
7390 45.3 
7400 45.3 
7410 45.3 
7420 45.3 
7430 45.25 
7440 45.25 
7450 45.25 
7460 45.2 
7470 45.25 
7480 45.25 
7490 45.25 
7500 45.25 
7510 45.2 
7520 45.25 
7530 45.36 
7540 45.36 
7550 45.36 
7560 45.36 
7570 45.36 
7580 45.31 
7590 45.36 
7600 45.36 
7610 45.41 
7620 45.36 
7630 45.25 
7640 45.3 
7650 45.3 
7660 45.3 
7670 45.3 
7680 45.3 
7690 45.25 
7700 45.3 
7710 45.25 
7720 45.25 
7730 45.25 
7740 45.2 
7750 45.25 
7760 45.25 
7770 45.2 
7780 45.2 
7790 45.25 
7800 45.25 
7810 45.25 
7820 45.25 
7830 45.3 
7840 45.3 
7850 45.25 
7860 45.25 
7870 45.25 
7880 45.25 
7890 45.2 
7900 45.2 
7910 45.2 
7920 45.2 
7930 45.15 
7940 45.2 
7950 45.2 
7960 45.2 
7970 45.2 
7980 45.2 
7990 45.2 
8000 45.2 
8010 45.2 
8020 45.2 
8030 45.2 
8040 45.2 
8050 45.25 
8060 45.3 
8070 45.35 
8080 45.35 
8090 45.35 
8100 45.3 
8110 45.35 
8120 45.35 
8130 45.4 
8140 45.4 
8150 45.4 
8160 45.4 
8170 45.4 
8180 45.4 
8190 45.45 
8200 45.5 
8210 45.5 
8220 45.5 
8230 45.5 
8240 45.45 
8250 45.45 
8260 45.4 
8270 45.35 
8280 45.4 
8290 45.35 
8300 45.3 
8310 45.25 
8320 45.25 
8330 45.2 
8340 45.31 
8350 45.26 
8360 45.26 
8370 45.26 
8380 45.21 
8390 45.21 
8400 45.26 
8410 45.31 
8420 45.36 
8430 45.41 
8440 45.3 
8450 45.3 
8460 45.3 
8470 45.3 
8480 45.3 
8490 45.35 
8500 45.35 
8510 45.3 
8520 45.25 
8530 45.2 
8540 45.2 
8550 45.2 
8560 45.2 
8570 45.2 
8580 45.2 
8590 45.15 
8600 45.15 
8610 45.15 
8620 45.15 
8630 45.15 
8640 45.15 
8650 45.15 
8660 45.15 
8670 45.15 
8680 45.15 
8690 45.15 
8700 45.1 
8710 45.1 
8720 45.1 
8730 45.1 
8740 45.1 
8750 45.1 
8760 45.1 
8770 45.1 
8780 45.1 
8790 45.1 
8800 45.1 
8810 45.1 
8820 45.15 
8830 45.15 
8840 45.15 
8850 45.15 
8860 45.15 
8870 45.15 
8880 45.2 
8890 45.2 
8900 45.2 
8910 45.2 
8920 45.15 
8930 45.2 
8940 45.2 
8950 45.2 
8960 45.2 
8970 45.14 
8980 45.14 
8990 45.14 
9000 45.14 
9010 45.14 
9020 45.19 
9030 45.25 
9040 45.25 
9050 45.3 
9060 45.3 
9070 45.41 
9080 45.36 
9090 45.36 
9100 45.36 
9110 45.47 
9120 45.42 
9130 45.31 
9140 45.36 
9150 45.31 
9160 45.36 
9170 45.31 
9180 45.36 
9190 45.36 
9200 45.41 
9210 45.35 
9220 45.35 
9230 45.35 
9240 45.3 
9250 45.35 
9260 45.3 
9270 45.3 
9280 45.25 
9290 45.25 
9300 45.25 
9310 45.25 
9320 45.25 
9330 45.25 
9340 45.3 
9350 45.25 
9360 45.25 
9370 45.25 
9380 45.25 
9390 45.25 
9400 45.2 
9410 45.15 
9420 45.15 
9430 45.2 
9440 45.15 
9450 45.2 
9460 45.25 
9470 45.3 
9480 45.3 
9490 45.35 
9500 45.4 
9510 45.45 
9520 45.5 
9530 45.5 
9540 45.55 
9550 45.55 
9560 45.5 
9570 45.5 
9580 45.55 
9590 45.55 
9600 45.5 
9610 45.5 
9620 45.5 
9630 45.5 
9640 45.5 
9650 45.45 
9660 45.45 
9670 45.45 
9680 45.4 
9690 45.35 
9700 45.35 
9710 45.35 
9720 45.3 
9730 45.25 
9740 45.2 
9750 45.25 
9760 45.25 
9770 45.2 
9780 45.25 
9790 45.25 
9800 45.25 
9810 45.25 
9820 45.36 
9830 45.41 
9840 45.46 
9850 45.46 
9860 45.46 
9870 45.51 
9880 45.46 
9890 45.46 
9900 45.46 
9910 45.46 
9920 45.4 
9930 45.4 
9940 45.35 
9950 45.35 
9960 45.35 
9970 45.41 
9980 45.46 
9990 45.51 
10000 45.51 
10010 45.51 
10020 45.51 
10030 45.46 
10040 45.46 
10050 45.35 
10060 45.35 
10070 45.24 
10080 45.19 
10090 45.14 
10100 45.14 
10110 45.09 
10120 45.09 
10130 45.09 
10140 45.14 
10150 45.2 
10160 45.25 
10170 45.3 
10180 45.35 
10190 45.4 
10200 45.4 
10210 45.4 
10220 45.4 
10230 45.45 
10240 45.45 
10250 45.5 
10260 45.5 
10270 45.45 
10280 45.45 
10290 45.45 
10300 45.45 
10310 45.45 
10320 45.4 
10330 45.46 
10340 45.46 
10350 45.46 
10360 45.41 
10370 45.46 
10380 45.41 
10390 45.36 
10400 45.41 
10410 45.52 
10420 45.57 
10430 45.51 
10440 45.51 
10450 45.51 
10460 45.51 
10470 45.51 
10480 45.51 
10490 45.56 
10500 45.51 
10510 45.51 
10520 45.51 
10530 45.51 
10540 45.46 
10550 45.46 
10560 45.46 
10570 45.46 
10580 45.46 
10590 45.41 
10600 45.41 
10610 45.35 
10620 45.3 
10630 45.3 
10640 45.3 
10650 45.3 
10660 45.35 
10670 45.41 
10680 45.46 
10690 45.51 
10700 45.62 
10710 45.62 
10720 45.62 
10730 45.57 
10740 45.68 
10750 45.63 
10760 45.46 
10770 45.46 
10780 45.46 
10790 45.41 
10800 45.41 
10810 45.35 
10820 45.3 
10830 45.3 
10840 45.3 
10850 45.3 
10860 45.35 
10870 45.41 
10880 45.46 
10890 45.51 
10900 45.62 
10910 45.62 
10920 45.62 
10930 45.57 
10940 45.68 
10950 45.63 
10960 45.62 
10970 45.62 
10980 45.62 
10990 45.57 
11000 45.68 