10 59.23 
20 65.78 
30 65.84 
40 65.84 
50 65.95 
60 66.01 
70 66.01 
80 65.96 
90 66.07 
100 66.07 
110 66.12 
120 66.23 
130 66.23 
140 66.23 
150 66.12 
160 66.06 
170 65.95 
180 65.89 
190 65.78 
200 65.78 
210 65.67 
220 65.62 
230 65.56 
240 65.56 
250 65.51 
260 65.51 
270 65.46 
280 65.41 
290 65.41 
300 65.36 
310 65.36 
320 65.3 
330 65.3 
340 65.3 
350 65.35 
360 65.35 
370 65.4 
380 65.45 
390 65.45 
400 65.5 
410 65.5 
420 65.5 
430 65.5 
440 65.56 
450 65.67 
460 65.67 
470 65.67 
480 65.67 
490 65.67 
500 65.67 
510 65.73 
520 65.79 
530 65.79 
540 65.79 
550 65.68 
560 65.68 
570 65.74 
580 65.74 
590 65.8 
600 65.8 
610 65.74 
620 65.68 
630 65.74 
640 65.74 
650 65.8 
660 65.91 
670 65.85 
680 65.85 
690 65.9 
700 65.96 
710 65.96 
720 66.07 
730 66.01 
740 65.95 
750 65.89 
760 65.84 
770 65.84 
780 65.84 
790 65.79 
800 65.79 
810 65.79 
820 65.68 
830 65.79 
840 65.79 
850 65.85 
860 65.79 
870 65.79 
880 65.79 
890 65.73 
900 65.67 
910 65.67 
920 65.67 
930 65.56 
940 65.56 
950 65.5 
960 65.5 
970 65.5 
980 65.5 
990 65.61 
1000 65.61 
1010 65.67 
1020 65.73 
1030 65.79 
1040 65.79 
1050 65.85 
1060 65.96 
1070 66.02 
1080 66.02 
1090 65.97 
1100 65.97 
1110 65.91 
1120 65.85 
1130 65.79 
1140 65.79 
1150 65.79 
1160 65.68 
1170 65.62 
1180 65.62 
1190 65.62 
1200 65.62 
1210 65.68 
1220 65.68 
1230 65.68 
1240 65.68 
1250 65.73 
1260 65.84 
1270 65.9 
1280 65.9 
1290 65.9 
1300 66.01 
1310 65.95 
1320 66.01 
1330 66.07 
1340 66.13 
1350 66.02 
1360 66.02 
1370 66.02 
1380 66.13 
1390 66.07 
1400 66.02 
1410 66.02 
1420 65.96 
1430 66.01 
1440 66.06 
1450 66.17 
1460 66.12 
1470 66.12 
1480 66.01 
1490 66.01 
1500 66.01 
1510 66.01 
1520 66.07 
1530 65.96 
1540 65.85 
1550 65.8 
1560 65.74 
1570 65.74 
1580 65.74 
1590 65.74 
1600 65.68 
1610 65.68 
1620 65.62 
1630 65.62 
1640 65.62 
1650 65.62 
1660 65.62 
1670 65.56 
1680 65.56 
1690 65.56 
1700 65.56 
1710 65.56 
1720 65.62 
1730 65.62 
1740 65.62 
1750 65.56 
1760 65.56 
1770 65.56 
1780 65.56 
1790 65.62 
1800 65.62 
1810 65.62 
1820 65.56 
1830 65.56 
1840 65.56 
1850 65.56 
1860 65.62 
1870 65.68 
1880 65.68 
1890 65.62 
1900 65.62 
1910 65.62 
1920 65.62 
1930 65.62 
1940 65.57 
1950 65.57 
1960 65.51 
1970 65.45 
1980 65.45 
1990 65.45 
2000 65.45 
2010 65.45 
2020 65.45 
2030 65.45 
2040 65.5 
2050 65.5 
2060 65.45 
2070 65.45 
2080 65.45 
2090 65.45 
2100 65.45 
2110 65.45 
2120 65.45 
2130 65.45 
2140 65.45 
2150 65.4 
2160 65.45 
2170 65.45 
2180 65.45 
2190 65.4 
2200 65.4 
2210 65.4 
2220 65.4 
2230 65.4 
2240 65.4 
2250 65.45 
2260 65.45 
2270 65.45 
2280 65.4 
2290 65.45 
2300 65.45 
2310 65.4 
2320 65.4 
2330 65.35 
2340 65.35 
2350 65.3 
2360 65.3 
2370 65.3 
2380 65.35 
2390 65.35 
2400 65.35 
2410 65.4 
2420 65.4 
2430 65.45 
2440 65.45 
2450 65.5 
2460 65.5 
2470 65.5 
2480 65.5 
2490 65.5 
2500 65.45 
2510 65.45 
2520 65.45 
2530 65.45 
2540 65.45 
2550 65.45 
2560 65.45 
2570 65.4 
2580 65.35 
2590 65.35 
2600 65.4 
2610 65.35 
2620 65.35 
2630 65.35 
2640 65.35 
2650 65.35 
2660 65.35 
2670 65.4 
2680 65.4 
2690 65.46 
2700 65.46 
2710 65.46 
2720 65.46 
2730 65.46 
2740 65.46 
2750 65.52 
2760 65.52 
2770 65.52 
2780 65.57 
2790 65.51 
2800 65.51 
2810 65.56 
2820 65.56 
2830 65.56 
2840 65.56 
2850 65.5 
2860 65.45 
2870 65.4 
2880 65.4 
2890 65.35 
2900 65.35 
2910 65.35 
2920 65.35 
2930 65.35 
2940 65.35 
2950 65.3 
2960 65.35 
2970 65.4 
2980 65.4 
2990 65.35 
3000 65.35 
3010 65.35 
3020 65.35 
3030 65.35 
3040 65.3 
3050 65.3 
3060 65.25 
3070 65.25 
3080 65.25 
3090 65.3 
3100 65.3 
3110 65.25 
3120 65.2 
3130 65.1 
3140 65.05 
3150 65.1 
3160 65.1 
3170 65.1 
3180 65 
3190 65 
3200 64.95 
3210 65 
3220 65 
3230 65.05 
3240 65.1 
3250 65 
3260 65 
3270 64.95 
3280 65.05 
3290 65.05 
3300 65 
3310 65 
3320 65.05 
3330 65.05 
3340 65.05 
3350 65.1 
3360 65.15 
3370 65.15 
3380 65.15 
3390 65.15 
3400 65.2 
3410 65.15 
3420 65.1 
3430 65.1 
3440 65.1 
3450 65.1 
3460 65.1 
3470 65.05 
3480 65 
3490 65.05 
3500 65.05 
3510 65.05 
3520 65.1 
3530 65.05 
3540 65 
3550 64.95 
3560 64.9 
3570 64.95 
3580 64.95 
3590 64.85 
3600 64.8 
3610 64.8 
3620 64.8 
3630 64.85 
3640 64.9 
3650 64.95 
3660 65 
3670 65 
3680 65.05 
3690 65.1 
3700 65.2 
3710 65.15 
3720 65.05 
3730 65.05 
3740 65.05 
3750 65.05 
3760 65.05 
3770 65.05 
3780 65.05 
3790 65.05 
3800 65 
3810 65.05 
3820 65.1 
3830 65.1 
3840 65.1 
3850 65.1 
3860 65.05 
3870 65.05 
3880 65.05 
3890 65.05 
3900 65.1 
3910 65.1 
3920 65.1 
3930 65.1 
3940 65.1 
3950 65.15 
3960 65.15 
3970 65.15 
3980 65.1 
3990 65.1 
4000 65.05 
4010 65.05 
4020 65.1 
4030 65.15 
4040 65.15 
4050 65.1 
4060 65.05 
4070 65.05 
4080 65.05 
4090 65 
4100 65 
4110 65 
4120 64.95 
4130 64.95 
4140 64.95 
4150 64.95 
4160 64.95 
4170 64.95 
4180 64.95 
4190 65 
4200 64.95 
4210 64.95 
4220 64.9 
4230 64.85 
4240 64.85 
4250 64.8 
4260 64.8 
4270 64.8 
4280 64.8 
4290 64.75 
4300 64.8 
4310 64.85 
4320 64.85 
4330 64.85 
4340 64.85 
4350 64.9 
4360 64.95 
4370 64.95 
4380 65 
4390 65.05 
4400 65.05 
4410 64.95 
4420 65 
4430 65 
4440 65 
4450 65.05 
4460 65.05 
4470 65 
4480 64.9 
4490 64.95 
4500 64.95 
4510 65 
4520 64.95 
4530 64.9 
4540 64.9 
4550 64.8 
4560 64.8 
4570 64.85 
4580 64.85 
4590 64.8 
4600 64.8 
4610 64.8 
4620 64.85 
4630 64.85 
4640 64.8 
4650 64.85 
4660 64.9 
4670 64.9 
4680 64.9 
4690 64.9 
4700 64.85 
4710 64.8 
4720 64.75 
4730 64.75 
4740 64.75 
4750 64.7 
4760 64.65 
4770 64.65 
4780 64.65 
4790 64.6 
4800 64.6 
4810 64.7 
4820 64.75 
4830 64.75 
4840 64.75 
4850 64.8 
4860 64.75 
4870 64.75 
4880 64.8 
4890 64.8 
4900 64.8 
4910 64.75 
4920 64.7 
4930 64.7 
4940 64.75 
4950 64.7 
4960 64.75 
4970 64.75 
4980 64.7 
4990 64.7 
5000 64.7 
5010 64.65 
5020 64.65 
5030 64.7 
5040 64.7 
5050 64.75 
5060 64.75 
5070 64.7 
5080 64.75 
5090 64.75 
5100 64.75 
5110 64.75 
5120 64.8 
5130 64.8 
5140 64.75 
5150 64.75 
5160 64.75 
5170 64.75 
5180 64.75 
5190 64.75 
5200 64.8 
5210 64.85 
5220 64.85 
5230 64.85 
5240 64.85 
5250 64.85 
5260 64.85 
5270 64.9 
5280 64.85 
5290 64.9 
5300 64.85 
5310 64.9 
5320 64.85 
5330 64.8 
5340 64.85 
5350 64.9 
5360 64.85 
5370 64.85 
5380 64.9 
5390 64.9 
5400 64.95 
5410 64.9 
5420 64.95 
5430 65 
5440 65 
5450 64.95 
5460 65 
5470 65 
5480 65 
5490 65.05 
5500 65.1 
5510 65.05 
5520 65 
5530 64.95 
5540 64.95 
5550 64.9 
5560 64.9 
5570 64.9 
5580 64.95 
5590 64.9 
5600 64.85 
5610 64.9 
5620 64.95 
5630 65 
5640 65 
5650 65.05 
5660 65.05 
5670 65.05 
5680 64.95 
5690 64.95 
5700 64.95 
5710 65 
5720 65.05 
5730 65 
5740 64.95 
5750 64.9 
5760 64.9 
5770 64.9 
5780 65 
5790 65.05 
5800 65 
5810 64.95 
5820 64.9 
5830 65 
5840 65 
5850 65 
5860 65 
5870 64.95 
5880 64.9 
5890 64.85 
5900 64.9 
5910 64.9 
5920 64.9 
5930 64.85 
5940 64.9 
5950 64.95 
5960 64.95 
5970 64.95 
5980 64.9 
5990 64.85 
6000 64.85 
6010 64.85 
6020 64.8 
6030 64.8 
6040 64.75 
6050 64.75 
6060 64.7 
6070 64.75 
6080 64.8 
6090 64.8 
6100 64.8 
6110 64.85 
6120 64.9 
6130 64.9 
6140 64.9 
6150 64.85 
6160 64.85 
6170 64.85 
6180 64.8 
6190 64.85 
6200 64.85 
6210 64.8 
6220 64.8 
6230 64.85 
6240 64.9 
6250 64.95 
6260 64.95 
6270 64.95 
6280 65.05 
6290 65.05 
6300 65 
6310 65 
6320 64.95 
6330 64.9 
6340 64.9 
6350 64.85 
6360 64.9 
6370 64.9 
6380 64.8 
6390 64.8 
6400 64.8 
6410 64.85 
6420 64.85 
6430 64.85 
6440 64.85 
6450 64.85 
6460 64.8 
6470 64.8 
6480 64.8 
6490 64.75 
6500 64.8 
6510 64.75 
6520 64.8 
6530 64.8 
6540 64.8 
6550 64.8 
6560 64.8 
6570 64.85 
6580 64.9 
6590 64.9 
6600 64.85 
6610 64.8 
6620 64.75 
6630 64.7 
6640 64.7 
6650 64.75 
6660 64.8 
6670 64.75 
6680 64.8 
6690 64.8 
6700 64.8 
6710 64.8 
6720 64.85 
6730 64.9 
6740 64.9 
6750 64.85 
6760 64.85 
6770 64.8 
6780 64.75 
6790 64.8 
6800 64.8 
6810 64.85 
6820 64.8 
6830 64.8 
6840 64.75 
6850 64.8 
6860 64.75 
6870 64.75 
6880 64.7 
6890 64.65 
6900 64.7 
6910 64.7 
6920 64.75 
6930 64.75 
6940 64.75 
6950 64.7 
6960 64.7 
6970 64.8 
6980 64.8 
6990 64.8 
7000 64.8 
7010 64.8 
7020 64.75 
7030 64.75 
7040 64.8 
7050 64.8 
7060 64.9 
7070 64.85 
7080 64.85 
7090 64.85 
7100 64.8 
7110 64.75 
7120 64.75 
7130 64.7 
7140 64.65 
7150 64.65 
7160 64.6 
7170 64.55 
7180 64.55 
7190 64.55 
7200 64.55 
7210 64.6 
7220 64.65 
7230 64.7 
7240 64.75 
7250 64.75 
7260 64.7 
7270 64.75 
7280 64.75 
7290 64.75 
7300 64.8 
7310 64.8 
7320 64.8 
7330 64.75 
7340 64.75 
7350 64.8 
7360 64.85 
7370 64.85 
7380 64.9 
7390 64.9 
7400 64.85 
7410 64.85 
7420 64.85 
7430 64.85 
7440 64.8 
7450 64.75 
7460 64.75 
7470 64.7 
7480 64.65 
7490 64.7 
7500 64.75 
7510 64.7 
7520 64.7 
7530 64.7 
7540 64.7 
7550 64.7 
7560 64.65 
7570 64.65 
7580 64.65 
7590 64.6 
7600 64.55 
7610 64.6 
7620 64.6 
7630 64.6 
7640 64.65 
7650 64.65 
7660 64.7 
7670 64.7 
7680 64.7 
7690 64.7 
7700 64.7 
7710 64.7 
7720 64.7 
7730 64.7 
7740 64.65 
7750 64.7 
7760 64.7 
7770 64.7 
7780 64.75 
7790 64.75 
7800 64.75 
7810 64.7 
7820 64.75 
7830 64.75 
7840 64.75 
7850 64.75 
7860 64.75 
7870 64.75 
7880 64.7 
7890 64.75 
7900 64.75 
7910 64.75 
7920 64.65 
7930 64.7 
7940 64.75 
7950 64.75 
7960 64.75 
7970 64.8 
7980 64.85 
7990 64.8 
8000 64.8 
8010 64.85 
8020 64.9 
8030 64.9 
8040 64.85 
8050 64.8 
8060 64.8 
8070 64.75 
8080 64.7 
8090 64.7 
8100 64.7 
8110 64.65 
8120 64.6 
8130 64.55 
8140 64.55 
8150 64.55 
8160 64.5 
8170 64.55 
8180 64.55 
8190 64.55 
8200 64.55 
8210 64.55 
8220 64.6 
8230 64.6 
8240 64.65 
8250 64.65 
8260 64.7 
8270 64.65 
8280 64.65 
8290 64.7 
8300 64.75 
8310 64.8 
8320 64.75 
8330 64.75 
8340 64.75 
8350 64.75 
8360 64.8 
8370 64.8 
8380 64.8 
8390 64.75 
8400 64.7 
8410 64.65 
8420 64.7 
8430 64.64 
8440 64.59 
8450 64.59 
8460 64.49 
8470 64.49 
8480 64.54 
8490 64.54 
8500 64.54 
8510 64.59 
8520 64.59 
8530 64.65 
8540 64.7 
8550 64.75 
8560 64.8 
8570 64.85 
8580 64.8 
8590 64.85 
8600 64.85 
8610 64.8 
8620 64.75 
8630 64.75 
8640 64.75 
8650 64.7 
8660 64.65 
8670 64.6 
8680 64.6 
8690 64.55 
8700 64.6 
8710 64.6 
8720 64.6 
8730 64.6 
8740 64.55 
8750 64.55 
8760 64.55 
8770 64.55 
8780 64.55 
8790 64.55 
8800 64.55 
8810 64.55 
8820 64.55 
8830 64.6 
8840 64.6 
8850 64.65 
8860 64.65 
8870 64.65 
8880 64.65 
8890 64.65 
8900 64.6 
8910 64.6 
8920 64.6 
8930 64.6 
8940 64.6 
8950 64.55 
8960 64.6 
8970 64.6 
8980 64.6 
8990 64.6 
9000 64.6 
9010 64.6 
9020 64.6 
9030 64.55 
9040 64.49 
9050 64.38 
9060 64.33 
9070 64.33 
9080 64.33 
9090 64.33 
9100 64.33 
9110 64.33 
9120 64.22 
9130 64.22 
9140 64.28 
9150 64.39 
9160 64.44 
9170 64.49 
9180 64.49 
9190 64.49 
9200 64.49 
9210 64.49 
9220 64.6 
9230 64.65 
9240 64.65 
9250 64.65 
9260 64.6 
9270 64.55 
9280 64.55 
9290 64.55 
9300 64.55 
9310 64.6 
9320 64.65 
9330 64.65 
9340 64.7 
9350 64.75 
9360 64.8 
9370 64.8 
9380 64.85 
9390 64.85 
9400 64.85 
9410 64.8 
9420 64.75 
9430 64.7 
9440 64.65 
9450 64.6 
9460 64.6 
9470 64.6 
9480 64.55 
9490 64.55 
9500 64.6 
9510 64.6 
9520 64.65 
9530 64.7 
9540 64.7 
9550 64.7 
9560 64.7 
9570 64.75 
9580 64.75 
9590 64.75 
9600 64.75 
9610 64.75 
9620 64.75 
9630 64.75 
9640 64.8 
9650 64.9 
9660 64.85 
9670 64.85 
9680 64.9 
9690 64.9 
9700 64.85 
9710 64.85 
9720 64.8 
9730 64.75 
9740 64.7 
9750 64.65 
9760 64.65 
9770 64.6 
9780 64.6 
9790 64.6 
9800 64.54 
9810 64.59 
9820 64.59 
9830 64.64 
9840 64.64 
9850 64.59 
9860 64.59 
9870 64.59 
9880 64.59 
9890 64.59 
9900 64.65 
9910 64.6 
9920 64.65 
9930 64.6 
9940 64.65 
9950 64.65 
9960 64.65 
9970 64.65 
9980 64.65 
9990 64.65 
10000 64.65 
10010 64.65 
10020 64.65 
10030 64.7 
10040 64.7 
10050 64.75 
10060 64.75 
10070 64.8 
10080 64.75 
10090 64.75 
10100 64.75 
10110 64.75 
10120 64.75 
10130 64.7 
10140 64.75 
10150 64.75 
10160 64.8 
10170 64.75 
10180 64.8 
10190 64.8 
10200 64.8 
10210 64.85 
10220 64.8 
10230 64.8 
10240 64.75 
10250 64.7 
10260 64.7 
10270 64.75 
10280 64.7 
10290 64.7 
10300 64.7 
10310 64.65 
10320 64.7 
10330 64.7 
10340 64.7 
10350 64.7 
10360 64.7 
10370 64.65 
10380 64.65 
10390 64.65 
10400 64.65 
10410 64.65 
10420 64.6 
10430 64.6 
10440 64.55 
10450 64.55 
10460 64.55 
10470 64.6 
10480 64.65 
10490 64.65 
10500 64.65 
10510 64.65 
10520 64.65 
10530 64.65 
10540 64.65 
10550 64.7 
10560 64.7 
10570 64.7 
10580 64.65 
10590 64.65 
10600 64.65 
10610 64.7 
10620 64.7 
10630 64.7 
10640 64.7 
10650 64.65 
10660 64.65 
10670 64.6 
10680 64.65 
10690 64.65 
10700 64.65 
10710 64.6 
10720 64.6 
10730 64.65 
10740 64.75 
10750 64.75 
10760 64.75 
10770 64.75 
10780 64.7 
10790 64.7 
10800 64.7 
10810 64.75 
10820 64.85 
10830 64.85 
10840 64.85 
10850 64.9 
10860 64.9 
10870 64.9 
10880 64.9 
10890 64.95 
10900 64.95 
10910 64.95 
10920 64.9 
10930 64.85 
10940 64.8 
10950 64.75 
10960 64.75 
10970 64.75 
10980 64.75 
10990 64.75 
11000 64.75 