10 40.48 
20 44.99 
30 44.99 
40 45.1 
50 45.1 
60 45.1 
70 45.1 
80 45.1 
90 45.1 
100 45.1 
110 45.1 
120 45.1 
130 45.1 
140 45.1 
150 45.1 
160 45.1 
170 45.15 
180 45.09 
190 45.09 
200 45.03 
210 45.03 
220 45.03 
230 45.03 
240 45.03 
250 45.03 
260 45.03 
270 44.98 
280 45.04 
290 45.04 
300 45.1 
310 45.1 
320 45.1 
330 45.1 
340 45.1 
350 45.1 
360 45.15 
370 45.15 
380 45.15 
390 45.15 
400 45.15 
410 45.15 
420 45.09 
430 45.09 
440 45.09 
450 45.09 
460 45.04 
470 45.04 
480 45.04 
490 45.04 
500 45.04 
510 45.04 
520 45.1 
530 45.1 
540 45.1 
550 45.1 
560 45.1 
570 45.1 
580 45.1 
590 45.1 
600 45.1 
610 45.1 
620 45.1 
630 45.1 
640 45.1 
650 45.1 
660 45.1 
670 45.15 
680 45.15 
690 45.15 
700 45.15 
710 45.15 
720 45.15 
730 45.15 
740 45.15 
750 45.2 
760 45.2 
770 45.15 
780 45.15 
790 45.15 
800 45.15 
810 45.15 
820 45.15 
830 45.15 
840 45.15 
850 45.1 
860 45.1 
870 45.1 
880 45.15 
890 45.15 
900 45.15 
910 45.15 
920 45.15 
930 45.15 
940 45.2 
950 45.2 
960 45.2 
970 45.2 
980 45.2 
990 45.2 
1000 45.2 
1010 45.25 
1020 45.25 
1030 45.25 
1040 45.2 
1050 45.2 
1060 45.2 
1070 45.25 
1080 45.2 
1090 45.2 
1100 45.31 
1110 45.31 
1120 45.36 
1130 45.36 
1140 45.47 
1150 45.52 
1160 45.63 
1170 45.63 
1180 45.68 
1190 45.68 
1200 45.62 
1210 45.68 
1220 45.74 
1230 45.79 
1240 45.79 
1250 45.79 
1260 45.73 
1270 45.68 
1280 45.68 
1290 45.73 
1300 45.73 
1310 45.67 
1320 45.56 
1330 45.56 
1340 45.56 
1350 45.56 
1360 45.62 
1370 45.67 
1380 45.67 
1390 45.62 
1400 45.57 
1410 45.57 
1420 45.57 
1430 45.57 
1440 45.46 
1450 45.41 
1460 45.35 
1470 45.3 
1480 45.25 
1490 45.25 
1500 45.25 
1510 45.2 
1520 45.25 
1530 45.2 
1540 45.2 
1550 45.25 
1560 45.2 
1570 45.25 
1580 45.25 
1590 45.25 
1600 45.25 
1610 45.25 
1620 45.2 
1630 45.2 
1640 45.2 
1650 45.15 
1660 45.15 
1670 45.1 
1680 45.1 
1690 45.1 
1700 45.1 
1710 45.1 
1720 45.1 
1730 45.15 
1740 45.15 
1750 45.15 
1760 45.15 
1770 45.15 
1780 45.15 
1790 45.15 
1800 45.15 
1810 45.15 
1820 45.15 
1830 45.1 
1840 45.1 
1850 45.1 
1860 45.1 
1870 45.1 
1880 45.1 
1890 45.1 
1900 45.04 
1910 45.04 
1920 45.04 
1930 45.04 
1940 45.04 
1950 44.98 
1960 44.98 
1970 44.98 
1980 44.98 
1990 44.98 
2000 44.98 
2010 44.92 
2020 44.92 
2030 44.86 
2040 44.86 
2050 44.92 
2060 44.92 
2070 44.92 
2080 44.92 
2090 44.86 
2100 44.92 
2110 44.87 
2120 44.81 
2130 44.81 
2140 44.81 
2150 44.75 
2160 44.69 
2170 44.69 
2180 44.63 
2190 44.69 
2200 44.69 
2210 44.8 
2220 44.86 
2230 44.86 
2240 44.86 
2250 44.86 
2260 44.86 
2270 44.86 
2280 44.92 
2290 44.92 
2300 44.86 
2310 44.86 
2320 44.8 
2330 44.86 
2340 44.8 
2350 44.8 
2360 44.86 
2370 44.86 
2380 44.8 
2390 44.8 
2400 44.86 
2410 44.8 
2420 44.86 
2430 44.86 
2440 44.92 
2450 44.98 
2460 44.98 
2470 44.98 
2480 45.04 
2490 45.04 
2500 44.98 
2510 44.98 
2520 44.92 
2530 44.92 
2540 44.86 
2550 44.86 
2560 44.8 
2570 44.8 
2580 44.74 
2590 44.74 
2600 44.74 
2610 44.8 
2620 44.86 
2630 44.86 
2640 44.86 
2650 44.86 
2660 44.92 
2670 44.81 
2680 44.76 
2690 44.7 
2700 44.7 
2710 44.64 
2720 44.53 
2730 44.47 
2740 44.47 
2750 44.41 
2760 44.3 
2770 44.35 
2780 44.4 
2790 44.46 
2800 44.46 
2810 44.52 
2820 44.63 
2830 44.63 
2840 44.63 
2850 44.63 
2860 44.68 
2870 44.74 
2880 44.8 
2890 44.74 
2900 44.8 
2910 44.74 
2920 44.74 
2930 44.74 
2940 44.8 
2950 44.8 
2960 44.86 
2970 44.8 
2980 44.8 
2990 44.75 
3000 44.69 
3010 44.75 
3020 44.75 
3030 44.75 
3040 44.75 
3050 44.81 
3060 44.7 
3070 44.76 
3080 44.76 
3090 44.76 
3100 44.82 
3110 44.82 
3120 44.76 
3130 44.71 
3140 44.71 
3150 44.71 
3160 44.82 
3170 44.82 
3180 44.71 
3190 44.76 
3200 44.7 
3210 44.64 
3220 44.7 
3230 44.81 
3240 44.75 
3250 44.75 
3260 44.75 
3270 44.75 
3280 44.86 
3290 44.86 
3300 44.92 
3310 44.98 
3320 44.98 
3330 44.92 
3340 44.98 
3350 44.92 
3360 44.92 
3370 44.86 
3380 44.75 
3390 44.75 
3400 44.75 
3410 44.69 
3420 44.69 
3430 44.75 
3440 44.75 
3450 44.75 
3460 44.69 
3470 44.69 
3480 44.74 
3490 44.8 
3500 44.74 
3510 44.74 
3520 44.74 
3530 44.63 
3540 44.57 
3550 44.57 
3560 44.63 
3570 44.63 
3580 44.63 
3590 44.63 
3600 44.63 
3610 44.69 
3620 44.58 
3630 44.58 
3640 44.58 
3650 44.64 
3660 44.53 
3670 44.53 
3680 44.53 
3690 44.47 
3700 44.53 
3710 44.47 
3720 44.58 
3730 44.69 
3740 44.75 
3750 44.69 
3760 44.8 
3770 44.75 
3780 44.75 
3790 44.75 
3800 44.69 
3810 44.64 
3820 44.58 
3830 44.58 
3840 44.47 
3850 44.47 
3860 44.41 
3870 44.46 
3880 44.52 
3890 44.52 
3900 44.52 
3910 44.52 
3920 44.52 
3930 44.52 
3940 44.63 
3950 44.69 
3960 44.69 
3970 44.69 
3980 44.63 
3990 44.69 
4000 44.75 
4010 44.8 
4020 44.8 
4030 44.74 
4040 44.74 
4050 44.63 
4060 44.69 
4070 44.69 
4080 44.64 
4090 44.58 
4100 44.52 
4110 44.58 
4120 44.64 
4130 44.59 
4140 44.53 
4150 44.64 
4160 44.58 
4170 44.53 
4180 44.58 
4190 44.58 
4200 44.58 
4210 44.52 
4220 44.52 
4230 44.63 
4240 44.63 
4250 44.52 
4260 44.52 
4270 44.57 
4280 44.52 
4290 44.47 
4300 44.42 
4310 44.37 
4320 44.26 
4330 44.2 
4340 44.2 
4350 44.31 
4360 44.37 
4370 44.32 
4380 44.37 
4390 44.37 
4400 44.48 
4410 44.53 
4420 44.64 
4430 44.64 
4440 44.59 
4450 44.53 
4460 44.47 
4470 44.52 
4480 44.52 
4490 44.52 
4500 44.52 
4510 44.52 
4520 44.46 
4530 44.41 
4540 44.46 
4550 44.46 
4560 44.46 
4570 44.41 
4580 44.41 
4590 44.46 
4600 44.4 
4610 44.4 
4620 44.35 
4630 44.35 
4640 44.3 
4650 44.25 
4660 44.31 
4670 44.36 
4680 44.31 
4690 44.37 
4700 44.37 
4710 44.37 
4720 44.42 
4730 44.47 
4740 44.52 
4750 44.63 
4760 44.57 
4770 44.52 
4780 44.57 
4790 44.51 
4800 44.51 
4810 44.51 
4820 44.51 
4830 44.51 
4840 44.46 
4850 44.4 
4860 44.4 
4870 44.4 
4880 44.46 
4890 44.41 
4900 44.47 
4910 44.47 
4920 44.47 
4930 44.47 
4940 44.52 
4950 44.58 
4960 44.58 
4970 44.69 
4980 44.58 
4990 44.63 
5000 44.57 
5010 44.57 
5020 44.57 
5030 44.52 
5040 44.52 
5050 44.52 
5060 44.52 
5070 44.46 
5080 44.51 
5090 44.51 
5100 44.51 
5110 44.51 
5120 44.51 
5130 44.56 
5140 44.56 
5150 44.56 
5160 44.56 
5170 44.51 
5180 44.57 
5190 44.63 
5200 44.58 
5210 44.58 
5220 44.58 
5230 44.64 
5240 44.64 
5250 44.58 
5260 44.53 
5270 44.64 
5280 44.58 
5290 44.52 
5300 44.57 
5310 44.57 
5320 44.63 
5330 44.57 
5340 44.57 
5350 44.57 
5360 44.68 
5370 44.68 
5380 44.63 
5390 44.58 
5400 44.53 
5410 44.53 
5420 44.47 
5430 44.47 
5440 44.47 
5450 44.42 
5460 44.36 
5470 44.36 
5480 44.41 
5490 44.46 
5500 44.51 
5510 44.51 
5520 44.46 
5530 44.46 
5540 44.41 
5550 44.41 
5560 44.41 
5570 44.41 
5580 44.36 
5590 44.36 
5600 44.36 
5610 44.42 
5620 44.47 
5630 44.53 
5640 44.53 
5650 44.53 
5660 44.48 
5670 44.37 
5680 44.42 
5690 44.42 
5700 44.42 
5710 44.36 
5720 44.36 
5730 44.25 
5740 44.3 
5750 44.3 
5760 44.41 
5770 44.46 
5780 44.46 
5790 44.46 
5800 44.41 
5810 44.41 
5820 44.47 
5830 44.52 
5840 44.47 
5850 44.47 
5860 44.36 
5870 44.36 
5880 44.31 
5890 44.26 
5900 44.26 
5910 44.21 
5920 44.1 
5930 44.1 
5940 44.21 
5950 44.26 
5960 44.31 
5970 44.31 
5980 44.31 
5990 44.36 
6000 44.47 
6010 44.58 
6020 44.63 
6030 44.69 
6040 44.63 
6050 44.58 
6060 44.53 
6070 44.48 
6080 44.53 
6090 44.48 
6100 44.42 
6110 44.31 
6120 44.26 
6130 44.15 
6140 44.1 
6150 44.1 
6160 44.15 
6170 44.15 
6180 44.1 
6190 44.21 
6200 44.16 
6210 44.21 
6220 44.21 
6230 44.21 
6240 44.21 
6250 44.26 
6260 44.26 
6270 44.31 
6280 44.36 
6290 44.25 
6300 44.25 
6310 44.2 
6320 44.2 
6330 44.2 
6340 44.2 
6350 44.2 
6360 44.2 
6370 44.15 
6380 44.1 
6390 44.1 
6400 44.15 
6410 44.2 
6420 44.2 
6430 44.25 
6440 44.3 
6450 44.3 
6460 44.25 
6470 44.36 
6480 44.41 
6490 44.41 
6500 44.36 
6510 44.31 
6520 44.31 
6530 44.37 
6540 44.37 
6550 44.37 
6560 44.42 
6570 44.36 
6580 44.42 
6590 44.47 
6600 44.47 
6610 44.52 
6620 44.52 
6630 44.52 
6640 44.47 
6650 44.47 
6660 44.42 
6670 44.42 
6680 44.31 
6690 44.37 
6700 44.42 
6710 44.48 
6720 44.48 
6730 44.37 
6740 44.42 
6750 44.48 
6760 44.59 
6770 44.54 
6780 44.54 
6790 44.43 
6800 44.43 
6810 44.43 
6820 44.43 
6830 44.48 
6840 44.43 
6850 44.37 
6860 44.26 
6870 44.31 
6880 44.31 
6890 44.31 
6900 44.31 
6910 44.2 
6920 44.2 
6930 44.15 
6940 44.15 
6950 44.15 
6960 44.15 
6970 44.1 
6980 44.15 
6990 44.26 
7000 44.21 
7010 44.26 
7020 44.31 
7030 44.31 
7040 44.31 
7050 44.37 
7060 44.37 
7070 44.37 
7080 44.32 
7090 44.26 
7100 44.31 
7110 44.26 
7120 44.26 
7130 44.31 
7140 44.31 
7150 44.2 
7160 44.25 
7170 44.25 
7180 44.25 
7190 44.31 
7200 44.31 
7210 44.31 
7220 44.37 
7230 44.32 
7240 44.43 
7250 44.48 
7260 44.43 
7270 44.43 
7280 44.48 
7290 44.42 
7300 44.37 
7310 44.37 
7320 44.26 
7330 44.31 
7340 44.2 
7350 44.15 
7360 44.15 
7370 44.2 
7380 44.15 
7390 44.1 
7400 44.15 
7410 44.15 
7420 44.2 
7430 44.15 
7440 44.15 
7450 44.15 
7460 44.15 
7470 44.1 
7480 44.1 
7490 44.1 
7500 44.1 
7510 44.1 
7520 44.05 
7530 44.05 
7540 44.1 
7550 44.15 
7560 44.15 
7570 44.2 
7580 44.2 
7590 44.2 
7600 44.15 
7610 44.15 
7620 44.15 
7630 44.15 
7640 44.15 
7650 44.21 
7660 44.21 
7670 44.21 
7680 44.21 
7690 44.26 
7700 44.26 
7710 44.26 
7720 44.26 
7730 44.26 
7740 44.21 
7750 44.1 
7760 44.1 
7770 44.05 
7780 44.16 
7790 44.11 
7800 44.16 
7810 44.16 
7820 44.27 
7830 44.32 
7840 44.37 
7850 44.37 
7860 44.42 
7870 44.42 
7880 44.31 
7890 44.31 
7900 44.26 
7910 44.26 
7920 44.2 
7930 44.2 
7940 44.15 
7950 44.15 
7960 44.1 
7970 44.1 
7980 44.1 
7990 44.15 
8000 44.15 
8010 44.2 
8020 44.15 
8030 44.21 
8040 44.26 
8050 44.26 
8060 44.37 
8070 44.37 
8080 44.42 
8090 44.37 
8100 44.37 
8110 44.37 
8120 44.42 
8130 44.36 
8140 44.36 
8150 44.36 
8160 44.3 
8170 44.3 
8180 44.25 
8190 44.25 
8200 44.36 
8210 44.31 
8220 44.26 
8230 44.21 
8240 44.16 
8250 44.27 
8260 44.27 
8270 44.27 
8280 44.32 
8290 44.32 
8300 44.21 
8310 44.21 
8320 44.21 
8330 44.21 
8340 44.32 
8350 44.21 
8360 44.21 
8370 44.26 
8380 44.26 
8390 44.26 
8400 44.37 
8410 44.37 
8420 44.37 
8430 44.37 
8440 44.31 
8450 44.36 
8460 44.31 
8470 44.26 
8480 44.21 
8490 44.21 
8500 44.15 
8510 44.15 
8520 44.15 
8530 44.1 
8540 44.05 
8550 44 
8560 44.05 
8570 44.05 
8580 44.1 
8590 44.21 
8600 44.21 
8610 44.26 
8620 44.26 
8630 44.31 
8640 44.31 
8650 44.36 
8660 44.36 
8670 44.36 
8680 44.31 
8690 44.25 
8700 44.25 
8710 44.2 
8720 44.25 
8730 44.3 
8740 44.3 
8750 44.25 
8760 44.25 
8770 44.3 
8780 44.35 
8790 44.3 
8800 44.25 
8810 44.25 
8820 44.2 
8830 44.15 
8840 44.15 
8850 44.2 
8860 44.15 
8870 44.15 
8880 44.1 
8890 44.15 
8900 44.15 
8910 44.2 
8920 44.2 
8930 44.25 
8940 44.3 
8950 44.3 
8960 44.3 
8970 44.25 
8980 44.36 
8990 44.36 
9000 44.36 
9010 44.31 
9020 44.31 
9030 44.26 
9040 44.21 
9050 44.21 
9060 44.26 
9070 44.26 
9080 44.2 
9090 44.15 
9100 44.15 
9110 44.15 
9120 44.2 
9130 44.2 
9140 44.2 
9150 44.15 
9160 44.15 
9170 44.2 
9180 44.15 
9190 44.26 
9200 44.31 
9210 44.36 
9220 44.31 
9230 44.31 
9240 44.42 
9250 44.47 
9260 44.42 
9270 44.42 
9280 44.42 
9290 44.36 
9300 44.42 
9310 44.42 
9320 44.53 
9330 44.53 
9340 44.42 
9350 44.37 
9360 44.37 
9370 44.32 
9380 44.37 
9390 44.32 
9400 44.21 
9410 44.16 
9420 44.05 
9430 44.05 
9440 44.1 
9450 44.1 
9460 44.1 
9470 44.15 
9480 44.1 
9490 44.1 
9500 44.1 
9510 44.15 
9520 44.15 
9530 44.2 
9540 44.2 
9550 44.25 
9560 44.25 
9570 44.25 
9580 44.25 
9590 44.25 
9600 44.25 
9610 44.2 
9620 44.25 
9630 44.2 
9640 44.2 
9650 44.15 
9660 44.2 
9670 44.15 
9680 44.2 
9690 44.2 
9700 44.2 
9710 44.2 
9720 44.2 
9730 44.25 
9740 44.2 
9750 44.25 
9760 44.2 
9770 44.2 
9780 44.2 
9790 44.25 
9800 44.36 
9810 44.41 
9820 44.41 
9830 44.41 
9840 44.41 
9850 44.36 
9860 44.41 
9870 44.46 
9880 44.46 
9890 44.46 
9900 44.4 
9910 44.4 
9920 44.4 
9930 44.35 
9940 44.35 
9950 44.4 
9960 44.4 
9970 44.35 
9980 44.35 
9990 44.41 
10000 44.41 
10010 44.41 
10020 44.36 
10030 44.41 
10040 44.41 
10050 44.36 
10060 44.36 
10070 44.36 
10080 44.31 
10090 44.2 
10100 44.15 
10110 44.1 
10120 44.15 
10130 44.1 
10140 44.1 
10150 44.15 
10160 44.15 
10170 44.15 
10180 44.15 
10190 44.26 
10200 44.26 
10210 44.37 
10220 44.37 
10230 44.37 
10240 44.42 
10250 44.37 
10260 44.32 
10270 44.32 
10280 44.32 
10290 44.26 
10300 44.26 
10310 44.2 
10320 44.15 
10330 44.2 
10340 44.15 
10350 44.15 
10360 44.15 
10370 44.15 
10380 44.15 
10390 44.15 
10400 44.2 
10410 44.15 
10420 44.15 
10430 44.21 
10440 44.21 
10450 44.21 
10460 44.21 
10470 44.21 
10480 44.26 
10490 44.21 
10500 44.27 
10510 44.27 
10520 44.32 
10530 44.26 
10540 44.26 
10550 44.37 
10560 44.42 
10570 44.47 
10580 44.42 
10590 44.42 
10600 44.31 
10610 44.31 
10620 44.26 
10630 44.26 
10640 44.31 
10650 44.2 
10660 44.15 
10670 44.1 
10680 44.15 
10690 44.15 
10700 44.26 
10710 44.26 
10720 44.26 
10730 44.21 
10740 44.16 
10750 44.21 
10760 44.21 
10770 44.26 
10780 44.32 
10790 44.32 
10800 44.21 
10810 44.21 
10820 44.21 
10830 44.21 
10840 44.26 
10850 44.21 
10860 44.21 
10870 44.21 
10880 44.1 
10890 44.1 
10900 44.1 
10910 44.15 
10920 44.15 
10930 44.15 
10940 44.1 
10950 44.1 
10960 44.1 
10970 44.1 
10980 44.1 
10990 44.15 
11000 44.2 