10 54.2 
20 60.32 
30 60.38 
40 60.44 
50 60.5 
60 60.5 
70 60.5 
80 60.5 
90 60.39 
100 60.45 
110 60.51 
120 60.4 
130 60.34 
140 60.28 
150 60.28 
160 60.34 
170 60.4 
180 60.4 
190 60.46 
200 60.4 
210 60.34 
220 60.34 
230 60.34 
240 60.4 
250 60.4 
260 60.34 
270 60.28 
280 60.34 
290 60.18 
300 60.18 
310 60.18 
320 60.24 
330 60.24 
340 60.24 
350 60.24 
360 60.24 
370 60.24 
380 60.18 
390 60.34 
400 60.4 
410 60.46 
420 60.46 
430 60.46 
440 60.4 
450 60.34 
460 60.34 
470 60.34 
480 60.34 
490 60.28 
500 60.22 
510 60.16 
520 60.16 
530 60.16 
540 60.16 
550 60.16 
560 60.22 
570 60.22 
580 60.22 
590 60.22 
600 60.28 
610 60.28 
620 60.22 
630 60.28 
640 60.28 
650 60.28 
660 60.28 
670 60.34 
680 60.4 
690 60.4 
700 60.34 
710 60.4 
720 60.46 
730 60.46 
740 60.57 
750 60.57 
760 60.51 
770 60.45 
780 60.45 
790 60.45 
800 60.45 
810 60.39 
820 60.39 
830 60.39 
840 60.28 
850 60.28 
860 60.34 
870 60.4 
880 60.34 
890 60.34 
900 60.4 
910 60.4 
920 60.4 
930 60.4 
940 60.51 
950 60.51 
960 60.51 
970 60.51 
980 60.57 
990 60.57 
1000 60.57 
1010 60.57 
1020 60.51 
1030 60.51 
1040 60.46 
1050 60.52 
1060 60.52 
1070 60.52 
1080 60.52 
1090 60.58 
1100 60.58 
1110 60.69 
1120 60.8 
1130 60.85 
1140 60.9 
1150 60.95 
1160 61 
1170 61 
1180 61 
1190 61.05 
1200 61.1 
1210 61.1 
1220 61.16 
1230 61.11 
1240 61.11 
1250 61.11 
1260 61.11 
1270 61.16 
1280 61.21 
1290 61.21 
1300 61.21 
1310 61.21 
1320 61.1 
1330 61.21 
1340 61.21 
1350 61.21 
1360 61.21 
1370 61.21 
1380 61.21 
1390 61.21 
1400 61.21 
1410 61.21 
1420 61.26 
1430 61.2 
1440 61.2 
1450 61.15 
1460 61.1 
1470 61.05 
1480 61.05 
1490 61.05 
1500 61 
1510 61 
1520 60.95 
1530 60.84 
1540 60.79 
1550 60.79 
1560 60.79 
1570 60.79 
1580 60.68 
1590 60.57 
1600 60.62 
1610 60.51 
1620 60.51 
1630 60.51 
1640 60.51 
1650 60.45 
1660 60.45 
1670 60.45 
1680 60.51 
1690 60.57 
1700 60.52 
1710 60.52 
1720 60.52 
1730 60.52 
1740 60.46 
1750 60.46 
1760 60.4 
1770 60.4 
1780 60.4 
1790 60.34 
1800 60.34 
1810 60.34 
1820 60.34 
1830 60.34 
1840 60.34 
1850 60.34 
1860 60.34 
1870 60.34 
1880 60.28 
1890 60.34 
1900 60.28 
1910 60.28 
1920 60.22 
1930 60.22 
1940 60.17 
1950 60.17 
1960 60.17 
1970 60.11 
1980 60.11 
1990 60.05 
2000 60.11 
2010 60.11 
2020 60.11 
2030 60.11 
2040 60.16 
2050 60.16 
2060 60.16 
2070 60.16 
2080 60.16 
2090 60.22 
2100 60.16 
2110 60.22 
2120 60.22 
2130 60.22 
2140 60.17 
2150 60.17 
2160 60.17 
2170 60.17 
2180 60.17 
2190 60.06 
2200 60.06 
2210 60 
2220 60 
2230 60 
2240 60.11 
2250 60.11 
2260 60.17 
2270 60.17 
2280 60.23 
2290 60.28 
2300 60.28 
2310 60.28 
2320 60.28 
2330 60.28 
2340 60.22 
2350 60.22 
2360 60.16 
2370 60.16 
2380 60.1 
2390 60.1 
2400 60.1 
2410 60.16 
2420 60.22 
2430 60.22 
2440 60.22 
2450 60.22 
2460 60.22 
2470 60.22 
2480 60.22 
2490 60.17 
2500 60.17 
2510 60.11 
2520 60.11 
2530 60.17 
2540 60.17 
2550 60.17 
2560 60.23 
2570 60.29 
2580 60.29 
2590 60.34 
2600 60.34 
2610 60.24 
2620 60.18 
2630 60.12 
2640 60.12 
2650 60.12 
2660 60.01 
2670 59.95 
2680 59.95 
2690 59.95 
2700 59.95 
2710 60.05 
2720 60.05 
2730 60.05 
2740 60.05 
2750 60.05 
2760 60.1 
2770 60.1 
2780 60.1 
2790 60.1 
2800 60.1 
2810 60.05 
2820 60.05 
2830 60.11 
2840 60.11 
2850 60.11 
2860 60.11 
2870 60.11 
2880 60.11 
2890 60.17 
2900 60.17 
2910 60.22 
2920 60.22 
2930 60.16 
2940 60.16 
2950 60.11 
2960 60.11 
2970 60.06 
2980 60.06 
2990 59.9 
3000 59.9 
3010 59.9 
3020 59.9 
3030 59.85 
3040 59.85 
3050 59.9 
3060 59.9 
3070 59.95 
3080 59.95 
3090 60.05 
3100 60.05 
3110 60.05 
3120 60.05 
3130 60.1 
3140 60.05 
3150 60.05 
3160 60.05 
3170 59.95 
3180 59.95 
3190 59.95 
3200 59.95 
3210 59.95 
3220 59.85 
3230 59.85 
3240 59.9 
3250 59.9 
3260 59.9 
3270 60 
3280 60 
3290 60 
3300 59.9 
3310 59.9 
3320 59.95 
3330 59.95 
3340 59.95 
3350 59.95 
3360 59.85 
3370 59.85 
3380 59.85 
3390 59.85 
3400 59.9 
3410 59.9 
3420 59.95 
3430 59.9 
3440 59.9 
3450 59.85 
3460 59.95 
3470 59.95 
3480 59.9 
3490 59.9 
3500 59.95 
3510 60.01 
3520 60.07 
3530 60.12 
3540 60.02 
3550 60.07 
3560 60.07 
3570 60.07 
3580 60.12 
3590 60.12 
3600 60.07 
3610 59.91 
3620 59.85 
3630 59.85 
3640 59.95 
3650 59.95 
3660 59.95 
3670 59.95 
3680 59.95 
3690 59.9 
3700 59.95 
3710 60.05 
3720 60.05 
3730 60 
3740 60 
3750 60 
3760 60 
3770 59.9 
3780 59.9 
3790 59.95 
3800 59.9 
3810 59.9 
3820 59.9 
3830 59.85 
3840 59.85 
3850 59.85 
3860 59.85 
3870 59.95 
3880 59.95 
3890 59.85 
3900 59.9 
3910 59.9 
3920 59.85 
3930 59.9 
3940 59.9 
3950 59.9 
3960 59.9 
3970 59.85 
3980 59.8 
3990 59.9 
4000 59.9 
4010 59.9 
4020 59.95 
4030 60 
4040 60 
4050 60 
4060 59.95 
4070 60 
4080 60.05 
4090 59.95 
4100 59.85 
4110 59.75 
4120 59.7 
4130 59.6 
4140 59.5 
4150 59.5 
4160 59.55 
4170 59.5 
4180 59.4 
4190 59.5 
4200 59.55 
4210 59.65 
4220 59.7 
4230 59.8 
4240 59.8 
4250 59.8 
4260 59.8 
4270 59.85 
4280 59.9 
4290 59.9 
4300 59.9 
4310 59.9 
4320 59.9 
4330 59.9 
4340 59.95 
4350 59.95 
4360 59.9 
4370 59.9 
4380 59.9 
4390 59.9 
4400 59.95 
4410 59.95 
4420 59.9 
4430 59.9 
4440 59.85 
4450 59.75 
4460 59.8 
4470 59.75 
4480 59.7 
4490 59.7 
4500 59.7 
4510 59.65 
4520 59.7 
4530 59.7 
4540 59.8 
4550 59.85 
4560 59.85 
4570 59.9 
4580 59.9 
4590 59.9 
4600 59.85 
4610 59.96 
4620 59.96 
4630 59.91 
4640 59.91 
4650 59.86 
4660 59.86 
4670 59.76 
4680 59.86 
4690 59.81 
4700 59.76 
4710 59.7 
4720 59.65 
4730 59.6 
4740 59.6 
4750 59.7 
4760 59.7 
4770 59.8 
4780 59.8 
4790 59.75 
4800 59.75 
4810 59.65 
4820 59.6 
4830 59.7 
4840 59.65 
4850 59.65 
4860 59.65 
4870 59.55 
4880 59.55 
4890 59.55 
4900 59.55 
4910 59.6 
4920 59.65 
4930 59.65 
4940 59.65 
4950 59.6 
4960 59.6 
4970 59.65 
4980 59.55 
4990 59.6 
5000 59.65 
5010 59.7 
5020 59.7 
5030 59.65 
5040 59.65 
5050 59.54 
5060 59.44 
5070 59.39 
5080 59.44 
5090 59.49 
5100 59.54 
5110 59.44 
5120 59.49 
5130 59.54 
5140 59.59 
5150 59.65 
5160 59.75 
5170 59.75 
5180 59.8 
5190 59.75 
5200 59.75 
5210 59.8 
5220 59.8 
5230 59.8 
5240 59.8 
5250 59.8 
5260 59.7 
5270 59.8 
5280 59.8 
5290 59.85 
5300 59.85 
5310 59.8 
5320 59.7 
5330 59.65 
5340 59.55 
5350 59.65 
5360 59.75 
5370 59.75 
5380 59.7 
5390 59.65 
5400 59.55 
5410 59.65 
5420 59.75 
5430 59.7 
5440 59.8 
5450 59.7 
5460 59.65 
5470 59.65 
5480 59.6 
5490 59.55 
5500 59.6 
5510 59.66 
5520 59.56 
5530 59.56 
5540 59.56 
5550 59.66 
5560 59.71 
5570 59.71 
5580 59.81 
5590 59.91 
5600 59.86 
5610 59.8 
5620 59.9 
5630 60 
5640 59.9 
5650 59.8 
5660 59.7 
5670 59.6 
5680 59.55 
5690 59.45 
5700 59.55 
5710 59.5 
5720 59.45 
5730 59.4 
5740 59.4 
5750 59.45 
5760 59.55 
5770 59.65 
5780 59.7 
5790 59.8 
5800 59.7 
5810 59.7 
5820 59.7 
5830 59.65 
5840 59.7 
5850 59.7 
5860 59.65 
5870 59.6 
5880 59.5 
5890 59.4 
5900 59.4 
5910 59.4 
5920 59.35 
5930 59.45 
5940 59.5 
5950 59.45 
5960 59.4 
5970 59.4 
5980 59.45 
5990 59.45 
6000 59.55 
6010 59.5 
6020 59.6 
6030 59.5 
6040 59.45 
6050 59.45 
6060 59.5 
6070 59.45 
6080 59.4 
6090 59.45 
6100 59.45 
6110 59.5 
6120 59.45 
6130 59.5 
6140 59.55 
6150 59.55 
6160 59.55 
6170 59.6 
6180 59.6 
6190 59.55 
6200 59.5 
6210 59.55 
6220 59.6 
6230 59.6 
6240 59.6 
6250 59.6 
6260 59.6 
6270 59.6 
6280 59.6 
6290 59.6 
6300 59.65 
6310 59.65 
6320 59.6 
6330 59.6 
6340 59.6 
6350 59.6 
6360 59.55 
6370 59.6 
6380 59.7 
6390 59.75 
6400 59.7 
6410 59.6 
6420 59.65 
6430 59.7 
6440 59.65 
6450 59.65 
6460 59.65 
6470 59.6 
6480 59.55 
6490 59.5 
6500 59.5 
6510 59.55 
6520 59.5 
6530 59.45 
6540 59.5 
6550 59.6 
6560 59.6 
6570 59.55 
6580 59.6 
6590 59.65 
6600 59.65 
6610 59.6 
6620 59.55 
6630 59.6 
6640 59.6 
6650 59.5 
6660 59.5 
6670 59.5 
6680 59.4 
6690 59.45 
6700 59.4 
6710 59.5 
6720 59.6 
6730 59.5 
6740 59.4 
6750 59.4 
6760 59.5 
6770 59.5 
6780 59.6 
6790 59.55 
6800 59.65 
6810 59.6 
6820 59.5 
6830 59.5 
6840 59.6 
6850 59.7 
6860 59.6 
6870 59.6 
6880 59.6 
6890 59.65 
6900 59.6 
6910 59.55 
6920 59.65 
6930 59.7 
6940 59.65 
6950 59.6 
6960 59.7 
6970 59.75 
6980 59.75 
6990 59.65 
7000 59.6 
7010 59.65 
7020 59.6 
7030 59.6 
7040 59.55 
7050 59.55 
7060 59.45 
7070 59.4 
7080 59.4 
7090 59.5 
7100 59.5 
7110 59.45 
7120 59.45 
7130 59.4 
7140 59.5 
7150 59.45 
7160 59.45 
7170 59.5 
7180 59.45 
7190 59.35 
7200 59.45 
7210 59.55 
7220 59.55 
7230 59.65 
7240 59.55 
7250 59.49 
7260 59.59 
7270 59.59 
7280 59.54 
7290 59.59 
7300 59.54 
7310 59.49 
7320 59.49 
7330 59.49 
7340 59.54 
7350 59.65 
7360 59.55 
7370 59.55 
7380 59.55 
7390 59.5 
7400 59.45 
7410 59.45 
7420 59.45 
7430 59.35 
7440 59.35 
7450 59.3 
7460 59.3 
7470 59.25 
7480 59.25 
7490 59.25 
7500 59.25 
7510 59.2 
7520 59.15 
7530 59.15 
7540 59.15 
7550 59.2 
7560 59.3 
7570 59.3 
7580 59.35 
7590 59.35 
7600 59.35 
7610 59.45 
7620 59.55 
7630 59.6 
7640 59.55 
7650 59.55 
7660 59.45 
7670 59.45 
7680 59.5 
7690 59.5 
7700 59.5 
7710 59.4 
7720 59.4 
7730 59.4 
7740 59.4 
7750 59.45 
7760 59.55 
7770 59.55 
7780 59.5 
7790 59.6 
7800 59.65 
7810 59.65 
7820 59.55 
7830 59.5 
7840 59.6 
7850 59.5 
7860 59.5 
7870 59.6 
7880 59.6 
7890 59.55 
7900 59.5 
7910 59.55 
7920 59.65 
7930 59.75 
7940 59.7 
7950 59.8 
7960 59.75 
7970 59.75 
7980 59.75 
7990 59.7 
8000 59.7 
8010 59.7 
8020 59.6 
8030 59.55 
8040 59.6 
8050 59.5 
8060 59.45 
8070 59.35 
8080 59.3 
8090 59.35 
8100 59.4 
8110 59.35 
8120 59.35 
8130 59.35 
8140 59.35 
8150 59.35 
8160 59.35 
8170 59.45 
8180 59.55 
8190 59.55 
8200 59.5 
8210 59.5 
8220 59.5 
8230 59.45 
8240 59.35 
8250 59.35 
8260 59.35 
8270 59.25 
8280 59.15 
8290 59.1 
8300 59.1 
8310 59.1 
8320 59.15 
8330 59.15 
8340 59.25 
8350 59.3 
8360 59.35 
8370 59.35 
8380 59.4 
8390 59.45 
8400 59.5 
8410 59.55 
8420 59.5 
8430 59.55 
8440 59.45 
8450 59.45 
8460 59.29 
8470 59.29 
8480 59.24 
8490 59.29 
8500 59.24 
8510 59.19 
8520 59.29 
8530 59.24 
8540 59.24 
8550 59.19 
8560 59.35 
8570 59.4 
8580 59.45 
8590 59.35 
8600 59.35 
8610 59.45 
8620 59.35 
8630 59.35 
8640 59.35 
8650 59.35 
8660 59.3 
8670 59.25 
8680 59.25 
8690 59.35 
8700 59.35 
8710 59.25 
8720 59.35 
8730 59.45 
8740 59.45 
8750 59.45 
8760 59.45 
8770 59.45 
8780 59.4 
8790 59.3 
8800 59.35 
8810 59.35 
8820 59.3 
8830 59.2 
8840 59.25 
8850 59.25 
8860 59.25 
8870 59.25 
8880 59.35 
8890 59.45 
8900 59.4 
8910 59.4 
8920 59.4 
8930 59.4 
8940 59.35 
8950 59.4 
8960 59.4 
8970 59.45 
8980 59.35 
8990 59.25 
9000 59.35 
9010 59.4 
9020 59.45 
9030 59.5 
9040 59.55 
9050 59.5 
9060 59.5 
9070 59.45 
9080 59.45 
9090 59.45 
9100 59.35 
9110 59.3 
9120 59.2 
9130 59.25 
9140 59.2 
9150 59.2 
9160 59.2 
9170 59.3 
9180 59.3 
9190 59.3 
9200 59.3 
9210 59.4 
9220 59.45 
9230 59.4 
9240 59.5 
9250 59.5 
9260 59.5 
9270 59.5 
9280 59.55 
9290 59.6 
9300 59.6 
9310 59.5 
9320 59.5 
9330 59.45 
9340 59.4 
9350 59.4 
9360 59.5 
9370 59.5 
9380 59.45 
9390 59.5 
9400 59.55 
9410 59.6 
9420 59.6 
9430 59.6 
9440 59.65 
9450 59.75 
9460 59.65 
9470 59.55 
9480 59.6 
9490 59.55 
9500 59.5 
9510 59.45 
9520 59.4 
9530 59.45 
9540 59.45 
9550 59.4 
9560 59.4 
9570 59.4 
9580 59.4 
9590 59.35 
9600 59.35 
9610 59.35 
9620 59.4 
9630 59.45 
9640 59.35 
9650 59.3 
9660 59.35 
9670 59.35 
9680 59.3 
9690 59.3 
9700 59.3 
9710 59.35 
9720 59.3 
9730 59.2 
9740 59.2 
9750 59.25 
9760 59.2 
9770 59.2 
9780 59.2 
9790 59.2 
9800 59.2 
9810 59.25 
9820 59.25 
9830 59.25 
9840 59.25 
9850 59.2 
9860 59.2 
9870 59.25 
9880 59.3 
9890 59.4 
9900 59.4 
9910 59.3 
9920 59.3 
9930 59.3 
9940 59.3 
9950 59.3 
9960 59.3 
9970 59.25 
9980 59.25 
9990 59.2 
10000 59.2 
10010 59.2 
10020 59.2 
10030 59.2 
10040 59.2 
10050 59.2 
10060 59.2 
10070 59.3 
10080 59.3 
10090 59.3 
10100 59.3 
10110 59.3 
10120 59.24 
10130 59.24 
10140 59.29 
10150 59.29 
10160 59.29 
10170 59.19 
10180 59.14 
10190 59.09 
10200 59.03 
10210 59.03 
10220 59.09 
10230 59.09 
10240 59.04 
10250 59.04 
10260 59.09 
10270 59.14 
10280 59.14 
10290 59.14 
10300 59.2 
10310 59.2 
10320 59.2 
10330 59.2 
10340 59.2 
10350 59.3 
10360 59.25 
10370 59.2 
10380 59.2 
10390 59.2 
10400 59.3 
10410 59.3 
10420 59.35 
10430 59.35 
10440 59.4 
10450 59.3 
10460 59.3 
10470 59.3 
10480 59.3 
10490 59.35 
10500 59.3 
10510 59.35 
10520 59.3 
10530 59.3 
10540 59.3 
10550 59.35 
10560 59.4 
10570 59.5 
10580 59.5 
10590 59.45 
10600 59.4 
10610 59.35 
10620 59.35 
10630 59.35 
10640 59.3 
10650 59.25 
10660 59.2 
10670 59.1 
10680 59.1 
10690 59.1 
10700 59.1 
10710 59.1 
10720 59.2 
10730 59.2 
10740 59.2 
10750 59.2 
10760 59.2 
10770 59.25 
10780 59.25 
10790 59.19 
10800 59.19 
10810 59.19 
10820 59.09 
10830 59.09 
10840 59.09 
10850 59.09 
10860 59.09 
10870 59.09 
10880 59.14 
10890 59.2 
10900 59.2 
10910 59.2 
10920 59.2 
10930 59.2 
10940 59.2 
10950 59.2 
10960 59.2 
10970 59.15 
10980 59.04 
10990 59.04 
11000 59.04 