10 43.59 
20 48.48 
30 48.48 
40 48.48 
50 48.48 
60 48.48 
70 48.37 
80 48.42 
90 48.42 
100 48.36 
110 48.36 
120 48.3 
130 48.36 
140 48.42 
150 48.42 
160 48.42 
170 48.42 
180 48.42 
190 48.48 
200 48.48 
210 48.48 
220 48.48 
230 48.42 
240 48.36 
250 48.36 
260 48.36 
270 48.36 
280 48.36 
290 48.3 
300 48.3 
310 48.3 
320 48.3 
330 48.3 
340 48.36 
350 48.47 
360 48.47 
370 48.47 
380 48.47 
390 48.53 
400 48.48 
410 48.48 
420 48.48 
430 48.48 
440 48.42 
450 48.31 
460 48.31 
470 48.31 
480 48.42 
490 48.36 
500 48.41 
510 48.41 
520 48.41 
530 48.41 
540 48.41 
550 48.41 
560 48.41 
570 48.41 
580 48.3 
590 48.3 
600 48.41 
610 48.41 
620 48.41 
630 48.41 
640 48.41 
650 48.41 
660 48.41 
670 48.41 
680 48.41 
690 48.47 
700 48.47 
710 48.47 
720 48.53 
730 48.53 
740 48.59 
750 48.65 
760 48.71 
770 48.82 
780 48.82 
790 48.76 
800 48.65 
810 48.65 
820 48.59 
830 48.65 
840 48.59 
850 48.53 
860 48.58 
870 48.47 
880 48.58 
890 48.58 
900 48.58 
910 48.64 
920 48.7 
930 48.7 
940 48.7 
950 48.7 
960 48.59 
970 48.65 
980 48.54 
990 48.6 
1000 48.66 
1010 48.6 
1020 48.54 
1030 48.54 
1040 48.6 
1050 48.66 
1060 48.77 
1070 48.71 
1080 48.71 
1090 48.71 
1100 48.65 
1110 48.65 
1120 48.76 
1130 48.81 
1140 48.81 
1150 48.86 
1160 48.86 
1170 48.97 
1180 49.13 
1190 49.18 
1200 49.29 
1210 49.4 
1220 49.4 
1230 49.35 
1240 49.4 
1250 49.4 
1260 49.4 
1270 49.4 
1280 49.35 
1290 49.35 
1300 49.35 
1310 49.35 
1320 49.35 
1330 49.45 
1340 49.4 
1350 49.4 
1360 49.4 
1370 49.4 
1380 49.4 
1390 49.4 
1400 49.4 
1410 49.4 
1420 49.4 
1430 49.35 
1440 49.4 
1450 49.35 
1460 49.35 
1470 49.35 
1480 49.35 
1490 49.35 
1500 49.35 
1510 49.35 
1520 49.35 
1530 49.35 
1540 49.3 
1550 49.3 
1560 49.3 
1570 49.25 
1580 49.14 
1590 49.14 
1600 49.03 
1610 48.92 
1620 48.81 
1630 48.7 
1640 48.64 
1650 48.58 
1660 48.53 
1670 48.53 
1680 48.59 
1690 48.48 
1700 48.48 
1710 48.59 
1720 48.59 
1730 48.59 
1740 48.59 
1750 48.59 
1760 48.53 
1770 48.53 
1780 48.47 
1790 48.47 
1800 48.47 
1810 48.36 
1820 48.36 
1830 48.36 
1840 48.42 
1850 48.42 
1860 48.48 
1870 48.42 
1880 48.42 
1890 48.42 
1900 48.42 
1910 48.42 
1920 48.42 
1930 48.42 
1940 48.36 
1950 48.36 
1960 48.3 
1970 48.3 
1980 48.3 
1990 48.3 
2000 48.3 
2010 48.3 
2020 48.3 
2030 48.25 
2040 48.31 
2050 48.31 
2060 48.31 
2070 48.31 
2080 48.31 
2090 48.31 
2100 48.31 
2110 48.31 
2120 48.31 
2130 48.36 
2140 48.3 
2150 48.3 
2160 48.3 
2170 48.3 
2180 48.3 
2190 48.3 
2200 48.3 
2210 48.3 
2220 48.3 
2230 48.3 
2240 48.25 
2250 48.25 
2260 48.25 
2270 48.25 
2280 48.25 
2290 48.2 
2300 48.2 
2310 48.2 
2320 48.2 
2330 48.2 
2340 48.31 
2350 48.31 
2360 48.31 
2370 48.31 
2380 48.31 
2390 48.36 
2400 48.36 
2410 48.36 
2420 48.36 
2430 48.36 
2440 48.3 
2450 48.3 
2460 48.3 
2470 48.3 
2480 48.3 
2490 48.3 
2500 48.3 
2510 48.3 
2520 48.3 
2530 48.3 
2540 48.3 
2550 48.3 
2560 48.3 
2570 48.3 
2580 48.3 
2590 48.3 
2600 48.3 
2610 48.3 
2620 48.3 
2630 48.3 
2640 48.3 
2650 48.3 
2660 48.3 
2670 48.3 
2680 48.3 
2690 48.3 
2700 48.3 
2710 48.3 
2720 48.3 
2730 48.3 
2740 48.3 
2750 48.3 
2760 48.19 
2770 48.14 
2780 48.09 
2790 48.09 
2800 48.04 
2810 48.1 
2820 48.1 
2830 48.1 
2840 48.05 
2850 48.05 
2860 48.16 
2870 48.16 
2880 48.21 
2890 48.21 
2900 48.26 
2910 48.26 
2920 48.26 
2930 48.26 
2940 48.31 
2950 48.26 
2960 48.26 
2970 48.31 
2980 48.26 
2990 48.26 
3000 48.21 
3010 48.15 
3020 48.15 
3030 48.15 
3040 48.15 
3050 48.15 
3060 48.15 
3070 48.15 
3080 48.2 
3090 48.2 
3100 48.25 
3110 48.2 
3120 48.2 
3130 48.2 
3140 48.2 
3150 48.25 
3160 48.25 
3170 48.25 
3180 48.25 
3190 48.25 
3200 48.25 
3210 48.3 
3220 48.3 
3230 48.3 
3240 48.3 
3250 48.3 
3260 48.3 
3270 48.3 
3280 48.3 
3290 48.3 
3300 48.3 
3310 48.3 
3320 48.3 
3330 48.25 
3340 48.25 
3350 48.25 
3360 48.25 
3370 48.25 
3380 48.25 
3390 48.2 
3400 48.2 
3410 48.2 
3420 48.15 
3430 48.2 
3440 48.15 
3450 48.1 
3460 48.1 
3470 48.1 
3480 48.05 
3490 48.1 
3500 48.1 
3510 48.1 
3520 48.15 
3530 48.15 
3540 48.15 
3550 48.2 
3560 48.2 
3570 48.2 
3580 48.25 
3590 48.25 
3600 48.25 
3610 48.2 
3620 48.2 
3630 48.15 
3640 48.2 
3650 48.15 
3660 48.1 
3670 48.1 
3680 48.05 
3690 48.05 
3700 48 
3710 48.05 
3720 48.05 
3730 48.1 
3740 48.05 
3750 48.05 
3760 48.05 
3770 48.05 
3780 48.1 
3790 48.1 
3800 48.15 
3810 48.15 
3820 48.15 
3830 48.15 
3840 48.15 
3850 48.15 
3860 48.15 
3870 48.1 
3880 48.1 
3890 48.1 
3900 48.1 
3910 48.1 
3920 48.1 
3930 48.1 
3940 48.15 
3950 48.2 
3960 48.25 
3970 48.3 
3980 48.25 
3990 48.25 
4000 48.2 
4010 48.2 
4020 48.2 
4030 48.2 
4040 48.2 
4050 48.2 
4060 48.2 
4070 48.09 
4080 48.14 
4090 48.14 
4100 48.19 
4110 48.14 
4120 48.14 
4130 48.09 
4140 48.09 
4150 48.09 
4160 48.09 
4170 48.09 
4180 48.09 
4190 48.04 
4200 48.04 
4210 48.09 
4220 48.09 
4230 48.14 
4240 48.14 
4250 48.14 
4260 48.14 
4270 48.25 
4280 48.2 
4290 48.2 
4300 48.15 
4310 48.1 
4320 47.99 
4330 47.94 
4340 47.94 
4350 47.94 
4360 47.94 
4370 47.94 
4380 47.99 
4390 48.04 
4400 48.04 
4410 48.04 
4420 48.15 
4430 48.2 
4440 48.15 
4450 48.1 
4460 48.05 
4470 48.05 
4480 48.05 
4490 48 
4500 48.05 
4510 48.1 
4520 48.05 
4530 48 
4540 48.05 
4550 48.05 
4560 48.1 
4570 48.1 
4580 48.05 
4590 48.1 
4600 48.1 
4610 48.1 
4620 48.1 
4630 48.1 
4640 48.1 
4650 48.15 
4660 48.15 
4670 48.1 
4680 48.15 
4690 48.15 
4700 48.15 
4710 48.1 
4720 48.1 
4730 48.1 
4740 48.1 
4750 48.05 
4760 48.05 
4770 48.05 
4780 48 
4790 48 
4800 48 
4810 48.05 
4820 48.1 
4830 48.15 
4840 48.15 
4850 48.15 
4860 48.15 
4870 48.2 
4880 48.2 
4890 48.2 
4900 48.2 
4910 48.2 
4920 48.2 
4930 48.2 
4940 48.2 
4950 48.2 
4960 48.15 
4970 48.1 
4980 48.15 
4990 48.15 
5000 48.15 
5010 48.1 
5020 48.1 
5030 48.1 
5040 48.1 
5050 48.1 
5060 48.04 
5070 48.09 
5080 48.09 
5090 48.04 
5100 48.04 
5110 48.09 
5120 47.98 
5130 47.98 
5140 47.93 
5150 47.98 
5160 48.04 
5170 47.99 
5180 47.99 
5190 48.04 
5200 48.04 
5210 48.04 
5220 48.15 
5230 48.04 
5240 48.04 
5250 48.04 
5260 47.98 
5270 48.03 
5280 48.03 
5290 47.98 
5300 47.93 
5310 47.93 
5320 47.88 
5330 47.99 
5340 48.04 
5350 47.99 
5360 48.1 
5370 48.05 
5380 48.05 
5390 48.1 
5400 48.04 
5410 48.04 
5420 48.09 
5430 48.04 
5440 48.04 
5450 48.09 
5460 48.09 
5470 48.09 
5480 48.09 
5490 48.09 
5500 48.2 
5510 48.09 
5520 48.09 
5530 48.14 
5540 48.14 
5550 48.14 
5560 48.14 
5570 48.14 
5580 48.09 
5590 48.04 
5600 47.99 
5610 48.05 
5620 48.05 
5630 48.05 
5640 48.05 
5650 48 
5660 47.95 
5670 47.95 
5680 48 
5690 48 
5700 48.05 
5710 48.1 
5720 48.1 
5730 48.1 
5740 48.1 
5750 48.15 
5760 48.15 
5770 48.2 
5780 48.15 
5790 48.15 
5800 48.15 
5810 48.1 
5820 48.05 
5830 48.05 
5840 48 
5850 47.89 
5860 47.94 
5870 47.89 
5880 47.89 
5890 47.89 
5900 47.89 
5910 47.94 
5920 47.94 
5930 47.94 
5940 47.99 
5950 47.99 
5960 47.94 
5970 47.94 
5980 47.99 
5990 48.04 
6000 47.99 
6010 47.94 
6020 47.99 
6030 47.99 
6040 47.99 
6050 48.1 
6060 48.15 
6070 48.2 
6080 48.15 
6090 48.15 
6100 48.2 
6110 48.2 
6120 48.15 
6130 48.15 
6140 48.15 
6150 48.1 
6160 48.05 
6170 48.05 
6180 48.05 
6190 48 
6200 48 
6210 48.05 
6220 48.1 
6230 48.1 
6240 48.05 
6250 48.05 
6260 48.05 
6270 48.05 
6280 48.1 
6290 48.15 
6300 48.1 
6310 48.1 
6320 48.05 
6330 48 
6340 48 
6350 47.94 
6360 47.94 
6370 47.89 
6380 47.84 
6390 47.84 
6400 47.78 
6410 47.73 
6420 47.73 
6430 47.78 
6440 47.83 
6450 47.94 
6460 47.94 
6470 47.94 
6480 47.94 
6490 47.89 
6500 48 
6510 48.05 
6520 48.1 
6530 48.1 
6540 48.1 
6550 48.1 
6560 48.15 
6570 48.15 
6580 48.2 
6590 48.25 
6600 48.25 
6610 48.2 
6620 48.15 
6630 48.1 
6640 48.05 
6650 48 
6660 48 
6670 48 
6680 47.89 
6690 47.78 
6700 47.73 
6710 47.67 
6720 47.72 
6730 47.77 
6740 47.77 
6750 47.77 
6760 47.77 
6770 47.71 
6780 47.77 
6790 47.83 
6800 47.77 
6810 47.83 
6820 47.83 
6830 47.78 
6840 47.83 
6850 47.88 
6860 47.88 
6870 47.99 
6880 48.04 
6890 48.09 
6900 48.2 
6910 48.25 
6920 48.2 
6930 48.25 
6940 48.2 
6950 48.2 
6960 48.2 
6970 48.15 
6980 48.1 
6990 48.05 
7000 48 
7010 47.95 
7020 47.89 
7030 47.89 
7040 47.89 
7050 47.89 
7060 47.84 
7070 47.89 
7080 47.89 
7090 47.89 
7100 47.94 
7110 47.99 
7120 48.05 
7130 48 
7140 47.94 
7150 47.94 
7160 47.99 
7170 47.94 
7180 47.94 
7190 47.94 
7200 47.94 
7210 47.94 
7220 47.94 
7230 47.88 
7240 47.94 
7250 47.94 
7260 47.89 
7270 47.89 
7280 47.89 
7290 47.89 
7300 47.84 
7310 47.84 
7320 47.84 
7330 47.9 
7340 47.84 
7350 47.79 
7360 47.73 
7370 47.73 
7380 47.73 
7390 47.73 
7400 47.78 
7410 47.73 
7420 47.73 
7430 47.78 
7440 47.89 
7450 47.83 
7460 47.94 
7470 47.94 
7480 47.94 
7490 47.94 
7500 47.94 
7510 47.99 
7520 47.99 
7530 47.94 
7540 47.94 
7550 48 
7560 47.95 
7570 47.89 
7580 47.94 
7590 47.99 
7600 47.94 
7610 47.89 
7620 47.89 
7630 47.83 
7640 47.78 
7650 47.78 
7660 47.83 
7670 47.94 
7680 47.94 
7690 47.94 
7700 47.99 
7710 48.04 
7720 48.04 
7730 48.1 
7740 48.04 
7750 48.09 
7760 48.04 
7770 48.04 
7780 47.99 
7790 47.94 
7800 47.89 
7810 47.84 
7820 47.84 
7830 47.89 
7840 47.95 
7850 47.95 
7860 47.95 
7870 47.95 
7880 47.95 
7890 48 
7900 48 
7910 48.05 
7920 48.1 
7930 48.05 
7940 48.05 
7950 48.05 
7960 48.05 
7970 48 
7980 48 
7990 48 
8000 48.05 
8010 48 
8020 48 
8030 48.05 
8040 48.05 
8050 48 
8060 48.05 
8070 48.1 
8080 48.1 
8090 48.05 
8100 48 
8110 48.05 
8120 48.05 
8130 48.05 
8140 48.1 
8150 48.15 
8160 48.15 
8170 48.15 
8180 48.15 
8190 48.2 
8200 48.14 
8210 48.09 
8220 48.04 
8230 48.04 
8240 47.99 
8250 47.94 
8260 47.94 
8270 47.89 
8280 47.89 
8290 47.89 
8300 47.89 
8310 47.89 
8320 47.89 
8330 47.89 
8340 47.83 
8350 47.88 
8360 47.88 
8370 47.88 
8380 47.88 
8390 47.83 
8400 47.94 
8410 47.99 
8420 47.99 
8430 47.94 
8440 47.94 
8450 47.94 
8460 47.94 
8470 47.94 
8480 47.94 
8490 47.94 
8500 47.89 
8510 47.89 
8520 47.89 
8530 47.89 
8540 48 
8550 47.95 
8560 47.84 
8570 47.78 
8580 47.78 
8590 47.78 
8600 47.78 
8610 47.73 
8620 47.73 
8630 47.78 
8640 47.73 
8650 47.73 
8660 47.79 
8670 47.85 
8680 47.85 
8690 47.79 
8700 47.79 
8710 47.84 
8720 47.89 
8730 47.89 
8740 47.89 
8750 47.89 
8760 47.89 
8770 47.89 
8780 47.94 
8790 48 
8800 48 
8810 47.89 
8820 47.84 
8830 47.84 
8840 47.84 
8850 47.89 
8860 47.94 
8870 47.99 
8880 47.99 
8890 47.99 
8900 48.04 
8910 48.1 
8920 48.1 
8930 48.1 
8940 48.1 
8950 48.05 
8960 48 
8970 47.89 
8980 47.84 
8990 47.89 
9000 47.78 
9010 47.83 
9020 47.83 
9030 47.78 
9040 47.83 
9050 47.83 
9060 47.83 
9070 47.94 
9080 47.94 
9090 47.94 
9100 48 
9110 48 
9120 48 
9130 48 
9140 47.95 
9150 48 
9160 48 
9170 48 
9180 48 
9190 47.95 
9200 48 
9210 47.95 
9220 47.95 
9230 47.95 
9240 47.89 
9250 47.84 
9260 47.84 
9270 47.73 
9280 47.78 
9290 47.78 
9300 47.78 
9310 47.83 
9320 47.88 
9330 47.93 
9340 47.99 
9350 48.04 
9360 48.09 
9370 48.15 
9380 48.15 
9390 48.2 
9400 48.2 
9410 48.2 
9420 48.15 
9430 48.15 
9440 48.2 
9450 48.2 
9460 48.15 
9470 48.2 
9480 48.15 
9490 48.1 
9500 48.05 
9510 48 
9520 48.05 
9530 48 
9540 47.95 
9550 47.95 
9560 47.95 
9570 47.95 
9580 47.95 
9590 48 
9600 48 
9610 48.05 
9620 48 
9630 48.05 
9640 48.05 
9650 48.05 
9660 48.05 
9670 48 
9680 48.05 
9690 48 
9700 48 
9710 47.95 
9720 48 
9730 48 
9740 48.05 
9750 48 
9760 47.94 
9770 47.88 
9780 47.83 
9790 47.88 
9800 47.88 
9810 47.82 
9820 47.82 
9830 47.77 
9840 47.72 
9850 47.77 
9860 47.88 
9870 47.94 
9880 47.94 
9890 47.89 
9900 47.89 
9910 47.95 
9920 47.9 
9930 47.95 
9940 48 
9950 47.95 
9960 47.95 
9970 47.95 
9980 47.95 
9990 47.95 
10000 47.95 
10010 48 
10020 48 
10030 48 
10040 48 
10050 48 
10060 47.95 
10070 48 
10080 48 
10090 47.94 
10100 47.99 
10110 47.99 
10120 47.99 
10130 47.94 
10140 47.89 
10150 47.83 
10160 47.83 
10170 47.78 
10180 47.83 
10190 47.89 
10200 47.84 
10210 47.79 
10220 47.79 
10230 47.79 
10240 47.79 
10250 47.85 
10260 47.85 
10270 47.9 
10280 47.85 
10290 47.85 
10300 47.9 
10310 47.9 
10320 47.9 
10330 47.95 
10340 47.95 
10350 47.95 
10360 47.89 
10370 47.78 
10380 47.83 
10390 47.83 
10400 47.83 
10410 47.83 
10420 47.83 
10430 47.78 
10440 47.78 
10450 47.78 
10460 47.84 
10470 47.9 
10480 47.9 
10490 47.95 
10500 47.9 
10510 47.95 
10520 48 
10530 48.05 
10540 48.1 
10550 48.15 
10560 48.2 
10570 48.25 
10580 48.14 
10590 48.09 
10600 48.09 
10610 48.04 
10620 48.04 
10630 47.99 
10640 47.94 
10650 47.89 
10660 47.84 
10670 47.84 
10680 47.95 
10690 47.89 
10700 47.89 
10710 47.89 
10720 47.89 
10730 47.83 
10740 47.77 
10750 47.82 
10760 47.82 
10770 47.77 
10780 47.72 
10790 47.78 
10800 47.83 
10810 47.77 
10820 47.72 
10830 47.72 
10840 47.78 
10850 47.67 
10860 47.61 
10870 47.55 
10880 47.49 
10890 47.54 
10900 47.54 
10910 47.65 
10920 47.65 
10930 47.71 
10940 47.65 
10950 47.71 
10960 47.77 
10970 47.83 
10980 47.89 
10990 47.84 
11000 47.79 