10 51.92 
20 52.4 
30 52.78 
40 53.05 
50 53.32 
60 53.43 
70 53.59 
80 53.7 
90 53.75 
100 53.75 
110 53.8 
120 53.8 
130 53.8 
140 53.85 
150 53.85 
160 53.9 
170 53.9 
180 54.01 
190 54.01 
200 54.06 
210 54.06 
220 54.11 
230 54.16 
240 54.16 
250 54.11 
260 54.11 
270 54.06 
280 53.95 
290 53.95 
300 53.9 
310 53.9 
320 53.85 
330 53.75 
340 53.65 
350 53.6 
360 53.55 
370 53.5 
380 53.5 
390 53.5 
400 53.45 
410 53.34 
420 53.34 
430 53.34 
440 53.34 
450 53.34 
460 53.23 
470 53.23 
480 53.23 
490 53.18 
500 53.12 
510 53.12 
520 53.01 
530 53.01 
540 52.95 
550 52.95 
560 53.01 
570 53.01 
580 52.9 
590 52.9 
600 52.96 
610 53.02 
620 53.08 
630 53.08 
640 53.08 
650 53.08 
660 53.02 
670 52.96 
680 52.96 
690 52.9 
700 52.95 
710 52.95 
720 52.89 
730 52.89 
740 52.89 
750 52.83 
760 52.83 
770 52.83 
780 52.94 
790 52.94 
800 52.83 
810 52.88 
820 52.88 
830 52.82 
840 52.82 
850 52.82 
860 52.88 
870 52.99 
880 52.88 
890 52.88 
900 52.88 
910 52.77 
920 52.72 
930 52.78 
940 52.78 
950 52.78 
960 52.72 
970 52.61 
980 52.61 
990 52.67 
1000 52.67 
1010 52.67 
1020 52.72 
1030 52.66 
1040 52.66 
1050 52.66 
1060 52.72 
1070 52.78 
1080 52.78 
1090 52.67 
1100 52.67 
1110 52.67 
1120 52.67 
1130 52.67 
1140 52.67 
1150 52.67 
1160 52.61 
1170 52.5 
1180 52.5 
1190 52.55 
1200 52.61 
1210 52.61 
1220 52.61 
1230 52.61 
1240 52.61 
1250 52.56 
1260 52.51 
1270 52.56 
1280 52.45 
1290 52.45 
1300 52.34 
1310 52.29 
1320 52.29 
1330 52.24 
1340 52.19 
1350 52.24 
1360 52.29 
1370 52.29 
1380 52.4 
1390 52.4 
1400 52.45 
1410 52.56 
1420 52.56 
1430 52.61 
1440 52.61 
1450 52.56 
1460 52.56 
1470 52.51 
1480 52.51 
1490 52.51 
1500 52.51 
1510 52.45 
1520 52.45 
1530 52.51 
1540 52.62 
1550 52.73 
1560 52.73 
1570 52.84 
1580 52.84 
1590 52.79 
1600 52.79 
1610 52.74 
1620 52.69 
1630 52.63 
1640 52.57 
1650 52.46 
1660 52.46 
1670 52.4 
1680 52.46 
1690 52.51 
1700 52.51 
1710 52.51 
1720 52.56 
1730 52.56 
1740 52.51 
1750 52.56 
1760 52.56 
1770 52.56 
1780 52.45 
1790 52.45 
1800 52.45 
1810 52.5 
1820 52.5 
1830 52.5 
1840 52.5 
1850 52.56 
1860 52.62 
1870 52.57 
1880 52.62 
1890 52.57 
1900 52.57 
1910 52.63 
1920 52.63 
1930 52.58 
1940 52.58 
1950 52.52 
1960 52.46 
1970 52.46 
1980 52.46 
1990 52.46 
2000 52.41 
2010 52.3 
2020 52.3 
2030 52.35 
2040 52.4 
2050 52.4 
2060 52.4 
2070 52.45 
2080 52.45 
2090 52.5 
2100 52.5 
2110 52.5 
2120 52.5 
2130 52.5 
2140 52.5 
2150 52.39 
2160 52.39 
2170 52.28 
2180 52.23 
2190 52.23 
2200 52.28 
2210 52.33 
2220 52.33 
2230 52.33 
2240 52.28 
2250 52.39 
2260 52.39 
2270 52.5 
2280 52.55 
2290 52.55 
2300 52.5 
2310 52.5 
2320 52.45 
2330 52.51 
2340 52.56 
2350 52.56 
2360 52.56 
2370 52.51 
2380 52.51 
2390 52.51 
2400 52.51 
2410 52.51 
2420 52.56 
2430 52.5 
2440 52.45 
2450 52.4 
2460 52.35 
2470 52.4 
2480 52.35 
2490 52.35 
2500 52.35 
2510 52.35 
2520 52.3 
2530 52.25 
2540 52.3 
2550 52.3 
2560 52.35 
2570 52.24 
2580 52.29 
2590 52.29 
2600 52.29 
2610 52.29 
2620 52.29 
2630 52.34 
2640 52.29 
2650 52.34 
2660 52.29 
2670 52.4 
2680 52.35 
2690 52.35 
2700 52.35 
2710 52.3 
2720 52.3 
2730 52.3 
2740 52.35 
2750 52.35 
2760 52.4 
2770 52.4 
2780 52.45 
2790 52.4 
2800 52.45 
2810 52.5 
2820 52.55 
2830 52.55 
2840 52.44 
2850 52.44 
2860 52.39 
2870 52.34 
2880 52.29 
2890 52.34 
2900 52.29 
2910 52.29 
2920 52.29 
2930 52.29 
2940 52.35 
2950 52.3 
2960 52.3 
2970 52.35 
2980 52.4 
2990 52.35 
3000 52.4 
3010 52.35 
3020 52.3 
3030 52.25 
3040 52.25 
3050 52.3 
3060 52.35 
3070 52.3 
3080 52.25 
3090 52.25 
3100 52.25 
3110 52.25 
3120 52.3 
3130 52.35 
3140 52.35 
3150 52.35 
3160 52.41 
3170 52.46 
3180 52.46 
3190 52.51 
3200 52.51 
3210 52.56 
3220 52.51 
3230 52.46 
3240 52.46 
3250 52.41 
3260 52.3 
3270 52.3 
3280 52.3 
3290 52.25 
3300 52.2 
3310 52.15 
3320 52.2 
3330 52.14 
3340 52.14 
3350 52.14 
3360 52.19 
3370 52.14 
3380 52.14 
3390 52.14 
3400 52.19 
3410 52.24 
3420 52.24 
3430 52.3 
3440 52.35 
3450 52.35 
3460 52.3 
3470 52.3 
3480 52.3 
3490 52.3 
3500 52.25 
3510 52.2 
3520 52.15 
3530 52.15 
3540 52.15 
3550 52.15 
3560 52.15 
3570 52.15 
3580 52.09 
3590 52.09 
3600 52.09 
3610 52.14 
3620 52.19 
3630 52.19 
3640 52.14 
3650 52.14 
3660 52.19 
3670 52.24 
3680 52.35 
3690 52.35 
3700 52.4 
3710 52.4 
3720 52.35 
3730 52.35 
3740 52.4 
3750 52.4 
3760 52.35 
3770 52.3 
3780 52.25 
3790 52.3 
3800 52.25 
3810 52.25 
3820 52.3 
3830 52.35 
3840 52.3 
3850 52.35 
3860 52.4 
3870 52.45 
3880 52.45 
3890 52.4 
3900 52.45 
3910 52.45 
3920 52.34 
3930 52.34 
3940 52.34 
3950 52.23 
3960 52.18 
3970 52.07 
3980 52.12 
3990 52.12 
4000 52.07 
4010 52.07 
4020 52.13 
4030 52.08 
4040 52.02 
4050 52.13 
4060 52.13 
4070 52.19 
4080 52.19 
4090 52.19 
4100 52.19 
4110 52.19 
4120 52.19 
4130 52.13 
4140 52.24 
4150 52.13 
4160 52.13 
4170 52.18 
4180 52.13 
4190 52.18 
4200 52.18 
4210 52.18 
4220 52.18 
4230 52.24 
4240 52.19 
4250 52.25 
4260 52.19 
4270 52.14 
4280 52.14 
4290 52.09 
4300 52.09 
4310 52.04 
4320 52.04 
4330 52.04 
4340 52.04 
4350 52.04 
4360 52.1 
4370 52.1 
4380 52.1 
4390 52.15 
4400 52.15 
4410 52.15 
4420 52.15 
4430 52.09 
4440 52.14 
4450 52.14 
4460 52.08 
4470 52.13 
4480 52.13 
4490 52.08 
4500 52.02 
4510 52.02 
4520 52.07 
4530 52.13 
4540 52.08 
4550 52.08 
4560 52.19 
4570 52.14 
4580 52.14 
4590 52.14 
4600 52.2 
4610 52.25 
4620 52.25 
4630 52.36 
4640 52.36 
4650 52.41 
4660 52.41 
4670 52.41 
4680 52.41 
4690 52.41 
4700 52.46 
4710 52.41 
4720 52.36 
4730 52.25 
4740 52.25 
4750 52.2 
4760 52.15 
4770 52.15 
4780 52.09 
4790 52.09 
4800 52.04 
4810 52.09 
4820 52.09 
4830 52.09 
4840 52.14 
4850 52.19 
4860 52.13 
4870 52.07 
4880 52.13 
4890 52.13 
4900 52.07 
4910 51.96 
4920 51.96 
4930 51.96 
4940 51.91 
4950 51.86 
4960 51.86 
4970 51.92 
4980 51.97 
4990 51.97 
5000 52.03 
5010 52.09 
5020 52.09 
5030 52.03 
5040 52.03 
5050 52.03 
5060 52.09 
5070 52.09 
5080 52.04 
5090 52.04 
5100 51.98 
5110 51.98 
5120 51.98 
5130 52.04 
5140 52.04 
5150 52.09 
5160 52.09 
5170 52.03 
5180 52.03 
5190 52.03 
5200 52.14 
5210 52.08 
5220 52.13 
5230 52.07 
5240 52.12 
5250 52.12 
5260 52.12 
5270 52.12 
5280 52.12 
5290 52.12 
5300 52.07 
5310 52.13 
5320 52.08 
5330 52.19 
5340 52.08 
5350 52.03 
5360 52.08 
5370 52.14 
5380 52.08 
5390 52.08 
5400 52.08 
5410 52.08 
5420 52.08 
5430 52.03 
5440 52.09 
5450 52.03 
5460 51.98 
5470 51.98 
5480 52.04 
5490 52.04 
5500 52.09 
5510 52.03 
5520 52.08 
5530 52.08 
5540 52.08 
5550 52.19 
5560 52.19 
5570 52.19 
5580 52.13 
5590 52.13 
5600 52.08 
5610 52.08 
5620 52.03 
5630 51.97 
5640 52.02 
5650 52.02 
5660 51.96 
5670 52.01 
5680 52.01 
5690 52.01 
5700 52.01 
5710 52.07 
5720 52.12 
5730 52.18 
5740 52.13 
5750 52.08 
5760 52.08 
5770 52.03 
5780 52.09 
5790 52.09 
5800 52.03 
5810 52.03 
5820 51.92 
5830 51.86 
5840 51.8 
5850 51.8 
5860 51.86 
5870 51.8 
5880 51.85 
5890 51.79 
5900 51.79 
5910 51.79 
5920 51.85 
5930 51.91 
5940 51.97 
5950 51.97 
5960 51.97 
5970 52.03 
5980 52.03 
5990 52.09 
6000 52.15 
6010 52.2 
6020 52.2 
6030 52.25 
6040 52.25 
6050 52.25 
6060 52.19 
6070 52.13 
6080 52.13 
6090 52.07 
6100 52.01 
6110 51.96 
6120 51.9 
6130 51.79 
6140 51.79 
6150 51.79 
6160 51.79 
6170 51.79 
6180 51.74 
6190 51.8 
6200 51.86 
6210 51.8 
6220 51.8 
6230 51.86 
6240 51.8 
6250 51.8 
6260 51.86 
6270 51.86 
6280 51.8 
6290 51.85 
6300 51.85 
6310 51.91 
6320 51.91 
6330 51.91 
6340 51.97 
6350 51.97 
6360 51.97 
6370 52.03 
6380 52.09 
6390 52.04 
6400 52.04 
6410 51.98 
6420 52.04 
6430 51.98 
6440 51.92 
6450 51.86 
6460 51.86 
6470 51.97 
6480 51.97 
6490 51.91 
6500 51.85 
6510 51.85 
6520 51.79 
6530 51.85 
6540 51.85 
6550 51.91 
6560 51.91 
6570 51.8 
6580 51.74 
6590 51.8 
6600 51.86 
6610 51.92 
6620 51.98 
6630 51.98 
6640 52.04 
6650 52.04 
6660 51.98 
6670 51.92 
6680 51.92 
6690 51.92 
6700 51.86 
6710 51.86 
6720 51.86 
6730 51.86 
6740 51.86 
6750 51.8 
6760 51.8 
6770 51.8 
6780 51.86 
6790 51.86 
6800 51.92 
6810 51.92 
6820 51.92 
6830 51.86 
6840 51.86 
6850 51.92 
6860 51.98 
6870 52.04 
6880 52.04 
6890 52.04 
6900 52.04 
6910 51.98 
6920 51.92 
6930 51.92 
6940 51.92 
6950 51.86 
6960 51.8 
6970 51.8 
6980 51.74 
6990 51.74 
7000 51.74 
7010 51.8 
7020 51.86 
7030 51.86 
7040 51.86 
7050 51.92 
7060 51.98 
7070 51.98 
7080 52.04 
7090 52.04 
7100 52.04 
7110 52.04 
7120 52.04 
7130 52.1 
7140 52.1 
7150 52.1 
7160 52.1 
7170 52.1 
7180 52.1 
7190 52.1 
7200 52.1 
7210 52.04 
7220 52.04 
7230 51.98 
7240 51.92 
7250 51.92 
7260 51.86 
7270 51.91 
7280 51.85 
7290 51.85 
7300 51.79 
7310 51.85 
7320 51.85 
7330 51.91 
7340 51.97 
7350 51.97 
7360 51.97 
7370 51.92 
7380 51.98 
7390 51.98 
7400 52.09 
7410 52.03 
7420 52.03 
7430 52.03 
7440 52.03 
7450 51.97 
7460 52.03 
7470 52.03 
7480 51.97 
7490 51.91 
7500 51.86 
7510 51.86 
7520 51.86 
7530 51.86 
7540 51.86 
7550 51.86 
7560 51.86 
7570 51.8 
7580 51.86 
7590 51.92 
7600 51.92 
7610 51.92 
7620 51.92 
7630 51.92 
7640 51.92 
7650 51.98 
7660 51.92 
7670 51.92 
7680 51.92 
7690 51.86 
7700 51.8 
7710 51.86 
7720 51.8 
7730 51.8 
7740 51.8 
7750 51.74 
7760 51.74 
7770 51.8 
7780 51.74 
7790 51.74 
7800 51.8 
7810 51.8 
7820 51.86 
7830 51.86 
7840 51.86 
7850 51.86 
7860 51.86 
7870 51.86 
7880 51.97 
7890 52.03 
7900 52.03 
7910 52.03 
7920 52.03 
7930 52.03 
7940 51.97 
7950 51.97 
7960 52.03 
7970 52.03 
7980 51.98 
7990 51.92 
8000 51.92 
8010 51.92 
8020 51.92 
8030 51.92 
8040 51.92 
8050 51.98 
8060 51.98 
8070 51.92 
8080 51.86 
8090 51.92 
8100 51.92 
8110 51.92 
8120 51.92 
8130 51.86 
8140 51.86 
8150 51.86 
8160 51.86 
8170 51.86 
8180 51.92 
8190 51.92 
8200 51.92 
8210 51.86 
8220 51.86 
8230 51.86 
8240 51.92 
8250 51.86 
8260 51.86 
8270 51.86 
8280 51.8 
8290 51.74 
8300 51.68 
8310 51.68 
8320 51.62 
8330 51.68 
8340 51.68 
8350 51.68 
8360 51.68 
8370 51.79 
8380 51.79 
8390 51.79 
8400 51.79 
8410 51.85 
8420 51.91 
8430 51.91 
8440 51.91 
8450 51.97 
8460 51.97 
8470 51.86 
8480 51.92 
8490 51.98 
8500 51.98 
8510 51.98 
8520 51.92 
8530 51.86 
8540 51.8 
8550 51.74 
8560 51.68 
8570 51.74 
8580 51.74 
8590 51.68 
8600 51.74 
8610 51.68 
8620 51.74 
8630 51.8 
8640 51.8 
8650 51.8 
8660 51.8 
8670 51.74 
8680 51.74 
8690 51.74 
8700 51.79 
8710 51.85 
8720 51.79 
8730 51.79 
8740 51.85 
8750 51.91 
8760 51.97 
8770 51.97 
8780 51.91 
8790 51.91 
8800 51.86 
8810 51.8 
8820 51.8 
8830 51.8 
8840 51.74 
8850 51.68 
8860 51.62 
8870 51.68 
8880 51.74 
8890 51.8 
8900 51.74 
8910 51.74 
8920 51.8 
8930 51.74 
8940 51.74 
8950 51.74 
8960 51.8 
8970 51.74 
8980 51.68 
8990 51.62 
9000 51.68 
9010 51.74 
9020 51.74 
9030 51.74 
9040 51.8 
9050 51.8 
9060 51.74 
9070 51.74 
9080 51.8 
9090 51.8 
9100 51.74 
9110 51.68 
9120 51.62 
9130 51.68 
9140 51.62 
9150 51.62 
9160 51.68 
9170 51.68 
9180 51.62 
9190 51.62 
9200 51.62 
9210 51.68 
9220 51.68 
9230 51.68 
9240 51.74 
9250 51.74 
9260 51.74 
9270 51.8 
9280 51.8 
9290 51.86 
9300 51.86 
9310 51.8 
9320 51.8 
9330 51.8 
9340 51.74 
9350 51.8 
9360 51.8 
9370 51.74 
9380 51.74 
9390 51.68 
9400 51.74 
9410 51.74 
9420 51.74 
9430 51.74 
9440 51.8 
9450 51.74 
9460 51.68 
9470 51.68 
9480 51.74 
9490 51.74 
9500 51.68 
9510 51.68 
9520 51.68 
9530 51.62 
9540 51.62 
9550 51.62 
9560 51.68 
9570 51.74 
9580 51.74 
9590 51.74 
9600 51.8 
9610 51.8 
9620 51.8 
9630 51.8 
9640 51.74 
9650 51.74 
9660 51.68 
9670 51.62 
9680 51.56 
9690 51.56 
9700 51.56 
9710 51.62 
9720 51.62 
9730 51.62 
9740 51.62 
9750 51.62 
9760 51.62 
9770 51.62 
9780 51.62 
9790 51.68 
9800 51.62 
9810 51.56 
9820 51.62 
9830 51.68 
9840 51.74 
9850 51.74 
9860 51.74 
9870 51.8 
9880 51.86 
9890 51.8 
9900 51.86 
9910 51.86 
9920 51.86 
9930 51.8 
9940 51.74 
9950 51.8 
9960 51.8 
9970 51.74 
9980 51.79 
9990 51.85 
10000 51.79 
10010 51.85 
10020 51.79 
10030 51.85 
10040 51.85 
10050 51.79 
10060 51.79 
10070 51.79 
10080 51.68 
10090 51.62 
10100 51.62 
10110 51.56 
10120 51.56 
10130 51.5 
10140 51.5 
10150 51.56 
10160 51.62 
10170 51.68 
10180 51.74 
10190 51.74 
10200 51.74 
10210 51.74 
10220 51.74 
10230 51.74 
10240 51.74 
10250 51.74 
10260 51.68 
10270 51.68 
10280 51.62 
10290 51.62 
10300 51.62 
10310 51.68 
10320 51.68 
10330 51.68 
10340 51.68 
10350 51.62 
10360 51.62 
10370 51.62 
10380 51.62 
10390 51.62 
10400 51.62 
10410 51.56 
10420 51.62 
10430 51.68 
10440 51.68 
10450 51.74 
10460 51.74 
10470 51.68 
10480 51.74 
10490 51.74 
10500 51.74 
10510 51.8 
10520 51.74 
10530 51.74 
10540 51.8 
10550 51.74 
10560 51.74 
10570 51.8 
10580 51.74 
10590 51.74 
10600 51.74 
10610 51.68 
10620 51.68 
10630 51.68 
10640 51.62 
10650 51.68 
10660 51.74 
10670 51.74 
10680 51.74 
10690 51.74 
10700 51.74 
10710 51.8 
10720 51.86 
10730 51.8 
10740 51.86 
10750 51.8 
10760 51.8 
10770 51.8 
10780 51.8 
10790 51.8 
10800 51.86 
10810 51.8 
10820 51.74 
10830 51.74 
10840 51.74 
10850 51.8 
10860 51.74 
10870 51.68 
10880 51.68 
10890 51.74 
10900 51.68 
10910 51.74 
10920 51.74 
10930 51.8 
10940 51.74 
10950 51.68 
10960 51.68 
10970 51.74 
10980 51.74 
10990 51.74 
11000 51.8 