10 47.67 
20 47.29 
30 46.91 
40 46.48 
50 46.21 
60 45.99 
70 45.89 
80 45.73 
90 45.57 
100 45.46 
110 45.41 
120 45.36 
130 45.31 
140 45.31 
150 45.26 
160 45.21 
170 45.1 
180 45.1 
190 45.1 
200 45.1 
210 45.1 
220 45.1 
230 45.1 
240 45.1 
250 45.1 
260 45.1 
270 45.1 
280 45.1 
290 45.04 
300 45.04 
310 45.04 
320 45.04 
330 45.04 
340 45.04 
350 45.04 
360 45.09 
370 45.09 
380 45.09 
390 45.15 
400 45.15 
410 45.15 
420 45.15 
430 45.15 
440 45.15 
450 45.15 
460 45.15 
470 45.15 
480 45.15 
490 45.15 
500 45.15 
510 45.15 
520 45.15 
530 45.15 
540 45.15 
550 45.15 
560 45.1 
570 45.1 
580 45.1 
590 45.1 
600 45.1 
610 45.1 
620 45.1 
630 45.1 
640 45.1 
650 45.1 
660 45.1 
670 45.1 
680 45.1 
690 45.1 
700 45.1 
710 45.1 
720 45.1 
730 45.1 
740 45.15 
750 45.15 
760 45.15 
770 45.15 
780 45.15 
790 45.2 
800 45.2 
810 45.2 
820 45.2 
830 45.2 
840 45.15 
850 45.15 
860 45.15 
870 45.15 
880 45.15 
890 45.15 
900 45.15 
910 45.2 
920 45.25 
930 45.25 
940 45.25 
950 45.3 
960 45.35 
970 45.4 
980 45.45 
990 45.4 
1000 45.45 
1010 45.45 
1020 45.45 
1030 45.5 
1040 45.5 
1050 45.45 
1060 45.51 
1070 45.51 
1080 45.57 
1090 45.57 
1100 45.57 
1110 45.52 
1120 45.47 
1130 45.47 
1140 45.52 
1150 45.52 
1160 45.46 
1170 45.41 
1180 45.35 
1190 45.4 
1200 45.4 
1210 45.45 
1220 45.5 
1230 45.56 
1240 45.56 
1250 45.56 
1260 45.56 
1270 45.61 
1280 45.56 
1290 45.51 
1300 45.51 
1310 45.46 
1320 45.46 
1330 45.35 
1340 45.3 
1350 45.35 
1360 45.35 
1370 45.3 
1380 45.3 
1390 45.35 
1400 45.35 
1410 45.35 
1420 45.41 
1430 45.46 
1440 45.46 
1450 45.46 
1460 45.46 
1470 45.51 
1480 45.56 
1490 45.56 
1500 45.56 
1510 45.67 
1520 45.61 
1530 45.67 
1540 45.67 
1550 45.67 
1560 45.62 
1570 45.57 
1580 45.52 
1590 45.47 
1600 45.42 
1610 45.36 
1620 45.36 
1630 45.3 
1640 45.35 
1650 45.35 
1660 45.4 
1670 45.45 
1680 45.5 
1690 45.61 
1700 45.66 
1710 45.66 
1720 45.72 
1730 45.72 
1740 45.72 
1750 45.78 
1760 45.78 
1770 45.78 
1780 45.73 
1790 45.73 
1800 45.79 
1810 45.79 
1820 45.79 
1830 45.79 
1840 45.85 
1850 45.79 
1860 45.79 
1870 45.79 
1880 45.84 
1890 45.73 
1900 45.73 
1910 45.68 
1920 45.62 
1930 45.68 
1940 45.68 
1950 45.68 
1960 45.74 
1970 45.74 
1980 45.8 
1990 45.91 
2000 45.91 
2010 46.02 
2020 46.08 
2030 46.02 
2040 45.96 
2050 46.07 
2060 46.01 
2070 46.07 
2080 46.01 
2090 45.95 
2100 45.95 
2110 45.89 
2120 45.83 
2130 45.89 
2140 45.89 
2150 45.84 
2160 45.9 
2170 45.84 
2180 45.84 
2190 45.84 
2200 45.84 
2210 45.9 
2220 45.9 
2230 45.84 
2240 45.84 
2250 45.73 
2260 45.73 
2270 45.73 
2280 45.73 
2290 45.73 
2300 45.73 
2310 45.67 
2320 45.67 
2330 45.62 
2340 45.68 
2350 45.79 
2360 45.73 
2370 45.68 
2380 45.68 
2390 45.74 
2400 45.74 
2410 45.74 
2420 45.8 
2430 45.85 
2440 45.85 
2450 45.79 
2460 45.74 
2470 45.79 
2480 45.85 
2490 45.85 
2500 45.74 
2510 45.8 
2520 45.74 
2530 45.74 
2540 45.68 
2550 45.74 
2560 45.79 
2570 45.74 
2580 45.68 
2590 45.62 
2600 45.67 
2610 45.67 
2620 45.62 
2630 45.62 
2640 45.57 
2650 45.46 
2660 45.52 
2670 45.57 
2680 45.63 
2690 45.63 
2700 45.63 
2710 45.57 
2720 45.62 
2730 45.62 
2740 45.67 
2750 45.72 
2760 45.66 
2770 45.66 
2780 45.6 
2790 45.6 
2800 45.66 
2810 45.66 
2820 45.72 
2830 45.67 
2840 45.73 
2850 45.73 
2860 45.79 
2870 45.79 
2880 45.79 
2890 45.79 
2900 45.68 
2910 45.68 
2920 45.68 
2930 45.68 
2940 45.62 
2950 45.68 
2960 45.68 
2970 45.74 
2980 45.74 
2990 45.74 
3000 45.85 
3010 45.91 
3020 45.8 
3030 45.91 
3040 45.97 
3050 45.86 
3060 45.86 
3070 45.86 
3080 45.92 
3090 45.98 
3100 45.98 
3110 45.92 
3120 46.03 
3130 45.97 
3140 45.91 
3150 46.02 
3160 46.02 
3170 45.91 
3180 45.85 
3190 45.79 
3200 45.79 
3210 45.79 
3220 45.73 
3230 45.79 
3240 45.85 
3250 45.85 
3260 45.79 
3270 45.84 
3280 45.9 
3290 45.96 
3300 45.9 
3310 45.96 
3320 46.02 
3330 45.96 
3340 45.96 
3350 45.96 
3360 46.02 
3370 46.08 
3380 46.08 
3390 46.08 
3400 46.14 
3410 46.14 
3420 46.08 
3430 46.14 
3440 46.14 
3450 46.14 
3460 46.14 
3470 46.03 
3480 45.97 
3490 45.97 
3500 45.91 
3510 45.8 
3520 45.86 
3530 45.75 
3540 45.75 
3550 45.64 
3560 45.53 
3570 45.53 
3580 45.53 
3590 45.47 
3600 45.47 
3610 45.58 
3620 45.52 
3630 45.63 
3640 45.63 
3650 45.68 
3660 45.73 
3670 45.78 
3680 45.78 
3690 45.78 
3700 45.78 
3710 45.72 
3720 45.67 
3730 45.61 
3740 45.55 
3750 45.55 
3760 45.61 
3770 45.61 
3780 45.67 
3790 45.73 
3800 45.73 
3810 45.73 
3820 45.84 
3830 45.84 
3840 45.84 
3850 45.84 
3860 45.78 
3870 45.73 
3880 45.62 
3890 45.62 
3900 45.62 
3910 45.57 
3920 45.57 
3930 45.63 
3940 45.63 
3950 45.58 
3960 45.58 
3970 45.58 
3980 45.63 
3990 45.52 
4000 45.58 
4010 45.63 
4020 45.63 
4030 45.52 
4040 45.52 
4050 45.57 
4060 45.52 
4070 45.63 
4080 45.63 
4090 45.68 
4100 45.62 
4110 45.62 
4120 45.56 
4130 45.67 
4140 45.67 
4150 45.73 
4160 45.84 
4170 45.84 
4180 45.84 
4190 45.9 
4200 45.9 
4210 45.9 
4220 45.96 
4230 45.9 
4240 45.96 
4250 45.9 
4260 45.84 
4270 45.78 
4280 45.84 
4290 45.78 
4300 45.84 
4310 45.84 
4320 45.84 
4330 45.84 
4340 45.84 
4350 45.84 
4360 45.84 
4370 45.79 
4380 45.79 
4390 45.74 
4400 45.68 
4410 45.74 
4420 45.74 
4430 45.74 
4440 45.63 
4450 45.69 
4460 45.69 
4470 45.74 
4480 45.68 
4490 45.79 
4500 45.79 
4510 45.68 
4520 45.68 
4530 45.68 
4540 45.68 
4550 45.68 
4560 45.68 
4570 45.74 
4580 45.74 
4590 45.74 
4600 45.8 
4610 45.8 
4620 45.74 
4630 45.69 
4640 45.74 
4650 45.68 
4660 45.68 
4670 45.62 
4680 45.62 
4690 45.62 
4700 45.56 
4710 45.67 
4720 45.73 
4730 45.84 
4740 45.84 
4750 45.9 
4760 45.9 
4770 45.96 
4780 46.02 
4790 45.96 
4800 46.02 
4810 45.96 
4820 45.96 
4830 45.96 
4840 45.96 
4850 45.96 
4860 45.96 
4870 45.96 
4880 45.96 
4890 46.02 
4900 45.96 
4910 46.02 
4920 46.02 
4930 46.02 
4940 46.02 
4950 45.96 
4960 45.91 
4970 45.91 
4980 45.91 
4990 45.91 
5000 45.97 
5010 45.97 
5020 45.97 
5030 45.97 
5040 46.03 
5050 46.09 
5060 46.2 
5070 46.2 
5080 46.2 
5090 46.2 
5100 46.14 
5110 46.14 
5120 46.08 
5130 46.08 
5140 46.08 
5150 46.08 
5160 46.08 
5170 46.02 
5180 46.02 
5190 46.02 
5200 46.08 
5210 46.08 
5220 46.14 
5230 46.14 
5240 46.14 
5250 46.14 
5260 46.14 
5270 46.2 
5280 46.2 
5290 46.14 
5300 46.14 
5310 46.14 
5320 46.08 
5330 46.08 
5340 46.02 
5350 46.02 
5360 46.02 
5370 46.02 
5380 46.07 
5390 46.13 
5400 46.13 
5410 46.13 
5420 46.19 
5430 46.24 
5440 46.3 
5450 46.3 
5460 46.3 
5470 46.3 
5480 46.25 
5490 46.25 
5500 46.25 
5510 46.3 
5520 46.3 
5530 46.25 
5540 46.25 
5550 46.25 
5560 46.25 
5570 46.25 
5580 46.25 
5590 46.25 
5600 46.25 
5610 46.25 
5620 46.25 
5630 46.25 
5640 46.25 
5650 46.25 
5660 46.25 
5670 46.25 
5680 46.25 
5690 46.25 
5700 46.3 
5710 46.25 
5720 46.25 
5730 46.25 
5740 46.19 
5750 46.19 
5760 46.19 
5770 46.19 
5780 46.19 
5790 46.24 
5800 46.24 
5810 46.24 
5820 46.29 
5830 46.29 
5840 46.45 
5850 46.45 
5860 46.45 
5870 46.45 
5880 46.5 
5890 46.45 
5900 46.4 
5910 46.45 
5920 46.4 
5930 46.4 
5940 46.3 
5950 46.3 
5960 46.3 
5970 46.3 
5980 46.3 
5990 46.3 
6000 46.3 
6010 46.25 
6020 46.3 
6030 46.35 
6040 46.4 
6050 46.4 
6060 46.4 
6070 46.4 
6080 46.35 
6090 46.35 
6100 46.35 
6110 46.35 
6120 46.3 
6130 46.25 
6140 46.25 
6150 46.3 
6160 46.3 
6170 46.35 
6180 46.35 
6190 46.4 
6200 46.4 
6210 46.4 
6220 46.4 
6230 46.4 
6240 46.35 
6250 46.3 
6260 46.35 
6270 46.3 
6280 46.3 
6290 46.25 
6300 46.3 
6310 46.3 
6320 46.3 
6330 46.3 
6340 46.3 
6350 46.3 
6360 46.25 
6370 46.25 
6380 46.25 
6390 46.25 
6400 46.2 
6410 46.25 
6420 46.25 
6430 46.25 
6440 46.3 
6450 46.3 
6460 46.3 
6470 46.35 
6480 46.35 
6490 46.35 
6500 46.35 
6510 46.19 
6520 46.19 
6530 46.19 
6540 46.14 
6550 46.14 
6560 46.14 
6570 46.09 
6580 46.09 
6590 46.09 
6600 46.09 
6610 46.2 
6620 46.2 
6630 46.2 
6640 46.25 
6650 46.25 
6660 46.25 
6670 46.25 
6680 46.25 
6690 46.25 
6700 46.3 
6710 46.3 
6720 46.3 
6730 46.3 
6740 46.25 
6750 46.25 
6760 46.25 
6770 46.25 
6780 46.25 
6790 46.25 
6800 46.2 
6810 46.2 
6820 46.14 
6830 46.14 
6840 46.14 
6850 46.14 
6860 46.14 
6870 46.14 
6880 46.19 
6890 46.19 
6900 46.24 
6910 46.24 
6920 46.3 
6930 46.3 
6940 46.35 
6950 46.35 
6960 46.35 
6970 46.35 
6980 46.35 
6990 46.35 
7000 46.3 
7010 46.3 
7020 46.3 
7030 46.3 
7040 46.25 
7050 46.25 
7060 46.25 
7070 46.19 
7080 46.14 
7090 46.14 
7100 46.14 
7110 46.14 
7120 46.14 
7130 46.08 
7140 46.08 
7150 46.08 
7160 46.08 
7170 46.14 
7180 46.14 
7190 46.19 
7200 46.19 
7210 46.19 
7220 46.19 
7230 46.25 
7240 46.25 
7250 46.25 
7260 46.25 
7270 46.25 
7280 46.25 
7290 46.2 
7300 46.2 
7310 46.2 
7320 46.2 
7330 46.2 
7340 46.14 
7350 46.14 
7360 46.14 
7370 46.08 
7380 46.08 
7390 46.13 
7400 46.18 
7410 46.18 
7420 46.18 
7430 46.18 
7440 46.24 
7450 46.29 
7460 46.29 
7470 46.29 
7480 46.29 
7490 46.24 
7500 46.19 
7510 46.19 
7520 46.19 
7530 46.19 
7540 46.19 
7550 46.14 
7560 46.14 
7570 46.2 
7580 46.2 
7590 46.14 
7600 46.14 
7610 46.19 
7620 46.19 
7630 46.24 
7640 46.24 
7650 46.24 
7660 46.24 
7670 46.29 
7680 46.34 
7690 46.45 
7700 46.45 
7710 46.4 
7720 46.4 
7730 46.35 
7740 46.35 
7750 46.35 
7760 46.35 
7770 46.3 
7780 46.3 
7790 46.3 
7800 46.3 
7810 46.3 
7820 46.3 
7830 46.3 
7840 46.35 
7850 46.35 
7860 46.4 
7870 46.4 
7880 46.35 
7890 46.3 
7900 46.3 
7910 46.35 
7920 46.35 
7930 46.4 
7940 46.4 
7950 46.4 
7960 46.4 
7970 46.4 
7980 46.45 
7990 46.5 
8000 46.5 
8010 46.5 
8020 46.5 
8030 46.5 
8040 46.45 
8050 46.45 
8060 46.4 
8070 46.4 
8080 46.35 
8090 46.3 
8100 46.3 
8110 46.3 
8120 46.3 
8130 46.25 
8140 46.3 
8150 46.3 
8160 46.3 
8170 46.3 
8180 46.3 
8190 46.3 
8200 46.3 
8210 46.25 
8220 46.35 
8230 46.35 
8240 46.3 
8250 46.3 
8260 46.35 
8270 46.35 
8280 46.4 
8290 46.45 
8300 46.45 
8310 46.45 
8320 46.4 
8330 46.4 
8340 46.45 
8350 46.45 
8360 46.4 
8370 46.4 
8380 46.35 
8390 46.35 
8400 46.35 
8410 46.35 
8420 46.3 
8430 46.3 
8440 46.25 
8450 46.25 
8460 46.3 
8470 46.3 
8480 46.3 
8490 46.25 
8500 46.3 
8510 46.35 
8520 46.35 
8530 46.4 
8540 46.4 
8550 46.4 
8560 46.35 
8570 46.35 
8580 46.35 
8590 46.35 
8600 46.3 
8610 46.25 
8620 46.25 
8630 46.2 
8640 46.25 
8650 46.25 
8660 46.25 
8670 46.25 
8680 46.25 
8690 46.25 
8700 46.25 
8710 46.3 
8720 46.3 
8730 46.3 
8740 46.25 
8750 46.3 
8760 46.3 
8770 46.35 
8780 46.45 
8790 46.45 
8800 46.45 
8810 46.5 
8820 46.55 
8830 46.55 
8840 46.55 
8850 46.55 
8860 46.55 
8870 46.55 
8880 46.5 
8890 46.55 
8900 46.6 
8910 46.55 
8920 46.5 
8930 46.5 
8940 46.55 
8950 46.55 
8960 46.65 
8970 46.6 
8980 46.65 
8990 46.6 
9000 46.6 
9010 46.55 
9020 46.6 
9030 46.7 
9040 46.65 
9050 46.6 
9060 46.5 
9070 46.5 
9080 46.4 
9090 46.4 
9100 46.35 
9110 46.4 
9120 46.35 
9130 46.25 
9140 46.25 
9150 46.35 
9160 46.35 
9170 46.35 
9180 46.35 
9190 46.35 
9200 46.35 
9210 46.35 
9220 46.4 
9230 46.5 
9240 46.5 
9250 46.45 
9260 46.45 
9270 46.45 
9280 46.45 
9290 46.5 
9300 46.5 
9310 46.5 
9320 46.45 
9330 46.35 
9340 46.35 
9350 46.3 
9360 46.3 
9370 46.35 
9380 46.35 
9390 46.35 
9400 46.4 
9410 46.4 
9420 46.45 
9430 46.5 
9440 46.55 
9450 46.55 
9460 46.6 
9470 46.55 
9480 46.6 
9490 46.55 
9500 46.6 
9510 46.65 
9520 46.6 
9530 46.55 
9540 46.5 
9550 46.5 
9560 46.45 
9570 46.5 
9580 46.45 
9590 46.5 
9600 46.4 
9610 46.3 
9620 46.3 
9630 46.3 
9640 46.35 
9650 46.35 
9660 46.35 
9670 46.3 
9680 46.3 
9690 46.25 
9700 46.35 
9710 46.35 
9720 46.4 
9730 46.4 
9740 46.35 
9750 46.35 
9760 46.35 
9770 46.35 
9780 46.35 
9790 46.4 
9800 46.3 
9810 46.3 
9820 46.25 
9830 46.25 
9840 46.25 
9850 46.25 
9860 46.25 
9870 46.25 
9880 46.3 
9890 46.25 
9900 46.3 
9910 46.3 
9920 46.24 
9930 46.29 
9940 46.29 
9950 46.29 
9960 46.29 
9970 46.29 
9980 46.24 
9990 46.24 
10000 46.19 
10010 46.19 
10020 46.25 
10030 46.2 
10040 46.25 
10050 46.25 
10060 46.25 
10070 46.19 
10080 46.24 
10090 46.24 
10100 46.24 
10110 46.24 
10120 46.24 
10130 46.24 
10140 46.19 
10150 46.13 
10160 46.13 
10170 46.19 
10180 46.14 
10190 46.14 
10200 46.14 
10210 46.14 
10220 46.14 
10230 46.08 
10240 46.08 
10250 46.14 
10260 46.14 
10270 46.08 
10280 46.08 
10290 46.08 
10300 46.08 
10310 46.08 
10320 46.08 
10330 46.14 
10340 46.14 
10350 46.14 
10360 46.14 
10370 46.2 
10380 46.2 
10390 46.2 
10400 46.2 
10410 46.2 
10420 46.2 
10430 46.2 
10440 46.25 
10450 46.25 
10460 46.25 
10470 46.25 
10480 46.25 
10490 46.25 
10500 46.25 
10510 46.25 
10520 46.25 
10530 46.25 
10540 46.2 
10550 46.2 
10560 46.2 
10570 46.2 
10580 46.2 
10590 46.2 
10600 46.2 
10610 46.2 
10620 46.2 
10630 46.2 
10640 46.2 
10650 46.2 
10660 46.25 
10670 46.3 
10680 46.3 
10690 46.3 
10700 46.3 
10710 46.3 
10720 46.3 
10730 46.3 
10740 46.3 
10750 46.4 
10760 46.29 
10770 46.29 
10780 46.29 
10790 46.29 
10800 46.29 
10810 46.29 
10820 46.29 
10830 46.23 
10840 46.23 
10850 46.13 
10860 46.19 
10870 46.08 
10880 46.08 
10890 46.08 
10900 46.08 
10910 46.29 
10920 46.29 
10930 46.29 
10940 46.29 
10950 46.23 
10960 46.23 
10970 46.13 
10980 46.19 
10990 46.08 
11000 46.08 