1 46.2 
2 44 
3 42.9 
4 42.9 
5 42.9 
6 42.9 
7 42.9 
8 42.4 
9 42.4 
10 41.9 
11 42.9 
12 42.9 
13 42.9 
14 42.9 
15 42.4 
16 42.9 
17 42.9 
18 41.9 
19 42.9 
20 42.9 
21 42.9 
22 42.9 
23 42.9 
24 42.4 
25 42.9 
26 42.9 
27 41.9 
28 42.4 
29 42.4 
30 42.4 
31 42.4 
32 42.9 
33 42.4 
34 41.9 
35 41.9 
36 41.9 
37 42.9 
38 41.9 
39 41.9 
40 41.9 
41 41.9 
42 42.4 
43 41.9 
44 41.9 
45 41.9 
46 42.9 
47 42.4 
48 41.9 
49 41.9 
50 42.4 
51 41.9 
52 42.4 
53 42.9 
54 41.9 
55 42.4 
56 41.9 
57 41.9 
58 42.4 
59 41.9 
60 42.4 
61 42.4 
62 42.9 
63 42.9 
64 41.9 
65 41.9 
66 42.4 
67 41.9 
68 41.9 
69 41.9 
70 41.9 
71 41.9 
72 41.9 
73 41.9 
74 41.9 
75 42.4 
76 41.9 
77 41.9 
78 41.9 
79 41.9 
80 42.9 
81 41.3 
82 41.9 
83 41.9 
84 41.9 
85 41.9 
86 41.9 
87 41.9 
88 41.9 
89 41.9 
90 41.9 
91 42.4 
92 41.9 
93 41.9 
94 42.4 
95 41.9 
96 41.9 
97 41.9 
98 42.4 
99 41.3 
100 41.9 
101 41.9 
102 41.9 
103 41.9 
104 41.9 
105 42.4 
106 41.3 
107 41.9 
108 41.9 
109 41.3 
110 41.9 
111 41.9 
112 41.9 
113 41.3 
114 41.9 
115 41.9 
116 41.3 
117 41.9 
118 41.9 
119 41.9 
120 41.9 
121 41.9 
122 41.9 
123 41.9 
124 41.3 
125 41.9 
126 41.3 
127 41.3 
128 41.9 
129 41.9 
130 41.3 
131 41.3 
132 41.9 
133 41.9 
134 41.3 
135 41.9 
136 41.3 
137 41.3 
138 41.9 
139 41.9 
140 41.9 
141 42.4 
142 41.9 
143 41.9 
144 41.9 
145 41.9 
146 41.9 
147 41.9 
148 41.3 
149 41.3 
150 41.3 
151 41.3 
152 41.9 
153 41.9 
154 41.3 
155 41.9 
156 41.3 
157 41.9 
158 41.3 
159 41.9 
160 41.9 
161 41.3 
162 41.9 
163 41.9 
164 41.3 
165 41.3 
166 41.9 
167 41.9 
168 41.3 
169 41.9 
170 41.9 
171 41.3 
172 41.3 
173 41.3 
174 41.3 
175 41.9 
176 41.3 
177 41.3 
178 41.9 
179 41.9 
180 41.9 
181 41.9 
182 41.3 
183 41.9 
184 41.9 
185 41.3 
186 41.3 
187 41.3 
188 41.3 
189 41.3 
190 41.3 
191 40.8 
192 41.9 
193 41.3 
194 41.9 
195 41.3 
196 41.3 
197 40.8 
198 41.3 
199 41.3 
200 41.9 
201 41.9 
202 41.9 
203 41.9 
204 41.9 
205 41.9 
206 41.3 
207 40.8 
208 41.3 
209 40.8 
210 41.9 
211 41.3 
212 40.8 
213 40.8 
214 41.3 
215 41.3 
216 41.9 
217 40.8 
218 41.3 
219 41.9 
220 41.3 
221 41.3 
222 41.9 
223 41.9 
224 40.8 
225 40.8 
226 41.3 
227 40.8 
228 41.3 
229 41.9 
230 40.8 
231 41.3 
232 41.3 
233 41.3 
234 40.8 
235 41.3 
236 41.3 
237 40.8 
238 41.3 
239 41.3 
240 41.3 
241 41.3 
242 41.3 
243 41.3 
244 41.3 
245 41.3 
246 41.3 
247 40.8 
248 41.3 
249 41.3 
250 41.3 
251 41.3 
252 41.3 
253 41.9 
254 41.9 
255 41.3 
256 41.9 
257 41.3 
258 40.8 
259 41.3 
260 41.3 
261 41.3 
262 41.3 
263 41.3 
264 40.8 
265 40.8 
266 40.8 
267 41.3 
268 40.8 
269 40.8 
270 41.3 
271 40.8 
272 40.8 
273 41.3 
274 41.3 
275 41.3 
276 41.3 
277 41.9 
278 41.3 
279 41.9 
280 40.8 
281 41.3 
282 40.8 
283 41.3 
284 40.8 
285 41.3 
286 40.8 
287 41.3 
288 40.8 
289 41.3 
290 41.3 
291 41.3 
292 40.8 
293 41.3 
294 40.8 
295 41.3 
296 41.3 
297 40.8 
298 40.8 
299 41.3 
300 40.8 
301 40.8 
302 41.3 
303 40.8 
304 40.8 
305 41.9 
306 41.3 
307 41.3 
308 41.3 
309 40.8 
310 40.8 
311 40.8 
312 40.8 
313 40.8 
314 40.8 
315 41.3 
316 40.8 
317 40.8 
318 41.3 
319 41.3 
320 41.3 
321 41.3 
322 41.3 
323 40.8 
324 41.3 
325 41.3 
326 41.3 
327 40.8 
328 40.8 
329 40.8 
330 40.8 
331 41.3 
332 41.3 
333 41.3 
334 41.3 
335 41.3 
336 40.8 
337 41.3 
338 41.3 
339 40.8 
340 41.3 
341 41.3 
342 41.3 
343 41.3 
344 40.8 
345 40.8 
346 40.8 
347 41.3 
348 40.8 
349 40.8 
350 41.3 
351 40.8 
352 41.3 
353 41.3 
354 41.9 
355 41.3 
356 41.3 
357 41.9 
358 40.8 
359 41.3 
360 40.8 
361 41.3 
362 40.8 
363 40.8 
364 41.9 
365 40.8 
366 40.8 
367 40.8 
368 40.8 
369 40.8 
370 41.3 
371 40.8 
372 40.8 
373 41.3 
374 40.8 
375 41.3 
376 40.8 
377 41.3 
378 40.8 
379 41.9 
380 41.3 
381 41.3 
382 41.3 
383 40.8 
384 40.8 
385 41.3 
386 41.3 
387 40.8 
388 41.3 
389 41.3 
390 40.8 
391 41.3 
392 40.8 
393 40.8 
394 40.8 
395 40.8 
396 40.8 
397 40.8 
398 40.8 
399 40.8 
400 40.8 
401 40.8 
402 40.8 
403 40.8 
404 40.8 
405 40.8 
406 40.8 
407 40.8 
408 40.8 
409 40.8 
410 41.3 
411 40.8 
412 40.8 
413 40.8 
414 40.8 
415 40.8 
416 40.8 
417 40.8 
418 40.8 
419 40.8 
420 41.3 
421 41.9 
422 41.3 
423 41.3 
424 40.8 
425 41.3 
426 41.3 
427 41.3 
428 40.8 
429 41.3 
430 40.8 
431 40.8 
432 40.8 
433 40.8 
434 41.3 
435 40.8 
436 41.3 
437 40.8 
438 40.8 
439 41.3 
440 40.8 
441 40.8 
442 40.8 
443 40.8 
444 40.8 
445 41.3 
446 40.8 
447 41.3 
448 40.8 
449 40.8 
450 40.8 
451 40.8 
452 41.3 
453 41.3 
454 41.3 
455 41.3 
456 40.8 
457 40.8 
458 41.9 
459 40.8 
460 40.8 
461 40.8 
462 41.3 
463 40.8 
464 41.3 
465 40.8 
466 40.8 
467 40.8 
468 40.8 
469 40.8 
470 40.8 
471 40.8 
472 40.8 
473 40.8 
474 40.8 
475 41.3 
476 41.3 
477 41.3 
478 40.8 
479 40.8 
480 40.8 
481 40.8 
482 40.8 
483 40.8 
484 40.8 
485 40.8 
486 41.3 
487 40.8 
488 40.8 
489 40.8 
490 40.8 
491 40.8 
492 40.8 
493 40.8 
494 40.8 
495 40.8 
496 40.8 
497 40.8 
498 40.8 
499 40.8 
500 40.8 
501 40.8 
502 40.8 
503 41.3 
504 40.8 
505 40.8 
506 40.8 
507 40.8 
508 40.8 
509 40.8 
510 40.8 
511 40.8 
512 40.8 
513 40.8 
514 40.8 
515 41.3 
516 40.8 
517 40.8 
518 40.8 
519 40.8 
520 40.8 
521 40.8 
522 40.8 
523 41.3 
524 40.8 
525 40.8 
526 40.8 
527 40.8 
528 40.8 
529 40.8 
530 40.8 
531 40.8 
532 40.8 
533 40.8 
534 40.8 
535 40.8 
536 41.3 
537 40.8 
538 40.8 
539 40.8 
540 40.8 
541 40.8 
542 40.8 
543 40.8 
544 40.8 
545 40.2 
546 39.7 
547 40.8 
548 40.8 
549 40.8 
550 40.8 
551 40.8 
552 40.8 
553 40.8 
554 40.8 
555 40.8 
556 40.8 
557 40.8 
558 40.8 
559 40.8 
560 40.8 
561 40.8 
562 40.8 
563 40.8 
564 40.8 
565 40.8 
566 40.8 
567 40.8 
568 40.8 
569 40.2 
570 40.8 
571 40.8 
572 40.8 
573 40.8 
574 40.8 
575 40.8 
576 40.2 
577 40.8 
578 40.8 
579 40.8 
580 40.8 
581 40.8 
582 40.8 
583 40.8 
584 40.8 
585 40.8 
586 40.8 
587 40.8 
588 40.8 
589 40.8 
590 40.8 
591 40.8 
592 40.8 
593 40.8 
594 40.8 
595 40.8 
596 40.8 
597 40.8 
598 40.8 
599 40.8 
600 40.8 
601 40.8 
602 40.8 
603 40.8 
604 40.8 
605 40.8 
606 40.8 
607 40.8 
608 41.3 
609 40.8 
610 40.8 
611 40.8 
612 40.8 
613 40.8 
614 40.8 
615 40.8 
616 40.8 
617 40.8 
618 40.8 
619 40.8 
620 40.8 
621 40.8 
622 40.8 
623 40.8 
624 40.8 
625 40.8 
626 40.8 
627 40.8 
628 41.3 
629 40.8 
630 40.8 
631 40.8 
632 40.2 
633 40.8 
634 40.2 
635 39.7 
636 40.8 
637 40.8 
638 40.8 
639 40.8 
640 40.2 
641 40.8 
642 40.8 
643 40.8 
644 40.8 
645 40.8 
646 40.8 
647 40.8 
648 40.8 
649 40.8 
650 40.8 
651 40.8 
652 40.8 
653 40.8 
654 40.8 
655 40.2 
656 40.2 
657 40.8 
658 40.8 
659 40.8 
660 40.8 
661 40.8 
662 40.8 
663 40.8 
664 40.8 
665 40.8 
666 40.8 
667 40.8 
668 40.8 
669 40.8 
670 40.8 
671 40.2 
672 40.8 
673 40.8 
674 40.8 
675 40.2 
676 40.8 
677 40.8 
678 40.8 
679 40.8 
680 40.8 
681 40.2 
682 40.8 
683 40.8 
684 40.8 
685 40.8 
686 40.8 
687 40.8 
688 40.8 
689 40.8 
690 40.8 
691 40.8 
692 40.8 
693 40.2 
694 40.8 
695 40.8 
696 40.8 
697 40.8 
698 39.7 
699 40.8 
700 40.8 
701 40.8 
702 40.8 
703 40.8 
704 40.8 
705 40.8 
706 40.8 
707 40.8 
708 40.2 
709 40.2 
710 40.8 
711 39.7 
712 40.8 
713 40.8 
714 40.8 
715 40.8 
716 40.8 
717 40.8 
718 40.8 
719 40.8 
720 40.8 
721 40.2 
722 40.2 
723 40.8 
724 40.8 
725 40.8 
726 40.8 
727 40.8 
728 40.8 
729 41.3 
730 40.8 
731 40.8 
732 40.8 
733 40.8 
734 40.8 
735 40.2 
736 40.8 
737 40.8 
738 40.8 
739 41.3 
740 40.8 
741 40.8 
742 40.8 
743 40.8 
744 40.8 
745 40.8 
746 40.8 
747 40.8 
748 40.8 
749 39.7 
750 40.8 
751 40.8 
752 40.8 
753 40.8 
754 40.8 
755 40.8 
756 40.8 
757 40.2 
758 40.8 
759 40.8 
760 40.8 
761 41.3 
762 40.8 
763 40.8 
764 40.8 
765 40.2 
766 40.8 
767 40.8 
768 40.8 
769 40.8 
770 40.8 
771 40.8 
772 41.3 
773 40.8 
774 40.8 
775 40.8 
776 40.8 
777 40.8 
778 40.8 
779 40.8 
780 40.8 
781 40.2 
782 40.8 
783 40.8 
784 40.8 
785 40.8 
786 40.8 
787 40.8 
788 40.2 
789 40.8 
790 40.8 
791 40.8 
792 40.2 
793 40.8 
794 40.8 
795 40.8 
796 40.8 
797 40.8 
798 40.8 
799 40.8 
800 41.3 
801 40.8 
802 40.8 
803 40.8 
804 40.8 
805 40.8 
806 40.8 
807 40.8 
808 40.8 
809 40.8 
810 40.8 
811 40.8 
812 40.8 
813 40.8 
814 40.8 
815 40.8 
816 40.8 
817 40.8 
818 40.8 
819 40.8 
820 40.8 
821 40.8 
822 40.8 
823 40.8 
824 40.8 
825 40.8 
826 40.8 
827 40.8 
828 40.8 
829 40.8 
830 41.3 
831 40.8 
832 39.7 
833 40.8 
834 41.3 
835 40.8 
836 40.8 
837 40.8 
838 40.8 
839 40.8 
840 40.8 
841 40.8 
842 40.8 
843 41.3 
844 40.8 
845 40.8 
846 40.8 
847 40.8 
848 40.8 
849 40.2 
850 40.8 
851 40.8 
852 40.8 
853 40.8 
854 40.8 
855 40.8 
856 40.8 
857 40.8 
858 40.8 
859 41.3 
860 40.8 
861 40.8 
862 40.2 
863 40.8 
864 40.8 
865 40.8 
866 40.8 
867 40.8 
868 40.8 
869 41.3 
870 40.8 
871 41.3 
872 40.8 
873 40.8 
874 40.8 
875 40.8 
876 40.8 
877 41.3 
878 41.3 
879 40.8 
880 40.8 
881 40.8 
882 40.8 
883 40.8 
884 40.8 
885 40.8 
886 40.8 
887 40.8 
888 40.8 
889 40.8 
890 40.8 
891 40.8 
892 40.8 
893 41.3 
894 40.2 
895 40.8 
896 40.8 
897 40.8 
898 40.8 
899 40.8 
900 40.8 
901 40.8 
902 40.8 
903 40.8 
904 40.8 
905 40.8 
906 40.8 
907 40.8 
908 40.8 
909 40.8 
910 41.3 
911 40.8 
912 40.8 
913 40.2 
914 40.8 
915 40.8 
916 41.3 
917 41.3 
918 40.8 
919 40.8 
920 40.8 
921 40.8 
922 40.8 
923 40.8 
924 41.3 
925 40.8 
926 40.8 
927 40.8 
928 40.8 
929 40.8 
930 40.8 
931 40.8 
932 40.8 
933 40.8 
934 40.8 
935 40.8 
936 40.8 
937 40.8 
938 40.8 
939 40.8 
940 40.8 
941 40.8 
942 40.8 
943 40.8 
944 40.8 
945 40.8 
946 40.8 
947 40.8 
948 41.3 
949 40.8 
950 40.8 
951 40.8 
952 40.8 
953 40.8 
954 40.8 
955 40.8 
956 41.3 
957 40.8 
958 41.3 
959 40.8 
960 40.8 
961 40.8 
962 40.8 
963 40.8 
964 40.8 
965 40.8 
966 40.8 
967 40.8 
968 40.8 
969 40.8 
970 40.8 
971 40.8 
972 40.8 
973 40.8 
974 40.8 
975 41.3 
976 41.3 
977 40.8 
978 40.8 
979 41.3 
980 40.8 
981 40.8 
982 40.8 
983 40.8 
984 41.3 
985 40.8 
986 40.8 
987 40.8 
988 40.8 
989 40.8 
990 41.9 
991 41.3 
992 41.3 
993 40.8 
994 40.8 
995 40.8 
996 40.8 
997 40.8 
998 40.8 
999 41.3 
1000 40.8 
1001 40.8 
1002 41.3 
1003 41.3 
1004 41.3 
1005 41.3 
1006 41.3 
1007 41.3 
1008 41.3 
1009 40.8 
1010 40.8 
1011 40.8 
1012 41.3 
1013 40.8 
1014 41.3 
1015 40.8 
1016 40.8 
1017 41.9 
1018 41.3 
1019 41.3 
1020 40.8 
1021 40.8 
1022 41.3 
1023 41.3 
1024 40.8 
1025 41.3 
1026 40.8 
1027 41.9 
1028 41.3 
1029 40.8 
1030 41.3 
1031 41.3 
1032 41.3 
1033 41.3 
1034 40.8 
1035 41.3 
1036 41.3 
1037 40.8 
1038 41.3 
1039 40.8 
1040 41.3 
1041 41.3 
1042 40.8 
1043 41.9 
1044 41.9 
1045 41.3 
1046 40.8 
1047 41.3 
1048 41.3 
1049 41.9 
1050 41.3 
1051 41.3 
1052 41.3 
1053 41.3 
1054 41.3 
1055 40.8 
1056 41.3 
1057 41.9 
1058 41.9 
1059 41.9 
1060 41.9 
1061 41.3 
1062 41.3 
1063 40.8 
1064 41.3 
1065 41.9 
1066 41.3 
1067 40.8 
1068 40.8 
1069 41.3 
1070 41.9 
1071 41.3 
1072 40.8 
1073 41.3 
1074 41.3 
1075 41.9 
1076 40.8 
1077 40.8 
1078 41.3 
1079 41.3 
1080 41.3 
1081 40.8 
1082 41.3 
1083 41.3 
1084 41.3 
1085 41.3 
1086 40.8 
1087 41.3 
1088 41.9 
1089 41.3 
1090 41.9 
1091 40.8 
1092 40.8 
1093 41.3 
1094 41.3 
1095 40.8 
1096 41.9 
1097 40.8 
1098 40.8 
1099 40.8 
1100 40.8 
1101 41.3 
1102 41.3 
1103 40.8 
1104 41.9 
1105 41.3 
1106 41.9 
1107 40.8 
1108 41.3 
1109 41.9 
1110 41.9 
1111 41.3 
1112 41.3 
1113 40.8 
1114 41.9 
1115 41.9 
1116 41.9 
1117 41.9 
1118 41.3 
1119 41.3 
1120 40.8 
1121 41.3 
1122 41.3 
1123 41.3 
1124 41.9 
1125 40.8 
1126 41.3 
1127 40.8 
1128 41.9 
1129 41.9 
1130 41.9 
1131 41.9 
1132 41.3 
1133 41.9 
1134 41.9 
1135 41.3 
1136 41.3 
1137 41.3 
1138 41.9 
1139 41.3 
1140 40.8 
1141 41.9 
1142 41.9 
1143 41.9 
1144 41.3 
1145 41.9 
1146 41.9 
1147 41.3 
1148 41.9 
1149 41.9 
1150 41.3 
1151 41.9 
1152 41.3 
1153 41.9 
1154 41.9 
1155 41.3 
1156 41.9 
1157 41.3 
1158 41.3 
1159 41.3 
1160 41.3 
1161 41.9 
1162 41.9 
1163 41.9 
1164 40.8 
1165 41.9 
1166 41.9 
1167 41.9 
1168 41.9 
1169 41.3 
1170 41.9 
1171 41.9 
1172 40.8 
1173 41.3 
1174 41.9 
1175 41.9 
1176 41.9 
1177 41.3 
1178 41.9 
1179 41.9 
1180 41.3 
1181 41.3 
1182 41.3 
1183 41.3 
1184 41.3 
1185 41.9 
1186 41.3 
1187 41.9 
1188 41.9 
1189 41.9 
1190 41.3 
1191 41.3 
1192 41.9 
1193 41.9 
1194 41.9 
1195 41.9 
1196 41.9 
1197 41.9 
1198 41.3 
1199 41.3 
1200 41.9 
1201 41.9 
1202 41.9 
1203 41.3 
1204 41.9 
1205 41.3 
1206 41.9 
1207 41.9 
1208 41.9 
1209 41.3 
1210 41.3 
1211 41.9 
1212 41.9 
1213 41.3 
1214 41.9 
1215 41.3 
1216 41.9 
1217 41.3 
1218 41.3 
1219 41.3 
1220 41.9 
1221 41.9 
1222 41.9 
1223 41.9 
1224 42.4 
1225 41.9 
1226 41.9 
1227 41.9 
1228 41.3 
1229 41.3 
1230 41.9 
1231 41.9 
1232 41.9 
1233 41.3 
1234 41.9 
1235 41.3 
1236 41.3 
1237 42.4 
1238 41.3 
1239 41.9 
1240 41.3 
1241 40.8 
1242 41.3 
1243 41.9 
1244 41.3 
1245 41.9 
1246 41.9 
1247 41.9 
1248 41.3 
1249 41.3 
1250 41.9 
1251 41.3 
1252 41.3 
1253 41.9 
1254 41.9 
1255 41.9 
1256 41.9 
1257 41.9 
1258 42.4 
1259 41.9 
1260 41.3 
1261 41.9 
1262 41.3 
1263 41.9 
1264 41.9 
1265 41.9 
1266 41.9 
1267 41.9 
1268 41.9 
1269 41.3 
1270 41.3 
1271 41.9 
1272 41.9 
1273 41.3 
1274 41.9 
1275 42.4 
1276 41.9 
1277 41.9 
1278 42.4 
1279 41.3 
1280 41.9 
1281 41.9 
1282 41.3 
1283 41.9 
1284 41.9 
1285 41.9 
1286 41.9 
1287 41.3 
1288 41.9 
1289 41.9 
1290 41.9 
1291 41.9 
1292 41.3 
1293 41.9 
1294 41.3 
1295 41.9 
1296 41.9 
1297 41.9 
1298 41.9 
1299 41.9 
1300 41.9 
1301 41.9 
1302 41.9 
1303 41.9 
1304 41.9 
1305 41.3 
1306 41.9 
1307 41.9 
1308 41.9 
1309 41.9 
1310 41.9 
1311 41.9 
1312 41.9 
1313 41.3 
1314 41.9 
1315 41.9 
1316 41.9 
1317 42.4 
1318 41.9 
1319 41.9 
1320 41.9 
1321 41.9 
1322 41.9 
1323 41.3 
1324 41.9 
1325 41.9 
1326 41.9 
1327 41.9 
1328 41.9 
1329 41.9 
1330 41.9 
1331 41.3 
1332 41.9 
1333 41.9 
1334 41.9 
1335 41.9 
1336 41.3 
1337 41.3 
1338 41.3 
1339 41.9 
1340 41.9 
1341 41.3 
1342 41.9 
1343 41.9 
1344 41.9 
1345 41.3 
1346 41.3 
1347 41.9 
1348 41.3 
1349 41.9 
1350 41.3 
1351 41.9 
1352 40.8 
1353 41.9 
1354 41.9 
1355 41.9 
1356 40.8 
1357 41.3 
1358 41.9 
1359 41.9 
1360 41.9 
1361 41.3 
1362 41.3 
1363 41.9 
1364 41.9 
1365 41.9 
1366 40.8 
1367 41.9 
1368 41.9 
1369 41.3 
1370 41.9 
1371 41.3 
1372 41.9 
1373 41.9 
1374 41.9 
1375 41.3 
1376 41.3 
1377 41.9 
1378 41.9 
1379 41.9 
1380 42.4 
1381 41.3 
1382 41.9 
1383 41.3 
1384 41.3 
1385 41.9 
1386 41.9 
1387 41.9 
1388 41.9 
1389 41.3 
1390 41.9 
1391 41.9 
1392 41.3 
1393 41.9 
1394 41.9 
1395 41.9 
1396 41.3 
1397 41.3 
1398 41.9 
1399 41.9 
1400 41.9