1 51.5 
2 53.7 
3 53.7 
4 54.2 
5 53.7 
6 53.7 
7 53.7 
8 53.7 
9 53.7 
10 53.2 
11 53.7 
12 53.7 
13 53.2 
14 52.6 
15 53.7 
16 53.7 
17 53.2 
18 53.7 
19 53.7 
20 53.7 
21 53.7 
22 54.2 
23 53.2 
24 53.7 
25 53.7 
26 53.7 
27 53.7 
28 53.7 
29 52.6 
30 53.2 
31 53.2 
32 53.2 
33 52.6 
34 52.6 
35 53.2 
36 53.2 
37 53.2 
38 53.2 
39 52.6 
40 53.2 
41 52.6 
42 52.6 
43 52.6 
44 52.6 
45 52.6 
46 53.2 
47 53.2 
48 52.6 
49 52.6 
50 53.2 
51 52.6 
52 52.6 
53 53.7 
54 53.2 
55 52.6 
56 52.6 
57 52.6 
58 52.6 
59 53.2 
60 53.2 
61 53.2 
62 52.6 
63 52.6 
64 52.6 
65 52.6 
66 52.6 
67 52.6 
68 52.6 
69 52.6 
70 52.6 
71 52.6 
72 52.6 
73 52.6 
74 53.2 
75 52.6 
76 52.6 
77 52.6 
78 53.2 
79 53.2 
80 52.6 
81 52.6 
82 52.6 
83 52.6 
84 52.6 
85 52.6 
86 52.6 
87 52.6 
88 52.6 
89 52.6 
90 53.2 
91 52.6 
92 52.6 
93 52.6 
94 52.6 
95 52.6 
96 52.6 
97 52.6 
98 52.6 
99 52.6 
100 52.6 
101 52.6 
102 52.6 
103 52.1 
104 52.6 
105 52.6 
106 52.6 
107 52.6 
108 52.6 
109 52.6 
110 52.6 
111 52.6 
112 52.1 
113 52.6 
114 52.6 
115 52.6 
116 52.6 
117 52.6 
118 52.1 
119 52.1 
120 52.1 
121 52.6 
122 52.1 
123 52.6 
124 52.1 
125 52.6 
126 52.6 
127 52.1 
128 52.6 
129 52.6 
130 52.6 
131 52.6 
132 52.6 
133 52.6 
134 52.6 
135 52.6 
136 52.1 
137 52.1 
138 52.6 
139 52.6 
140 52.6 
141 52.6 
142 52.6 
143 52.1 
144 52.6 
145 52.1 
146 52.6 
147 52.6 
148 52.6 
149 52.1 
150 52.1 
151 52.6 
152 52.6 
153 52.6 
154 52.6 
155 52.6 
156 52.6 
157 52.6 
158 52.6 
159 52.6 
160 52.6 
161 52.6 
162 52.1 
163 52.6 
164 52.1 
165 52.1 
166 52.1 
167 52.1 
168 52.6 
169 52.1 
170 52.1 
171 52.6 
172 52.6 
173 52.6 
174 52.6 
175 52.6 
176 52.1 
177 52.1 
178 52.1 
179 52.6 
180 52.1 
181 52.1 
182 52.6 
183 52.6 
184 52.6 
185 52.1 
186 52.6 
187 52.6 
188 52.6 
189 52.1 
190 52.1 
191 52.1 
192 52.1 
193 52.1 
194 52.1 
195 52.6 
196 52.1 
197 52.1 
198 51.5 
199 52.1 
200 52.1 
201 52.6 
202 52.1 
203 52.6 
204 52.1 
205 52.6 
206 52.6 
207 51.5 
208 52.6 
209 52.1 
210 52.6 
211 52.1 
212 52.1 
213 52.1 
214 52.6 
215 52.1 
216 52.1 
217 52.1 
218 52.1 
219 52.6 
220 52.1 
221 52.1 
222 52.6 
223 52.6 
224 51.5 
225 52.1 
226 52.6 
227 52.6 
228 52.1 
229 52.1 
230 52.6 
231 52.6 
232 52.6 
233 51.5 
234 52.1 
235 51.5 
236 52.1 
237 51.5 
238 52.1 
239 52.1 
240 52.6 
241 52.1 
242 52.1 
243 52.1 
244 52.1 
245 52.1 
246 52.1 
247 52.1 
248 52.6 
249 52.1 
250 52.1 
251 52.6 
252 52.1 
253 52.1 
254 52.1 
255 51.5 
256 51.5 
257 51.5 
258 52.1 
259 51.5 
260 52.1 
261 51.5 
262 51.5 
263 52.1 
264 51.5 
265 52.1 
266 52.1 
267 52.1 
268 52.1 
269 52.1 
270 52.6 
271 52.1 
272 52.1 
273 52.1 
274 51.5 
275 51.5 
276 52.1 
277 52.1 
278 51.5 
279 51.5 
280 51.5 
281 52.1 
282 52.1 
283 52.1 
284 51.5 
285 51.5 
286 52.1 
287 51.5 
288 52.1 
289 51.5 
290 51.5 
291 52.1 
292 52.1 
293 52.1 
294 52.1 
295 52.1 
296 51.5 
297 52.1 
298 51.5 
299 52.1 
300 52.1 
301 52.1 
302 52.1 
303 51.5 
304 51.5 
305 51.5 
306 51.5 
307 51.5 
308 52.1 
309 51.5 
310 52.1 
311 52.1 
312 52.1 
313 51.5 
314 51.5 
315 52.1 
316 52.6 
317 52.1 
318 52.6 
319 51.5 
320 52.1 
321 52.1 
322 52.1 
323 52.1 
324 52.1 
325 51.5 
326 52.1 
327 52.6 
328 51.5 
329 52.6 
330 52.1 
331 52.1 
332 52.1 
333 52.6 
334 52.1 
335 52.1 
336 52.1 
337 51.5 
338 52.1 
339 52.6 
340 52.1 
341 52.1 
342 52.1 
343 51.5 
344 52.1 
345 52.1 
346 52.1 
347 52.6 
348 52.1 
349 52.1 
350 52.1 
351 52.1 
352 52.6 
353 52.1 
354 52.1 
355 52.1 
356 52.1 
357 52.1 
358 51.5 
359 52.1 
360 52.1 
361 51.5 
362 52.1 
363 51.5 
364 51.5 
365 51.5 
366 52.1 
367 52.1 
368 52.1 
369 51.5 
370 52.1 
371 51.5 
372 52.1 
373 51.5 
374 52.1 
375 52.1 
376 51.5 
377 52.1 
378 52.1 
379 51.5 
380 51.5 
381 51.5 
382 52.1 
383 52.1 
384 52.1 
385 52.1 
386 52.1 
387 51.5 
388 52.1 
389 52.6 
390 52.1 
391 52.1 
392 52.1 
393 51.5 
394 51.5 
395 52.1 
396 52.1 
397 51.5 
398 52.1 
399 52.1 
400 51.5 
401 51.5 
402 52.1 
403 51.5 
404 51.5 
405 51.5 
406 52.1 
407 52.1 
408 52.1 
409 51.5 
410 51.5 
411 51.5 
412 52.1 
413 52.1 
414 51.5 
415 51.5 
416 51.5 
417 52.1 
418 52.1 
419 51.5 
420 52.1 
421 51.5 
422 52.1 
423 51.5 
424 52.1 
425 52.1 
426 51.5 
427 52.1 
428 51.5 
429 51.5 
430 51.5 
431 51.5 
432 51.5 
433 51.5 
434 51.5 
435 52.1 
436 51.5 
437 51.5 
438 52.1 
439 51.5 
440 51.5 
441 51.5 
442 51.5 
443 51.5 
444 51.5 
445 51.5 
446 51.5 
447 52.1 
448 51.5 
449 51.5 
450 51.5 
451 51.5 
452 51.5 
453 51.5 
454 51.5 
455 51.5 
456 51.5 
457 51.5 
458 52.1 
459 51.5 
460 51.5 
461 51.5 
462 52.1 
463 51.5 
464 51.5 
465 51.5 
466 51.5 
467 52.1 
468 52.1 
469 51.5 
470 51.5 
471 51.5 
472 51.5 
473 51.5 
474 51.5 
475 51.5 
476 51.5 
477 51.5 
478 52.1 
479 52.1 
480 51.5 
481 52.1 
482 51.5 
483 51.5 
484 51.5 
485 52.1 
486 51.5 
487 51.5 
488 51.5 
489 51.5 
490 51.5 
491 51.5 
492 51.5 
493 51.5 
494 52.1 
495 52.1 
496 52.1 
497 51.5 
498 52.1 
499 51.5 
500 51.5 
501 52.1 
502 51.5 
503 51.5 
504 51.5 
505 51.5 
506 51.5 
507 51.5 
508 51.5 
509 51.5 
510 51.5 
511 51.5 
512 52.1 
513 51.5 
514 51.5 
515 51.5 
516 51.5 
517 51.5 
518 51.5 
519 52.1 
520 51.5 
521 51.5 
522 52.1 
523 51.5 
524 51.5 
525 52.1 
526 51 
527 52.1 
528 51.5 
529 51.5 
530 51.5 
531 52.1 
532 52.1 
533 51.5 
534 51.5 
535 51.5 
536 51.5 
537 51.5 
538 51.5 
539 51.5 
540 51.5 
541 51.5 
542 52.1 
543 51.5 
544 51.5 
545 51.5 
546 51.5 
547 51.5 
548 51.5 
549 52.1 
550 51.5 
551 52.1 
552 51.5 
553 51.5 
554 51.5 
555 51.5 
556 51.5 
557 51.5 
558 51.5 
559 51.5 
560 51.5 
561 51.5 
562 51.5 
563 51.5 
564 52.1 
565 51 
566 52.1 
567 51.5 
568 51.5 
569 51.5 
570 52.1 
571 51 
572 51.5 
573 51.5 
574 51.5 
575 51 
576 51.5 
577 51.5 
578 51.5 
579 51.5 
580 51.5 
581 51.5 
582 51.5 
583 51.5 
584 51.5 
585 51.5 
586 51.5 
587 52.1 
588 51.5 
589 51.5 
590 51 
591 51.5 
592 51.5 
593 51 
594 51 
595 51 
596 51 
597 51.5 
598 51.5 
599 51.5 
600 51.5 
601 51.5 
602 51.5 
603 51.5 
604 51 
605 51.5 
606 51.5 
607 51.5 
608 51.5 
609 51.5 
610 51.5 
611 51.5 
612 51.5 
613 51.5 
614 51.5 
615 51.5 
616 51.5 
617 51.5 
618 51.5 
619 51.5 
620 51.5 
621 52.1 
622 51.5 
623 51.5 
624 51.5 
625 51.5 
626 51.5 
627 52.1 
628 51.5 
629 51.5 
630 51.5 
631 51.5 
632 51.5 
633 51.5 
634 51.5 
635 52.1 
636 51.5 
637 51.5 
638 51.5 
639 52.1 
640 52.1 
641 51.5 
642 52.1 
643 51.5 
644 51.5 
645 51.5 
646 51.5 
647 51.5 
648 51.5 
649 51.5 
650 51.5 
651 51.5 
652 51.5 
653 51.5 
654 50.5 
655 51.5 
656 51.5 
657 50.5 
658 51.5 
659 51 
660 51.5 
661 51.5 
662 51.5 
663 51.5 
664 51.5 
665 51.5 
666 52.1 
667 51.5 
668 51.5 
669 51.5 
670 51.5 
671 51.5 
672 51.5 
673 51 
674 51 
675 51.5 
676 51.5 
677 51.5 
678 51.5 
679 51.5 
680 52.1 
681 50.5 
682 51 
683 51.5 
684 51 
685 51.5 
686 51.5 
687 51.5 
688 51.5 
689 51.5 
690 51.5 
691 51 
692 51.5 
693 51.5 
694 51.5 
695 51.5 
696 51.5 
697 51.5 
698 51.5 
699 51.5 
700 51.5 
701 51.5 
702 51.5 
703 51 
704 51.5 
705 51.5 
706 51.5 
707 51.5 
708 51.5 
709 51.5 
710 51 
711 51.5 
712 51.5 
713 51.5 
714 51.5 
715 51.5 
716 51.5 
717 51.5 
718 51.5 
719 51.5 
720 51.5 
721 51.5 
722 51.5 
723 51.5 
724 51.5 
725 51.5 
726 51 
727 51.5 
728 51.5 
729 51.5 
730 51.5 
731 51.5 
732 51.5 
733 51.5 
734 51.5 
735 51.5 
736 51.5 
737 51.5 
738 51.5 
739 51 
740 52.1 
741 51 
742 51 
743 51.5 
744 51.5 
745 51.5 
746 51 
747 51.5 
748 51.5 
749 51.5 
750 51.5 
751 51.5 
752 51.5 
753 51.5 
754 51.5 
755 51.5 
756 51.5 
757 51.5 
758 51.5 
759 51.5 
760 51.5 
761 51.5 
762 51 
763 51.5 
764 51.5 
765 51.5 
766 51.5 
767 51.5 
768 51.5 
769 51.5 
770 51.5 
771 52.1 
772 51.5 
773 51.5 
774 51 
775 51.5 
776 51.5 
777 51 
778 51.5 
779 51.5 
780 51.5 
781 51.5 
782 51.5 
783 51.5 
784 51.5 
785 51.5 
786 51 
787 51.5 
788 51.5 
789 51.5 
790 51.5 
791 51.5 
792 51.5 
793 51.5 
794 51.5 
795 51.5 
796 51.5 
797 51 
798 51 
799 51.5 
800 51.5 
801 51.5 
802 51.5 
803 51.5 
804 51 
805 51.5 
806 51 
807 51.5 
808 51.5 
809 51.5 
810 51.5 
811 51.5 
812 51.5 
813 51.5 
814 51.5 
815 51.5 
816 51.5 
817 51.5 
818 51.5 
819 51.5 
820 51.5 
821 51.5 
822 51.5 
823 51.5 
824 51.5 
825 51.5 
826 51.5 
827 52.1 
828 51.5 
829 51.5 
830 51.5 
831 51.5 
832 51.5 
833 51.5 
834 51.5 
835 51.5 
836 51.5 
837 51.5 
838 51.5 
839 51.5 
840 51.5 
841 51.5 
842 51.5 
843 51.5 
844 51.5 
845 51.5 
846 51.5 
847 51.5 
848 51 
849 52.1 
850 51.5 
851 51.5 
852 51.5 
853 51.5 
854 51.5 
855 51.5 
856 51.5 
857 51.5 
858 51.5 
859 51.5 
860 52.1 
861 52.1 
862 51.5 
863 51.5 
864 51.5 
865 51.5 
866 51.5 
867 51.5 
868 51.5 
869 51.5 
870 51.5 
871 51.5 
872 51.5 
873 51.5 
874 51.5 
875 51.5 
876 51.5 
877 51.5 
878 51.5 
879 51.5 
880 51.5 
881 51.5 
882 51.5 
883 51.5 
884 51.5 
885 51.5 
886 51.5 
887 51.5 
888 51.5 
889 51.5 
890 51.5 
891 51.5 
892 51.5 
893 51.5 
894 52.1 
895 51.5 
896 51.5 
897 51.5 
898 51.5 
899 51.5 
900 51.5 
901 51.5 
902 51.5 
903 51.5 
904 51.5 
905 51.5 
906 51 
907 50.5 
908 52.1 
909 51.5 
910 51.5 
911 52.1 
912 51.5 
913 51.5 
914 52.1 
915 51.5 
916 51.5 
917 52.1 
918 51.5 
919 51.5 
920 52.1 
921 51.5 
922 51.5 
923 51.5 
924 51.5 
925 51.5 
926 52.1 
927 51.5 
928 51.5 
929 52.1 
930 51.5 
931 51.5 
932 51.5 
933 52.1 
934 51.5 
935 51.5 
936 52.1 
937 51.5 
938 51.5 
939 52.1 
940 51.5 
941 51.5 
942 51.5 
943 52.1 
944 51.5 
945 52.1 
946 51.5 
947 51.5 
948 51.5 
949 51.5 
950 52.1 
951 52.1 
952 52.1 
953 51.5 
954 51.5 
955 52.1 
956 51.5 
957 51.5 
958 52.1 
959 51.5 
960 51.5 
961 51.5 
962 51.5 
963 51.5 
964 51.5 
965 51.5 
966 52.6 
967 51.5 
968 51.5 
969 51.5 
970 52.1 
971 52.1 
972 51.5 
973 52.1 
974 52.1 
975 51.5 
976 51.5 
977 52.1 
978 52.1 
979 51.5 
980 52.1 
981 52.1 
982 52.6 
983 52.1 
984 52.1 
985 51.5 
986 51.5 
987 52.1 
988 52.1 
989 51.5 
990 52.1 
991 51.5 
992 52.1 
993 52.1 
994 52.1 
995 52.1 
996 52.1 
997 51.5 
998 52.1 
999 52.1 
1000 52.1 
1001 52.1 
1002 51.5 
1003 52.1 
1004 51.5 
1005 52.1 
1006 52.1 
1007 52.1 
1008 51.5 
1009 52.1 
1010 52.1 
1011 51.5 
1012 52.1 
1013 52.6 
1014 51.5 
1015 52.1 
1016 52.6 
1017 52.1 
1018 52.1 
1019 51.5 
1020 52.1 
1021 51.5 
1022 51.5 
1023 52.1 
1024 51.5 
1025 51.5 
1026 52.1 
1027 51.5 
1028 52.6 
1029 52.1 
1030 52.1 
1031 52.1 
1032 52.1 
1033 52.1 
1034 51.5 
1035 52.6 
1036 52.1 
1037 52.6 
1038 51.5 
1039 52.1 
1040 52.1 
1041 52.1 
1042 52.1 
1043 51.5 
1044 52.1 
1045 52.1 
1046 52.1 
1047 52.1 
1048 52.6 
1049 52.1 
1050 52.1 
1051 52.6 
1052 51.5 
1053 52.6 
1054 52.1 
1055 52.1 
1056 52.1 
1057 52.6 
1058 52.1 
1059 52.1 
1060 52.6 
1061 52.1 
1062 52.1 
1063 52.1 
1064 52.1 
1065 52.1 
1066 52.6 
1067 51.5 
1068 52.1 
1069 51.5 
1070 51.5 
1071 52.6 
1072 51.5 
1073 52.6 
1074 52.1 
1075 52.1 
1076 52.6 
1077 52.1 
1078 52.1 
1079 52.6 
1080 52.1 
1081 51.5 
1082 52.6 
1083 51.5 
1084 52.1 
1085 52.1 
1086 52.6 
1087 52.6 
1088 52.6 
1089 52.6 
1090 52.1 
1091 52.6 
1092 51.5 
1093 52.1 
1094 52.6 
1095 52.1 
1096 52.6 
1097 52.6 
1098 52.6 
1099 52.1 
1100 52.1 
1101 52.1 
1102 52.6 
1103 52.6 
1104 52.1 
1105 52.1 
1106 52.6 
1107 52.6 
1108 52.1 
1109 52.6 
1110 52.1 
1111 52.1 
1112 52.6 
1113 52.1 
1114 52.1 
1115 52.1 
1116 52.6 
1117 52.6 
1118 52.1 
1119 52.6 
1120 52.6 
1121 52.6 
1122 52.1 
1123 52.6 
1124 52.6 
1125 52.1 
1126 52.1 
1127 52.1 
1128 52.6 
1129 52.1 
1130 52.6 
1131 52.6 
1132 52.1 
1133 52.6 
1134 52.1 
1135 52.1 
1136 52.1 
1137 52.6 
1138 52.1 
1139 52.1 
1140 52.6 
1141 52.1 
1142 52.1 
1143 52.1 
1144 52.1 
1145 53.2 
1146 52.1 
1147 52.1 
1148 52.6 
1149 51.5 
1150 52.6 
1151 52.1 
1152 52.6 
1153 52.1 
1154 52.6 
1155 52.1 
1156 52.6 
1157 52.6 
1158 52.6 
1159 52.6 
1160 52.1 
1161 52.6 
1162 52.6 
1163 52.6 
1164 52.6 
1165 52.6 
1166 52.6 
1167 52.1 
1168 52.6 
1169 52.6 
1170 52.6 
1171 52.6 
1172 52.1 
1173 52.6 
1174 52.6 
1175 52.6 
1176 52.6 
1177 52.1 
1178 52.1 
1179 52.1 
1180 52.6 
1181 52.6 
1182 52.6 
1183 52.6 
1184 52.6 
1185 52.6 
1186 52.6 
1187 53.2 
1188 52.6 
1189 52.1 
1190 52.6 
1191 52.6 
1192 52.1 
1193 52.6 
1194 52.6 
1195 52.6 
1196 52.6 
1197 52.6 
1198 53.2 
1199 52.1 
1200 52.6 
1201 52.6 
1202 52.6 
1203 52.1 
1204 52.6 
1205 52.6 
1206 52.6 
1207 52.6 
1208 52.6 
1209 53.2 
1210 52.6 
1211 52.6 
1212 52.6 
1213 52.6 
1214 52.6 
1215 52.6 
1216 52.6 
1217 52.1 
1218 52.6 
1219 52.6 
1220 52.6 
1221 52.6 
1222 52.6 
1223 52.6 
1224 52.1 
1225 52.6 
1226 52.1 
1227 53.2 
1228 52.6 
1229 52.1 
1230 52.6 
1231 52.6 
1232 52.6 
1233 52.1 
1234 52.6 
1235 52.6 
1236 52.1 
1237 52.6 
1238 52.6 
1239 52.6 
1240 52.6 
1241 52.6 
1242 52.6 
1243 52.6 
1244 52.6 
1245 52.6 
1246 52.6 
1247 52.6 
1248 52.6 
1249 52.1 
1250 52.6 
1251 52.6 
1252 52.6 
1253 52.6 
1254 52.6 
1255 52.6 
1256 52.6 
1257 52.1 
1258 52.6 
1259 53.2 
1260 52.6 
1261 52.6 
1262 53.2 
1263 52.6 
1264 52.6 
1265 52.6 
1266 52.6 
1267 52.6 
1268 52.6 
1269 52.6 
1270 52.6 
1271 52.6 
1272 52.1 
1273 52.1 
1274 52.6 
1275 52.6 
1276 52.6 
1277 52.6 
1278 52.1 
1279 52.6 
1280 52.6 
1281 52.6 
1282 52.1 
1283 52.6 
1284 52.6 
1285 51.5 
1286 52.6 
1287 52.6 
1288 53.2 
1289 52.6 
1290 52.6 
1291 52.6 
1292 52.6 
1293 52.6 
1294 52.6 
1295 52.6 
1296 52.1 
1297 52.6 
1298 52.6 
1299 52.6 
1300 52.6 
1301 52.6 
1302 52.1 
1303 52.6 
1304 53.2 
1305 52.1 
1306 52.6 
1307 52.6 
1308 52.6 
1309 52.1 
1310 52.1 
1311 52.6 
1312 52.6 
1313 52.6 
1314 52.6 
1315 52.6 
1316 52.6 
1317 52.1 
1318 52.1 
1319 52.6 
1320 52.6 
1321 52.6 
1322 52.1 
1323 52.6 
1324 52.6 
1325 52.6 
1326 52.6 
1327 52.1 
1328 52.6 
1329 52.1 
1330 52.6 
1331 52.6 
1332 52.6 
1333 52.6 
1334 52.6 
1335 52.6 
1336 52.6 
1337 52.6 
1338 52.6 
1339 52.6 
1340 52.1 
1341 53.2 
1342 52.6 
1343 52.1 
1344 52.6 
1345 52.6 
1346 52.6 
1347 52.6 
1348 52.6 
1349 52.6 
1350 52.6 
1351 52.6 
1352 52.6 
1353 52.6 
1354 52.6 
1355 52.6 
1356 52.6 
1357 52.6 
1358 52.6 
1359 52.6 
1360 52.1 
1361 52.6 
1362 52.6 
1363 52.1 
1364 52.1 
1365 52.1 
1366 52.6 
1367 52.6 
1368 53.2 
1369 52.6 
1370 53.2 
1371 52.6 
1372 52.6 
1373 52.6 
1374 52.1 
1375 52.6 
1376 52.6 
1377 52.6 
1378 52.6 
1379 52.6 
1380 52.6 
1381 52.6 
1382 52.1 
1383 52.6 
1384 52.1 
1385 52.1 
1386 52.6 
1387 52.6 
1388 52.6 
1389 52.6 
1390 52.1 
1391 52.6 
1392 52.1 
1393 52.6 
1394 52.6 
1395 52.6 
1396 52.6 
1397 52.6 
1398 52.6 
1399 52.6 
1400 52.6