1 52.1 
2 52.1 
3 52.6 
4 52.6 
5 52.6 
6 52.6 
7 53.2 
8 52.6 
9 52.6 
10 52.6 
11 52.6 
12 53.2 
13 53.2 
14 52.1 
15 52.6 
16 52.6 
17 52.6 
18 53.2 
19 53.2 
20 52.6 
21 52.6 
22 52.6 
23 52.6 
24 52.6 
25 52.6 
26 52.6 
27 52.1 
28 52.1 
29 52.1 
30 52.1 
31 52.1 
32 52.1 
33 52.1 
34 52.1 
35 51.5 
36 51.5 
37 52.1 
38 51.5 
39 52.1 
40 51.5 
41 51.5 
42 51.5 
43 51.5 
44 51.5 
45 52.1 
46 51.5 
47 51.5 
48 52.1 
49 51.5 
50 51.5 
51 51.5 
52 51.5 
53 51.5 
54 52.1 
55 51.5 
56 52.1 
57 51.5 
58 51.5 
59 51.5 
60 51.5 
61 51.5 
62 51.5 
63 51.5 
64 52.1 
65 51.5 
66 51.5 
67 51.5 
68 52.1 
69 51.5 
70 51.5 
71 51.5 
72 51.5 
73 51.5 
74 51.5 
75 52.1 
76 51.5 
77 51.5 
78 51.5 
79 51.5 
80 51.5 
81 51.5 
82 51.5 
83 51 
84 52.1 
85 51.5 
86 51.5 
87 52.1 
88 51.5 
89 51.5 
90 51.5 
91 52.1 
92 51.5 
93 51.5 
94 51.5 
95 51.5 
96 51.5 
97 51.5 
98 51.5 
99 51.5 
100 51.5 
101 51.5 
102 51.5 
103 51 
104 51.5 
105 51.5 
106 51.5 
107 52.1 
108 51.5 
109 50.5 
110 51.5 
111 51 
112 52.1 
113 51.5 
114 51.5 
115 51.5 
116 51.5 
117 51.5 
118 51.5 
119 51.5 
120 51.5 
121 51.5 
122 51.5 
123 51.5 
124 51 
125 50.5 
126 50.5 
127 51 
128 51.5 
129 51.5 
130 50.5 
131 51.5 
132 51 
133 50.5 
134 51.5 
135 51.5 
136 50.5 
137 51.5 
138 51.5 
139 51 
140 51 
141 50.5 
142 51 
143 51 
144 50.5 
145 51 
146 51 
147 51.5 
148 51.5 
149 51.5 
150 51.5 
151 51.5 
152 51.5 
153 51.5 
154 51 
155 50.5 
156 51.5 
157 50.5 
158 51.5 
159 51 
160 51 
161 51 
162 50.5 
163 51.5 
164 50.5 
165 51 
166 51.5 
167 51 
168 51.5 
169 51.5 
170 51 
171 51.5 
172 51 
173 51.5 
174 51.5 
175 51.5 
176 51 
177 50.5 
178 51 
179 51.5 
180 51 
181 51.5 
182 50.5 
183 51.5 
184 50.5 
185 51 
186 51 
187 51.5 
188 51.5 
189 51.5 
190 51.5 
191 50.5 
192 51 
193 51.5 
194 50.5 
195 50.5 
196 51.5 
197 51.5 
198 51.5 
199 50.5 
200 50.5 
201 51.5 
202 50.5 
203 51 
204 51 
205 51.5 
206 51 
207 51.5 
208 51 
209 50.5 
210 51.5 
211 50.5 
212 50.5 
213 51.5 
214 51 
215 50.5 
216 50.5 
217 51.5 
218 50.5 
219 51 
220 50.5 
221 50.5 
222 51 
223 50.5 
224 50.5 
225 50.5 
226 51.5 
227 50.5 
228 51 
229 51.5 
230 51.5 
231 50.5 
232 51 
233 50.5 
234 50.5 
235 51 
236 51.5 
237 51 
238 51.5 
239 51 
240 50.5 
241 51.5 
242 50.5 
243 50.5 
244 51 
245 51.5 
246 50.5 
247 51 
248 50.5 
249 50.5 
250 50.5 
251 51.5 
252 50.5 
253 51.5 
254 51 
255 51 
256 51 
257 51 
258 51.5 
259 51.5 
260 51.5 
261 50.5 
262 51.5 
263 50.5 
264 50.5 
265 50.5 
266 50.5 
267 50.5 
268 50.5 
269 51.5 
270 51.5 
271 50.5 
272 50.5 
273 50.5 
274 51.5 
275 50.5 
276 50.5 
277 50.5 
278 50.5 
279 51 
280 50.5 
281 50.5 
282 50.5 
283 50.5 
284 51 
285 50.5 
286 51.5 
287 51 
288 51.5 
289 51 
290 51 
291 51 
292 51 
293 50.5 
294 50.5 
295 51 
296 50.5 
297 50.5 
298 50.5 
299 50.5 
300 51.5 
301 51 
302 51.5 
303 50.5 
304 50.5 
305 50.5 
306 51 
307 50.5 
308 50.5 
309 50.5 
310 51 
311 50.5 
312 50.5 
313 50.5 
314 50.5 
315 50.5 
316 51.5 
317 49.9 
318 50.5 
319 50.5 
320 50.5 
321 51.5 
322 50.5 
323 50.5 
324 50.5 
325 50.5 
326 50.5 
327 50.5 
328 50.5 
329 50.5 
330 50.5 
331 50.5 
332 50.5 
333 50.5 
334 50.5 
335 50.5 
336 50.5 
337 50.5 
338 50.5 
339 50.5 
340 50.5 
341 50.5 
342 50.5 
343 50.5 
344 49.4 
345 51 
346 49.9 
347 50.5 
348 50.5 
349 50.5 
350 50.5 
351 49.9 
352 49.9 
353 49.4 
354 49.4 
355 50.5 
356 50.5 
357 50.5 
358 50.5 
359 50.5 
360 50.5 
361 50.5 
362 49.9 
363 49.4 
364 49.9 
365 50.5 
366 50.5 
367 50.5 
368 50.5 
369 49.9 
370 49.9 
371 49.9 
372 49.9 
373 49.9 
374 50.5 
375 50.5 
376 50.5 
377 50.5 
378 49.9 
379 49.4 
380 50.5 
381 50.5 
382 49.9 
383 50.5 
384 49.4 
385 49.9 
386 50.5 
387 50.5 
388 49.9 
389 50.5 
390 50.5 
391 49.9 
392 50.5 
393 50.5 
394 49.9 
395 50.5 
396 50.5 
397 49.9 
398 49.9 
399 49.9 
400 50.5 
401 50.5 
402 49.4 
403 49.9 
404 49.9 
405 50.5 
406 50.5 
407 50.5 
408 49.9 
409 50.5 
410 50.5 
411 49.9 
412 50.5 
413 50.5 
414 49.9 
415 50.5 
416 50.5 
417 49.9 
418 50.5 
419 49.9 
420 50.5 
421 49.9 
422 49.4 
423 50.5 
424 50.5 
425 49.9 
426 49.9 
427 50.5 
428 49.9 
429 49.9 
430 49.4 
431 49.9 
432 50.5 
433 50.5 
434 49.9 
435 49.9 
436 50.5 
437 50.5 
438 50.5 
439 49.9 
440 49.9 
441 50.5 
442 49.4 
443 49.9 
444 50.5 
445 49.9 
446 49.9 
447 50.5 
448 50.5 
449 49.4 
450 50.5 
451 49.4 
452 49.9 
453 50.5 
454 49.4 
455 49.9 
456 50.5 
457 49.9 
458 49.9 
459 49.9 
460 49.9 
461 49.9 
462 49.9 
463 49.4 
464 49.4 
465 49.9 
466 50.5 
467 49.9 
468 49.9 
469 50.5 
470 49.4 
471 50.5 
472 49.9 
473 49.9 
474 49.4 
475 50.5 
476 50.5 
477 49.4 
478 49.9 
479 50.5 
480 50.5 
481 49.4 
482 49.9 
483 50.5 
484 50.5 
485 49.9 
486 49.4 
487 49.4 
488 49.4 
489 49.4 
490 49.9 
491 49.4 
492 49.9 
493 49.4 
494 49.9 
495 49.9 
496 49.9 
497 49.4 
498 49.9 
499 49.9 
500 49.4 
501 50.5 
502 49.9 
503 50.5 
504 49.4 
505 49.9 
506 49.9 
507 49.4 
508 49.4 
509 49.9 
510 50.5 
511 49.4 
512 49.9 
513 49.4 
514 49.9 
515 49.9 
516 49.9 
517 49.9 
518 50.5 
519 49.9 
520 50.5 
521 49.9 
522 49.4 
523 49.9 
524 49.9 
525 49.4 
526 50.5 
527 49.9 
528 49.9 
529 49.4 
530 49.9 
531 49.9 
532 49.4 
533 50.5 
534 49.9 
535 49.4 
536 49.4 
537 50.5 
538 49.4 
539 49.4 
540 49.9 
541 50.5 
542 49.9 
543 49.9 
544 49.9 
545 50.5 
546 49.4 
547 49.9 
548 49.4 
549 49.4 
550 49.9 
551 50.5 
552 49.9 
553 49.9 
554 50.5 
555 49.4 
556 49.4 
557 49.4 
558 49.9 
559 49.9 
560 49.4 
561 49.9 
562 49.4 
563 49.4 
564 49.4 
565 49.4 
566 50.5 
567 50.5 
568 49.4 
569 49.9 
570 49.9 
571 49.9 
572 49.4 
573 49.4 
574 49.4 
575 49.4 
576 49.9 
577 49.9 
578 49.4 
579 49.4 
580 50.5 
581 49.9 
582 49.4 
583 49.4 
584 49.4 
585 49.9 
586 49.4 
587 49.9 
588 49.9 
589 49.9 
590 49.4 
591 49.4 
592 49.9 
593 49.4 
594 49.4 
595 49.9 
596 49.9 
597 49.9 
598 49.9 
599 49.4 
600 49.9 
601 49.4 
602 49.4 
603 49.4 
604 49.4 
605 49.4 
606 49.4 
607 49.4 
608 50.5 
609 50.5 
610 49.4 
611 49.9 
612 49.9 
613 49.4 
614 49.9 
615 49.4 
616 49.4 
617 49.4 
618 49.4 
619 49.4 
620 50.5 
621 49.9 
622 49.4 
623 49.4 
624 49.9 
625 49.4 
626 49.4 
627 49.9 
628 49.9 
629 49.9 
630 49.4 
631 49.9 
632 49.9 
633 49.4 
634 49.4 
635 49.4 
636 49.4 
637 50.5 
638 49.4 
639 49.4 
640 49.4 
641 49.9 
642 49.9 
643 49.4 
644 49.4 
645 49.4 
646 49.4 
647 49.4 
648 49.4 
649 49.9 
650 49.4 
651 49.4 
652 49.9 
653 49.4 
654 49.9 
655 49.4 
656 49.4 
657 49.9 
658 49.4 
659 49.9 
660 49.4 
661 49.4 
662 49.9 
663 49.4 
664 49.4 
665 49.4 
666 49.9 
667 49.4 
668 49.4 
669 49.9 
670 49.4 
671 49.4 
672 49.9 
673 49.4 
674 49.4 
675 49.9 
676 49.9 
677 49.9 
678 49.4 
679 49.4 
680 49.4 
681 49.4 
682 49.4 
683 49.4 
684 49.4 
685 49.4 
686 50.5 
687 49.9 
688 49.9 
689 49.4 
690 49.9 
691 49.4 
692 49.4 
693 49.4 
694 49.9 
695 49.4 
696 49.4 
697 49.4 
698 49.4 
699 49.4 
700 49.9 
701 49.4 
702 49.4 
703 49.4 
704 49.9 
705 49.4 
706 49.4 
707 49.4 
708 49.9 
709 49.4 
710 49.9 
711 49.9 
712 49.4 
713 49.4 
714 49.4 
715 49.9 
716 49.4 
717 49.4 
718 49.4 
719 49.4 
720 49.4 
721 50.5 
722 49.9 
723 49.4 
724 49.4 
725 49.9 
726 49.4 
727 49.9 
728 49.4 
729 49.4 
730 49.4 
731 49.4 
732 49.4 
733 49.9 
734 49.4 
735 49.4 
736 49.4 
737 49.4 
738 49.4 
739 49.4 
740 49.9 
741 49.4 
742 49.4 
743 49.4 
744 49.9 
745 49.4 
746 49.9 
747 49.4 
748 49.4 
749 50.5 
750 50.5 
751 49.4 
752 49.9 
753 49.9 
754 49.4 
755 49.9 
756 49.4 
757 50.5 
758 49.4 
759 49.4 
760 50.5 
761 49.4 
762 49.4 
763 49.4 
764 49.4 
765 49.4 
766 49.4 
767 49.4 
768 49.9 
769 49.9 
770 49.9 
771 49.9 
772 50.5 
773 49.4 
774 49.4 
775 49.9 
776 49.9 
777 49.4 
778 50.5 
779 49.4 
780 49.4 
781 49.9 
782 50.5 
783 49.4 
784 49.9 
785 49.9 
786 49.9 
787 49.9 
788 49.9 
789 49.9 
790 49.4 
791 49.9 
792 49.4 
793 50.5 
794 49.4 
795 49.9 
796 49.9 
797 49.4 
798 49.9 
799 49.9 
800 49.9 
801 49.9 
802 49.9 
803 49.9 
804 50.5 
805 49.4 
806 49.9 
807 49.4 
808 49.9 
809 49.9 
810 49.4 
811 49.4 
812 50.5 
813 50.5 
814 49.9 
815 49.4 
816 50.5 
817 49.9 
818 49.9 
819 49.9 
820 49.4 
821 50.5 
822 49.9 
823 49.9 
824 49.9 
825 49.9 
826 49.9 
827 49.9 
828 49.4 
829 49.9 
830 49.9 
831 49.9 
832 49.9 
833 50.5 
834 49.9 
835 48.3 
836 49.9 
837 49.9 
838 49.9 
839 49.9 
840 49.4 
841 49.9 
842 49.4 
843 49.4 
844 49.9 
845 49.4 
846 49.9 
847 49.9 
848 50.5 
849 49.9 
850 49.9 
851 50.5 
852 49.4 
853 49.9 
854 49.4 
855 49.9 
856 50.5 
857 49.9 
858 50.5 
859 50.5 
860 49.9 
861 50.5 
862 49.9 
863 49.9 
864 49.9 
865 50.5 
866 49.9 
867 49.9 
868 49.9 
869 49.9 
870 49.4 
871 50.5 
872 50.5 
873 50.5 
874 50.5 
875 49.9 
876 50.5 
877 49.9 
878 50.5 
879 49.4 
880 50.5 
881 49.4 
882 49.4 
883 49.4 
884 49.9 
885 50.5 
886 49.9 
887 50.5 
888 50.5 
889 49.9 
890 49.9 
891 49.9 
892 50.5 
893 50.5 
894 49.9 
895 49.4 
896 49.4 
897 49.9 
898 50.5 
899 49.9 
900 49.9 
901 50.5 
902 50.5 
903 49.4 
904 49.9 
905 49.9 
906 49.4 
907 50.5 
908 50.5 
909 50.5 
910 49.9 
911 50.5 
912 50.5 
913 49.9 
914 50.5 
915 49.4 
916 50.5 
917 49.4 
918 49.9 
919 49.9 
920 49.9 
921 50.5 
922 50.5 
923 49.9 
924 50.5 
925 50.5 
926 49.9 
927 49.9 
928 50.5 
929 50.5 
930 49.9 
931 49.9 
932 50.5 
933 49.9 
934 49.9 
935 49.9 
936 49.9 
937 50.5 
938 50.5 
939 49.9 
940 49.9 
941 50.5 
942 50.5 
943 50.5 
944 49.4 
945 49.4 
946 49.9 
947 50.5 
948 50.5 
949 49.9 
950 49.9 
951 49.4 
952 50.5 
953 50.5 
954 50.5 
955 50.5 
956 50.5 
957 50.5 
958 50.5 
959 50.5 
960 49.9 
961 50.5 
962 50.5 
963 50.5 
964 50.5 
965 51 
966 49.9 
967 49.9 
968 50.5 
969 50.5 
970 50.5 
971 49.9 
972 50.5 
973 50.5 
974 50.5 
975 50.5 
976 49.9 
977 50.5 
978 50.5 
979 50.5 
980 50.5 
981 50.5 
982 50.5 
983 50.5 
984 50.5 
985 50.5 
986 50.5 
987 49.4 
988 50.5 
989 50.5 
990 49.9 
991 50.5 
992 49.9 
993 50.5 
994 50.5 
995 50.5 
996 50.5 
997 50.5 
998 50.5 
999 50.5 
1000 50.5 
1001 50.5 
1002 50.5 
1003 50.5 
1004 50.5 
1005 50.5 
1006 50.5 
1007 49.9 
1008 50.5 
1009 50.5 
1010 50.5 
1011 50.5 
1012 50.5 
1013 50.5 
1014 50.5 
1015 50.5 
1016 50.5 
1017 49.9 
1018 50.5 
1019 50.5 
1020 50.5 
1021 50.5 
1022 50.5 
1023 49.9 
1024 50.5 
1025 50.5 
1026 50.5 
1027 50.5 
1028 49.9 
1029 50.5 
1030 50.5 
1031 51.5 
1032 49.9 
1033 50.5 
1034 50.5 
1035 50.5 
1036 50.5 
1037 50.5 
1038 50.5 
1039 50.5 
1040 50.5 
1041 51 
1042 50.5 
1043 50.5 
1044 50.5 
1045 50.5 
1046 50.5 
1047 50.5 
1048 50.5 
1049 50.5 
1050 50.5 
1051 50.5 
1052 50.5 
1053 50.5 
1054 51 
1055 50.5 
1056 50.5 
1057 51 
1058 50.5 
1059 50.5 
1060 50.5 
1061 50.5 
1062 50.5 
1063 51 
1064 50.5 
1065 51.5 
1066 50.5 
1067 50.5 
1068 50.5 
1069 50.5 
1070 50.5 
1071 51.5 
1072 50.5 
1073 50.5 
1074 49.9 
1075 50.5 
1076 50.5 
1077 50.5 
1078 51 
1079 50.5 
1080 50.5 
1081 50.5 
1082 50.5 
1083 50.5 
1084 50.5 
1085 51 
1086 51.5 
1087 50.5 
1088 50.5 
1089 51 
1090 50.5 
1091 50.5 
1092 51 
1093 50.5 
1094 51.5 
1095 51.5 
1096 50.5 
1097 50.5 
1098 50.5 
1099 50.5 
1100 51 
1101 50.5 
1102 50.5 
1103 50.5 
1104 50.5 
1105 51 
1106 51.5 
1107 51 
1108 50.5 
1109 51 
1110 50.5 
1111 50.5 
1112 50.5 
1113 50.5 
1114 50.5 
1115 50.5 
1116 50.5 
1117 50.5 
1118 50.5 
1119 51 
1120 51.5 
1121 50.5 
1122 51.5 
1123 51 
1124 51.5 
1125 51 
1126 51.5 
1127 50.5 
1128 51.5 
1129 50.5 
1130 51.5 
1131 51 
1132 50.5 
1133 50.5 
1134 51.5 
1135 51 
1136 51.5 
1137 51 
1138 51 
1139 51.5 
1140 50.5 
1141 51 
1142 51.5 
1143 50.5 
1144 51.5 
1145 50.5 
1146 51 
1147 51 
1148 51 
1149 51 
1150 51 
1151 50.5 
1152 50.5 
1153 50.5 
1154 51.5 
1155 51 
1156 51.5 
1157 50.5 
1158 50.5 
1159 51.5 
1160 50.5 
1161 50.5 
1162 50.5 
1163 51 
1164 51 
1165 50.5 
1166 51 
1167 51 
1168 51 
1169 51 
1170 50.5 
1171 51.5 
1172 51.5 
1173 51 
1174 51.5 
1175 50.5 
1176 50.5 
1177 50.5 
1178 51 
1179 51 
1180 51.5 
1181 51 
1182 51.5 
1183 51.5 
1184 50.5 
1185 50.5 
1186 51.5 
1187 51 
1188 51 
1189 51 
1190 51.5 
1191 51 
1192 51 
1193 51.5 
1194 51 
1195 51 
1196 51 
1197 51 
1198 51 
1199 50.5 
1200 51.5 
1201 51.5 
1202 51.5 
1203 51.5 
1204 51.5 
1205 50.5 
1206 50.5 
1207 51.5 
1208 51.5 
1209 51 
1210 50.5 
1211 51.5 
1212 51 
1213 50.5 
1214 50.5 
1215 50.5 
1216 51.5 
1217 51.5 
1218 50.5 
1219 51.5 
1220 50.5 
1221 50.5 
1222 51 
1223 51.5 
1224 51.5 
1225 51.5 
1226 50.5 
1227 50.5 
1228 51.5 
1229 51.5 
1230 51 
1231 50.5 
1232 50.5 
1233 51 
1234 51.5 
1235 51.5 
1236 51.5 
1237 51 
1238 51.5 
1239 51.5 
1240 50.5 
1241 51.5 
1242 51 
1243 52.1 
1244 50.5 
1245 51.5 
1246 51 
1247 50.5 
1248 51 
1249 51 
1250 50.5 
1251 50.5 
1252 51.5 
1253 50.5 
1254 51 
1255 51.5 
1256 51 
1257 51.5 
1258 51.5 
1259 50.5 
1260 50.5 
1261 51.5 
1262 50.5 
1263 51.5 
1264 50.5 
1265 50.5 
1266 50.5 
1267 51.5 
1268 50.5 
1269 51.5 
1270 51 
1271 50.5 
1272 51.5 
1273 51 
1274 51 
1275 51.5 
1276 51.5 
1277 50.5 
1278 51.5 
1279 51.5 
1280 51.5 
1281 51 
1282 50.5 
1283 51.5 
1284 51.5 
1285 51.5 
1286 51.5 
1287 51.5 
1288 50.5 
1289 51 
1290 50.5 
1291 51.5 
1292 51.5 
1293 51.5 
1294 51.5 
1295 51.5 
1296 51.5 
1297 51 
1298 50.5 
1299 51.5 
1300 51.5 
1301 51.5 
1302 51.5 
1303 51 
1304 51.5 
1305 51.5 
1306 51 
1307 51.5 
1308 51.5 
1309 50.5 
1310 50.5 
1311 51 
1312 51.5 
1313 51.5 
1314 51 
1315 51.5 
1316 51 
1317 51 
1318 51.5 
1319 51.5 
1320 51.5 
1321 50.5 
1322 51 
1323 51 
1324 50.5 
1325 51 
1326 50.5 
1327 50.5 
1328 51 
1329 51 
1330 50.5 
1331 51.5 
1332 50.5 
1333 51.5 
1334 50.5 
1335 51.5 
1336 50.5 
1337 51 
1338 51.5 
1339 51 
1340 50.5 
1341 50.5 
1342 51.5 
1343 50.5 
1344 50.5 
1345 51.5 
1346 51.5 
1347 51.5 
1348 51 
1349 50.5 
1350 50.5 
1351 51 
1352 51.5 
1353 51 
1354 51.5 
1355 51.5 
1356 50.5 
1357 51 
1358 51 
1359 51.5 
1360 51 
1361 51.5 
1362 50.5 
1363 51.5 
1364 50.5 
1365 51.5 
1366 51 
1367 51.5 
1368 51.5 
1369 51.5 
1370 51 
1371 50.5 
1372 50.5 
1373 51 
1374 51 
1375 50.5 
1376 51.5 
1377 51 
1378 51.5 
1379 51.5 
1380 51.5 
1381 51.5 
1382 51.5 
1383 51.5 
1384 51 
1385 51.5 
1386 50.5 
1387 50.5 
1388 51.5 
1389 51 
1390 51 
1391 51.5 
1392 51.5 
1393 51.5 
1394 51.5 
1395 50.5 
1396 51 
1397 51.5 
1398 51 
1399 51.5 
1400 50.5