10 45.29 
20 50.29 
30 50.35 
40 50.35 
50 50.41 
60 50.47 
70 50.47 
80 50.47 
90 50.41 
100 50.41 
110 50.36 
120 50.36 
130 50.36 
140 50.36 
150 50.25 
160 50.25 
170 50.19 
180 50.13 
190 50.13 
200 50.19 
210 50.19 
220 50.25 
230 50.19 
240 50.19 
250 50.3 
260 50.24 
270 50.24 
280 50.24 
290 50.24 
300 50.18 
310 50.12 
320 50.06 
330 50.12 
340 50.18 
350 50.12 
360 50.18 
370 50.24 
380 50.3 
390 50.3 
400 50.3 
410 50.3 
420 50.3 
430 50.24 
440 50.24 
450 50.24 
460 50.24 
470 50.18 
480 50.18 
490 50.13 
500 50.13 
510 50.19 
520 50.25 
530 50.31 
540 50.25 
550 50.25 
560 50.19 
570 50.19 
580 50.13 
590 50.18 
600 50.18 
610 50.12 
620 50.06 
630 50.06 
640 50.06 
650 50.06 
660 50.06 
670 50.06 
680 50.06 
690 50.06 
700 50.06 
710 50.12 
720 50.12 
730 50.06 
740 50.06 
750 50.06 
760 50.06 
770 50.06 
780 50.06 
790 50.06 
800 50.06 
810 49.95 
820 49.95 
830 49.95 
840 49.95 
850 49.95 
860 50.01 
870 50.01 
880 49.96 
890 49.96 
900 49.96 
910 50.01 
920 49.96 
930 49.96 
940 49.96 
950 49.96 
960 49.9 
970 49.9 
980 49.9 
990 49.8 
1000 49.8 
1010 49.8 
1020 49.75 
1030 49.7 
1040 49.7 
1050 49.65 
1060 49.65 
1070 49.65 
1080 49.7 
1090 49.8 
1100 49.75 
1110 49.75 
1120 49.8 
1130 49.8 
1140 49.8 
1150 49.85 
1160 49.85 
1170 49.85 
1180 49.8 
1190 49.7 
1200 49.75 
1210 49.75 
1220 49.8 
1230 49.75 
1240 49.7 
1250 49.7 
1260 49.7 
1270 49.6 
1280 49.65 
1290 49.75 
1300 49.7 
1310 49.7 
1320 49.65 
1330 49.75 
1340 49.8 
1350 49.8 
1360 49.7 
1370 49.7 
1380 49.65 
1390 49.65 
1400 49.6 
1410 49.6 
1420 49.6 
1430 49.6 
1440 49.55 
1450 49.55 
1460 49.65 
1470 49.75 
1480 49.8 
1490 49.8 
1500 49.8 
1510 49.8 
1520 49.85 
1530 49.91 
1540 49.96 
1550 49.96 
1560 50.02 
1570 50.08 
1580 50.14 
1590 50.2 
1600 50.3 
1610 50.41 
1620 50.52 
1630 50.57 
1640 50.68 
1650 50.79 
1660 50.79 
1670 50.79 
1680 50.79 
1690 50.84 
1700 50.95 
1710 50.9 
1720 50.9 
1730 50.85 
1740 50.74 
1750 50.63 
1760 50.57 
1770 50.51 
1780 50.51 
1790 50.4 
1800 50.29 
1810 50.23 
1820 50.12 
1830 50.06 
1840 50.06 
1850 50.12 
1860 50.18 
1870 50.24 
1880 50.18 
1890 50.18 
1900 50.18 
1910 50.24 
1920 50.3 
1930 50.3 
1940 50.3 
1950 50.24 
1960 50.18 
1970 50.12 
1980 50.12 
1990 50.12 
2000 50.12 
2010 50.06 
2020 50 
2030 50 
2040 50 
2050 50 
2060 50 
2070 50 
2080 50 
2090 50 
2100 50.06 
2110 50.06 
2120 50.06 
2130 50.06 
2140 50.06 
2150 50.06 
2160 50.06 
2170 50.12 
2180 50.12 
2190 50.12 
2200 50.06 
2210 50.12 
2220 50.18 
2230 50.29 
2240 50.35 
2250 50.41 
2260 50.47 
2270 50.47 
2280 50.53 
2290 50.64 
2300 50.75 
2310 50.75 
2320 50.69 
2330 50.64 
2340 50.58 
2350 50.58 
2360 50.58 
2370 50.58 
2380 50.58 
2390 50.47 
2400 50.47 
2410 50.52 
2420 50.63 
2430 50.68 
2440 50.74 
2450 50.74 
2460 50.74 
2470 50.74 
2480 50.74 
2490 50.8 
2500 50.75 
2510 50.75 
2520 50.75 
2530 50.7 
2540 50.7 
2550 50.75 
2560 50.75 
2570 50.69 
2580 50.69 
2590 50.74 
2600 50.79 
2610 50.74 
2620 50.63 
2630 50.63 
2640 50.63 
2650 50.63 
2660 50.63 
2670 50.69 
2680 50.69 
2690 50.64 
2700 50.64 
2710 50.69 
2720 50.75 
2730 50.75 
2740 50.75 
2750 50.75 
2760 50.75 
2770 50.8 
2780 50.85 
2790 50.85 
2800 50.85 
2810 50.8 
2820 50.85 
2830 50.85 
2840 50.85 
2850 50.8 
2860 50.8 
2870 50.8 
2880 50.75 
2890 50.75 
2900 50.75 
2910 50.8 
2920 50.8 
2930 50.85 
2940 50.9 
2950 50.95 
2960 51 
2970 51 
2980 51.05 
2990 51.05 
3000 51.05 
3010 51.05 
3020 51.05 
3030 51.05 
3040 51 
3050 51 
3060 50.95 
3070 50.9 
3080 50.9 
3090 50.9 
3100 50.85 
3110 50.74 
3120 50.69 
3130 50.64 
3140 50.69 
3150 50.64 
3160 50.69 
3170 50.69 
3180 50.64 
3190 50.69 
3200 50.74 
3210 50.8 
3220 50.85 
3230 50.9 
3240 50.96 
3250 51.01 
3260 51.01 
3270 51.01 
3280 51.01 
3290 51.01 
3300 50.96 
3310 51.01 
3320 51.01 
3330 51.01 
3340 50.95 
3350 51.01 
3360 51.01 
3370 51.06 
3380 51.11 
3390 51.11 
3400 51.11 
3410 51.06 
3420 51.06 
3430 51.01 
3440 51.01 
3450 50.95 
3460 50.95 
3470 51.01 
3480 51.07 
3490 51.07 
3500 51.12 
3510 51.17 
3520 51.12 
3530 51.12 
3540 51.12 
3550 51.18 
3560 51.24 
3570 51.13 
3580 51.07 
3590 51.07 
3600 51.13 
3610 51.13 
3620 51.18 
3630 51.18 
3640 51.18 
3650 51.07 
3660 51.01 
3670 51.01 
3680 50.96 
3690 50.96 
3700 50.9 
3710 50.96 
3720 50.96 
3730 50.96 
3740 50.96 
3750 51.01 
3760 51.01 
3770 50.95 
3780 50.95 
3790 50.9 
3800 50.9 
3810 50.79 
3820 50.74 
3830 50.79 
3840 50.79 
3850 50.79 
3860 50.79 
3870 50.85 
3880 50.9 
3890 50.95 
3900 50.9 
3910 50.95 
3920 50.95 
3930 50.95 
3940 50.95 
3950 50.95 
3960 50.95 
3970 50.95 
3980 50.95 
3990 51.01 
4000 51.06 
4010 51.06 
4020 51.11 
4030 51.11 
4040 51.11 
4050 51.11 
4060 51.11 
4070 51.16 
4080 51.16 
4090 51.1 
4100 51.1 
4110 51.1 
4120 51.1 
4130 51.1 
4140 51.1 
4150 51.1 
4160 51.05 
4170 51 
4180 50.95 
4190 50.95 
4200 50.95 
4210 50.9 
4220 50.85 
4230 50.85 
4240 50.85 
4250 50.8 
4260 50.85 
4270 50.85 
4280 50.9 
4290 50.9 
4300 50.9 
4310 50.95 
4320 50.95 
4330 50.95 
4340 50.95 
4350 51 
4360 51 
4370 51.05 
4380 51.05 
4390 51 
4400 50.95 
4410 50.9 
4420 50.95 
4430 50.95 
4440 50.9 
4450 50.85 
4460 50.8 
4470 50.8 
4480 50.8 
4490 50.8 
4500 50.85 
4510 50.9 
4520 50.9 
4530 50.9 
4540 50.9 
4550 50.84 
4560 50.84 
4570 50.79 
4580 50.74 
4590 50.79 
4600 50.79 
4610 50.79 
4620 50.74 
4630 50.69 
4640 50.69 
4650 50.8 
4660 50.85 
4670 50.85 
4680 50.85 
4690 50.8 
4700 50.75 
4710 50.7 
4720 50.7 
4730 50.7 
4740 50.64 
4750 50.64 
4760 50.53 
4770 50.58 
4780 50.63 
4790 50.63 
4800 50.63 
4810 50.63 
4820 50.68 
4830 50.73 
4840 50.73 
4850 50.73 
4860 50.84 
4870 50.84 
4880 50.84 
4890 50.84 
4900 50.84 
4910 50.78 
4920 50.73 
4930 50.73 
4940 50.79 
4950 50.79 
4960 50.79 
4970 50.79 
4980 50.79 
4990 50.84 
5000 50.84 
5010 50.95 
5020 51 
5030 51 
5040 51.05 
5050 51.05 
5060 51 
5070 50.95 
5080 50.84 
5090 50.79 
5100 50.84 
5110 50.84 
5120 50.79 
5130 50.79 
5140 50.79 
5150 50.79 
5160 50.79 
5170 50.84 
5180 50.9 
5190 50.9 
5200 50.9 
5210 50.9 
5220 50.9 
5230 50.85 
5240 50.8 
5250 50.8 
5260 50.8 
5270 50.8 
5280 50.91 
5290 50.91 
5300 50.86 
5310 50.86 
5320 50.86 
5330 50.86 
5340 50.86 
5350 50.86 
5360 50.91 
5370 50.91 
5380 50.85 
5390 50.85 
5400 50.9 
5410 50.9 
5420 50.9 
5430 50.95 
5440 51 
5450 50.95 
5460 50.95 
5470 50.9 
5480 50.9 
5490 50.95 
5500 50.95 
5510 50.95 
5520 51 
5530 51 
5540 51 
5550 51.11 
5560 51.11 
5570 51.11 
5580 51.17 
5590 51.23 
5600 51.29 
5610 51.35 
5620 51.35 
5630 51.35 
5640 51.35 
5650 51.29 
5660 51.29 
5670 51.34 
5680 51.39 
5690 51.39 
5700 51.33 
5710 51.38 
5720 51.44 
5730 51.5 
5740 51.61 
5750 51.72 
5760 51.72 
5770 51.72 
5780 51.61 
5790 51.61 
5800 51.61 
5810 51.56 
5820 51.5 
5830 51.5 
5840 51.39 
5850 51.34 
5860 51.4 
5870 51.46 
5880 51.57 
5890 51.62 
5900 51.68 
5910 51.68 
5920 51.79 
5930 51.79 
5940 51.9 
5950 51.84 
5960 51.89 
5970 51.83 
5980 51.78 
5990 51.78 
6000 51.78 
6010 51.83 
6020 51.78 
6030 51.83 
6040 51.78 
6050 51.78 
6060 51.73 
6070 51.84 
6080 51.89 
6090 51.89 
6100 51.94 
6110 51.94 
6120 51.99 
6130 51.99 
6140 52.04 
6150 52.1 
6160 52.15 
6170 52.15 
6180 52.15 
6190 52.15 
6200 52.15 
6210 52.15 
6220 52.15 
6230 52.04 
6240 52.04 
6250 52.09 
6260 52.09 
6270 52.09 
6280 52.09 
6290 52.04 
6300 52.04 
6310 52.04 
6320 52.04 
6330 52.15 
6340 52.15 
6350 52.15 
6360 52.15 
6370 52.15 
6380 52.15 
6390 52.09 
6400 52.09 
6410 52.09 
6420 52.09 
6430 52.09 
6440 52.04 
6450 52.04 
6460 52.04 
6470 52.04 
6480 52.04 
6490 52.15 
6500 52.15 
6510 52.15 
6520 52.15 
6530 52.15 
6540 52.2 
6550 52.2 
6560 52.15 
6570 52.2 
6580 52.2 
6590 52.2 
6600 52.15 
6610 52.15 
6620 52.15 
6630 52.15 
6640 52.15 
6650 52.2 
6660 52.25 
6670 52.15 
6680 52.15 
6690 52.15 
6700 52.2 
6710 52.2 
6720 52.2 
6730 52.25 
6740 52.25 
6750 52.2 
6760 52.2 
6770 52.25 
6780 52.25 
6790 52.25 
6800 52.3 
6810 52.3 
6820 52.3 
6830 52.25 
6840 52.25 
6850 52.3 
6860 52.3 
6870 52.3 
6880 52.3 
6890 52.3 
6900 52.25 
6910 52.25 
6920 52.3 
6930 52.35 
6940 52.46 
6950 52.41 
6960 52.41 
6970 52.41 
6980 52.41 
6990 52.41 
7000 52.41 
7010 52.41 
7020 52.36 
7030 52.31 
7040 52.2 
7050 52.25 
7060 52.3 
7070 52.35 
7080 52.46 
7090 52.46 
7100 52.51 
7110 52.51 
7120 52.51 
7130 52.56 
7140 52.61 
7150 52.61 
7160 52.61 
7170 52.67 
7180 52.56 
7190 52.56 
7200 52.46 
7210 52.46 
7220 52.35 
7230 52.19 
7240 52.03 
7250 51.82 
7260 51.66 
7270 51.44 
7280 51.33 
7290 51.22 
7300 51.11 
7310 50.89 
7320 50.78 
7330 50.73 
7340 50.68 
7350 50.68 
7360 50.57 
7370 50.52 
7380 50.41 
7390 50.3 
7400 50.3 
7410 50.36 
7420 50.36 
7430 50.3 
7440 50.3 
7450 50.3 
7460 50.36 
7470 50.36 
7480 50.36 
7490 50.36 
7500 50.36 
7510 50.36 
7520 50.42 
7530 50.42 
7540 50.42 
7550 50.42 
7560 50.42 
7570 50.47 
7580 50.58 
7590 50.58 
7600 50.63 
7610 50.63 
7620 50.57 
7630 50.63 
7640 50.57 
7650 50.57 
7660 50.51 
7670 50.4 
7680 50.35 
7690 50.35 
7700 50.3 
7710 50.3 
7720 50.36 
7730 50.3 
7740 50.36 
7750 50.36 
7760 50.47 
7770 50.58 
7780 50.63 
7790 50.69 
7800 50.63 
7810 50.63 
7820 50.63 
7830 50.63 
7840 50.57 
7850 50.51 
7860 50.4 
7870 50.35 
7880 50.3 
7890 50.3 
7900 50.36 
7910 50.36 
7920 50.3 
7930 50.3 
7940 50.36 
7950 50.42 
7960 50.42 
7970 50.42 
7980 50.36 
7990 50.3 
8000 50.24 
8010 50.18 
8020 50.24 
8030 50.3 
8040 50.24 
8050 50.24 
8060 50.3 
8070 50.24 
8080 50.24 
8090 50.24 
8100 50.24 
8110 50.24 
8120 50.18 
8130 50.18 
8140 50.18 
8150 50.12 
8160 50.06 
8170 50.06 
8180 50.06 
8190 50.06 
8200 50.06 
8210 50.06 
8220 50.06 
8230 50 
8240 50.06 
8250 50.06 
8260 50.06 
8270 50.12 
8280 50.18 
8290 50.18 
8300 50.18 
8310 50.18 
8320 50.24 
8330 50.3 
8340 50.3 
8350 50.3 
8360 50.3 
8370 50.24 
8380 50.24 
8390 50.3 
8400 50.36 
8410 50.42 
8420 50.36 
8430 50.3 
8440 50.24 
8450 50.24 
8460 50.24 
8470 50.24 
8480 50.18 
8490 50.12 
8500 50.06 
8510 50 
8520 50 
8530 50 
8540 49.95 
8550 49.95 
8560 49.95 
8570 49.95 
8580 49.95 
8590 49.95 
8600 49.95 
8610 49.95 
8620 49.9 
8630 49.9 
8640 49.85 
8650 49.85 
8660 49.85 
8670 49.85 
8680 49.85 
8690 49.85 
8700 49.85 
8710 49.85 
8720 49.9 
8730 49.96 
8740 50.06 
8750 49.96 
8760 49.96 
8770 49.96 
8780 50.02 
8790 50.02 
8800 50.02 
8810 49.97 
8820 49.97 
8830 49.91 
8840 49.91 
8850 50.01 
8860 50.01 
8870 50.01 
8880 49.95 
8890 49.95 
8900 50.01 
8910 50.01 
8920 49.91 
8930 49.91 
8940 49.91 
8950 49.91 
8960 49.91 
8970 49.91 
8980 49.91 
8990 49.91 
9000 49.85 
9010 49.9 
9020 50 
9030 49.9 
9040 49.85 
9050 49.85 
9060 49.85 
9070 49.85 
9080 49.85 
9090 49.75 
9100 49.75 
9110 49.75 
9120 49.75 
9130 49.85 
9140 49.9 
9150 49.9 
9160 49.9 
9170 49.9 
9180 49.9 
9190 50 
9200 50 
9210 50 
9220 49.95 
9230 49.85 
9240 49.85 
9250 49.8 
9260 49.8 
9270 49.8 
9280 49.8 
9290 49.8 
9300 49.75 
9310 49.7 
9320 49.7 
9330 49.7 
9340 49.65 
9350 49.7 
9360 49.7 
9370 49.6 
9380 49.6 
9390 49.5 
9400 49.55 
9410 49.6 
9420 49.65 
9430 49.7 
9440 49.7 
9450 49.6 
9460 49.5 
9470 49.5 
9480 49.4 
9490 49.5 
9500 49.4 
9510 49.35 
9520 49.35 
9530 49.35 
9540 49.35 
9550 49.45 
9560 49.5 
9570 49.55 
9580 49.6 
9590 49.55 
9600 49.6 
9610 49.65 
9620 49.65 
9630 49.6 
9640 49.6 
9650 49.5 
9660 49.5 
9670 49.45 
9680 49.4 
9690 49.35 
9700 49.3 
9710 49.2 
9720 49.1 
9730 49.1 
9740 49.1 
9750 49.1 
9760 49.05 
9770 49.05 
9780 49.05 
9790 49.15 
9800 49.15 
9810 49.15 
9820 49.25 
9830 49.25 
9840 49.25 
9850 49.3 
9860 49.4 
9870 49.45 
9880 49.5 
9890 49.4 
9900 49.4 
9910 49.4 
9920 49.3 
9930 49.4 
9940 49.35 
9950 49.35 
9960 49.3 
9970 49.25 
9980 49.2 
9990 49.3 
10000 49.3 
10010 49.35 
10020 49.35 
10030 49.35 
10040 49.4 
10050 49.35 
10060 49.4 
10070 49.5 
10080 49.6 
10090 49.5 
10100 49.6 
10110 49.6 
10120 49.6 
10130 49.55 
10140 49.6 
10150 49.65 
10160 49.55 
10170 49.45 
10180 49.35 
10190 49.35 
10200 49.25 
10210 49.3 
10220 49.3 
10230 49.35 
10240 49.25 
10250 49.25 
10260 49.3 
10270 49.3 
10280 49.4 
10290 49.4 
10300 49.4 
10310 49.3 
10320 49.3 
10330 49.25 
10340 49.25 
10350 49.2 
10360 49.15 
10370 49.25 
10380 49.15 
10390 49.15 
10400 49.2 
10410 49.2 
10420 49.25 
10430 49.25 
10440 49.3 
10450 49.3 
10460 49.3 
10470 49.2 
10480 49.2 
10490 49.2 
10500 49.2 
10510 49.2 
10520 49.15 
10530 49.15 
10540 49.1 
10550 49.15 
10560 49.15 
10570 49.25 
10580 49.35 
10590 49.45 
10600 49.4 
10610 49.5 
10620 49.55 
10630 49.55 
10640 49.65 
10650 49.7 
10660 49.75 
10670 49.65 
10680 49.55 
10690 49.45 
10700 49.5 
10710 49.4 
10720 49.35 
10730 49.3 
10740 49.2 
10750 49.2 
10760 49.15 
10770 49.15 
10780 49.25 
10790 49.25 
10800 49.2 
10810 49.2 
10820 49.2 
10830 49.2 
10840 49.25 
10850 49.15 
10860 49.15 
10870 49.15 
10880 49.05 
10890 49.05 
10900 49.05 
10910 49.05 
10920 49.15 
10930 49.25 
10940 49.25 
10950 49.2 
10960 49.2 
10970 49.2 
10980 49.2 
10990 49.25 
11000 49.15 