10 45.37 
20 50.31 
30 49.99 
40 49.78 
50 49.57 
60 49.36 
70 49.14 
80 49.09 
90 48.98 
100 48.93 
110 48.87 
120 48.76 
130 48.65 
140 48.54 
150 48.48 
160 48.42 
170 48.37 
180 48.31 
190 48.31 
200 48.25 
210 48.31 
220 48.31 
230 48.31 
240 48.31 
250 48.31 
260 48.31 
270 48.36 
280 48.31 
290 48.31 
300 48.31 
310 48.25 
320 48.25 
330 48.25 
340 48.25 
350 48.25 
360 48.2 
370 48.15 
380 48.15 
390 48.1 
400 48.1 
410 48.05 
420 48.05 
430 48.05 
440 48 
450 47.95 
460 48 
470 48.05 
480 48.1 
490 48.1 
500 48.05 
510 48.05 
520 48.05 
530 48 
540 48 
550 48.05 
560 48.05 
570 48 
580 47.95 
590 47.95 
600 48 
610 48 
620 48 
630 48 
640 48 
650 48 
660 48 
670 48 
680 48.05 
690 48.1 
700 48.1 
710 48.15 
720 48.15 
730 48.2 
740 48.25 
750 48.25 
760 48.25 
770 48.3 
780 48.25 
790 48.2 
800 48.15 
810 48.1 
820 48.1 
830 48.1 
840 48.1 
850 48.05 
860 48 
870 47.95 
880 47.95 
890 47.95 
900 47.89 
910 47.89 
920 47.89 
930 47.84 
940 47.79 
950 47.79 
960 47.73 
970 47.78 
980 47.83 
990 47.83 
1000 47.83 
1010 47.83 
1020 47.72 
1030 47.72 
1040 47.72 
1050 47.66 
1060 47.77 
1070 47.72 
1080 47.61 
1090 47.61 
1100 47.67 
1110 47.67 
1120 47.73 
1130 47.73 
1140 47.73 
1150 47.84 
1160 47.79 
1170 47.73 
1180 47.79 
1190 47.79 
1200 47.79 
1210 47.79 
1220 47.79 
1230 47.79 
1240 47.79 
1250 47.68 
1260 47.62 
1270 47.68 
1280 47.68 
1290 47.62 
1300 47.62 
1310 47.67 
1320 47.67 
1330 47.67 
1340 47.67 
1350 47.73 
1360 47.79 
1370 47.79 
1380 47.79 
1390 47.79 
1400 47.79 
1410 47.68 
1420 47.73 
1430 47.67 
1440 47.61 
1450 47.55 
1460 47.55 
1470 47.55 
1480 47.49 
1490 47.6 
1500 47.54 
1510 47.6 
1520 47.49 
1530 47.55 
1540 47.61 
1550 47.61 
1560 47.61 
1570 47.55 
1580 47.55 
1590 47.44 
1600 47.44 
1610 47.44 
1620 47.5 
1630 47.55 
1640 47.55 
1650 47.61 
1660 47.61 
1670 47.72 
1680 47.83 
1690 47.94 
1700 48.05 
1710 48.05 
1720 48.1 
1730 48.16 
1740 48.21 
1750 48.26 
1760 48.37 
1770 48.37 
1780 48.43 
1790 48.54 
1800 48.54 
1810 48.65 
1820 48.65 
1830 48.59 
1840 48.59 
1850 48.65 
1860 48.65 
1870 48.65 
1880 48.59 
1890 48.48 
1900 48.48 
1910 48.42 
1920 48.42 
1930 48.42 
1940 48.42 
1950 48.31 
1960 48.25 
1970 48.25 
1980 48.25 
1990 48.2 
2000 48.2 
2010 48.15 
2020 48.1 
2030 48.05 
2040 48.05 
2050 48.1 
2060 48.05 
2070 48.05 
2080 48.05 
2090 48.05 
2100 48.05 
2110 48.1 
2120 48.04 
2130 48.04 
2140 47.99 
2150 47.88 
2160 47.93 
2170 47.93 
2180 47.88 
2190 47.88 
2200 47.88 
2210 47.77 
2220 47.83 
2230 47.88 
2240 47.93 
2250 47.93 
2260 47.88 
2270 47.83 
2280 47.88 
2290 47.93 
2300 47.93 
2310 47.99 
2320 48.04 
2330 48.04 
2340 48.1 
2350 48.16 
2360 48.21 
2370 48.26 
2380 48.32 
2390 48.32 
2400 48.38 
2410 48.43 
2420 48.43 
2430 48.49 
2440 48.43 
2450 48.48 
2460 48.54 
2470 48.54 
2480 48.48 
2490 48.59 
2500 48.53 
2510 48.53 
2520 48.53 
2530 48.47 
2540 48.53 
2550 48.59 
2560 48.64 
2570 48.7 
2580 48.7 
2590 48.65 
2600 48.76 
2610 48.76 
2620 48.76 
2630 48.76 
2640 48.81 
2650 48.75 
2660 48.7 
2670 48.75 
2680 48.81 
2690 48.75 
2700 48.7 
2710 48.76 
2720 48.87 
2730 48.87 
2740 48.87 
2750 48.87 
2760 48.87 
2770 48.76 
2780 48.81 
2790 48.87 
2800 48.87 
2810 48.81 
2820 48.81 
2830 48.92 
2840 48.81 
2850 48.81 
2860 48.86 
2870 48.97 
2880 48.86 
2890 48.91 
2900 48.85 
2910 48.85 
2920 48.74 
2930 48.69 
2940 48.8 
2950 48.8 
2960 48.75 
2970 48.7 
2980 48.81 
2990 48.81 
3000 48.81 
3010 48.87 
3020 48.98 
3030 48.92 
3040 48.81 
3050 48.92 
3060 48.86 
3070 48.91 
3080 48.86 
3090 48.86 
3100 48.86 
3110 48.8 
3120 48.8 
3130 48.86 
3140 48.97 
3150 48.97 
3160 49.08 
3170 49.08 
3180 49.13 
3190 49.13 
3200 49.24 
3210 49.35 
3220 49.24 
3230 49.24 
3240 49.24 
3250 49.19 
3260 49.14 
3270 49.03 
3280 48.98 
3290 48.98 
3300 48.98 
3310 48.87 
3320 48.93 
3330 48.93 
3340 48.93 
3350 48.93 
3360 48.93 
3370 49.04 
3380 49.09 
3390 49.09 
3400 48.98 
3410 49.09 
3420 49.09 
3430 49.14 
3440 49.14 
3450 49.08 
3460 49.13 
3470 49.13 
3480 49.13 
3490 49.08 
3500 49.19 
3510 49.19 
3520 49.24 
3530 49.24 
3540 49.24 
3550 49.35 
3560 49.3 
3570 49.3 
3580 49.3 
3590 49.3 
3600 49.3 
3610 49.3 
3620 49.3 
3630 49.3 
3640 49.3 
3650 49.3 
3660 49.3 
3670 49.25 
3680 49.25 
3690 49.19 
3700 49.14 
3710 49.14 
3720 49.14 
3730 49.14 
3740 49.14 
3750 49.14 
3760 49.19 
3770 49.19 
3780 49.14 
3790 49.25 
3800 49.3 
3810 49.3 
3820 49.3 
3830 49.3 
3840 49.25 
3850 49.14 
3860 49.14 
3870 49.14 
3880 49.19 
3890 49.14 
3900 49.14 
3910 49.03 
3920 49.03 
3930 49.03 
3940 49.03 
3950 49.09 
3960 49.04 
3970 49.09 
3980 49.04 
3990 49.04 
4000 49.04 
4010 49.04 
4020 49.04 
4030 48.93 
4040 48.98 
4050 49.03 
4060 49.08 
4070 49.08 
4080 49.08 
4090 49.13 
4100 49.13 
4110 49.24 
4120 49.13 
4130 49.24 
4140 49.24 
4150 49.24 
4160 49.24 
4170 49.24 
4180 49.24 
4190 49.19 
4200 49.14 
4210 49.14 
4220 49.2 
4230 49.09 
4240 49.09 
4250 49.09 
4260 49.09 
4270 49.04 
4280 49.04 
4290 49.04 
4300 48.98 
4310 48.98 
4320 49.03 
4330 49.09 
4340 49.04 
4350 48.99 
4360 48.94 
4370 48.99 
4380 48.93 
4390 48.98 
4400 48.98 
4410 48.93 
4420 48.82 
4430 48.87 
4440 48.92 
4450 48.97 
4460 48.97 
4470 48.86 
4480 48.97 
4490 48.86 
4500 48.92 
4510 48.92 
4520 48.98 
4530 48.93 
4540 48.88 
4550 48.88 
4560 48.88 
4570 48.99 
4580 48.94 
4590 49.05 
4600 49.05 
4610 49.1 
4620 49.15 
4630 49.2 
4640 49.2 
4650 49.09 
4660 49.03 
4670 48.92 
4680 48.92 
4690 48.81 
4700 48.75 
4710 48.75 
4720 48.75 
4730 48.75 
4740 48.8 
4750 48.91 
4760 48.97 
4770 49.08 
4780 49.08 
4790 49.08 
4800 49.14 
4810 49.03 
4820 48.92 
4830 48.87 
4840 48.76 
4850 48.76 
4860 48.76 
4870 48.71 
4880 48.65 
4890 48.65 
4900 48.59 
4910 48.65 
4920 48.76 
4930 48.76 
4940 48.76 
4950 48.71 
4960 48.76 
4970 48.76 
4980 48.82 
4990 48.82 
5000 48.93 
5010 48.93 
5020 48.88 
5030 48.88 
5040 48.88 
5050 48.93 
5060 48.88 
5070 48.82 
5080 48.82 
5090 48.82 
5100 48.71 
5110 48.76 
5120 48.76 
5130 48.7 
5140 48.81 
5150 48.7 
5160 48.7 
5170 48.7 
5180 48.75 
5190 48.81 
5200 48.87 
5210 48.87 
5220 48.92 
5230 48.92 
5240 48.81 
5250 48.81 
5260 48.86 
5270 48.92 
5280 48.87 
5290 48.87 
5300 48.87 
5310 48.76 
5320 48.65 
5330 48.65 
5340 48.71 
5350 48.71 
5360 48.6 
5370 48.54 
5380 48.48 
5390 48.53 
5400 48.53 
5410 48.53 
5420 48.53 
5430 48.53 
5440 48.58 
5450 48.58 
5460 48.69 
5470 48.69 
5480 48.8 
5490 48.8 
5500 48.8 
5510 48.8 
5520 48.91 
5530 49.02 
5540 49.02 
5550 49.13 
5560 49.02 
5570 49.13 
5580 49.13 
5590 49.08 
5600 49.08 
5610 49.08 
5620 49.08 
5630 49.08 
5640 49.08 
5650 48.97 
5660 49.08 
5670 49.08 
5680 49.03 
5690 49.08 
5700 49.13 
5710 49.24 
5720 49.24 
5730 49.24 
5740 49.24 
5750 49.35 
5760 49.35 
5770 49.35 
5780 49.4 
5790 49.4 
5800 49.4 
5810 49.45 
5820 49.45 
5830 49.45 
5840 49.45 
5850 49.45 
5860 49.5 
5870 49.5 
5880 49.55 
5890 49.6 
5900 49.65 
5910 49.65 
5920 49.7 
5930 49.7 
5940 49.75 
5950 49.75 
5960 49.7 
5970 49.7 
5980 49.65 
5990 49.6 
6000 49.55 
6010 49.61 
6020 49.61 
6030 49.66 
6040 49.61 
6050 49.72 
6060 49.72 
6070 49.72 
6080 49.77 
6090 49.77 
6100 49.77 
6110 49.66 
6120 49.61 
6130 49.67 
6140 49.78 
6150 49.72 
6160 49.83 
6170 49.88 
6180 49.88 
6190 49.99 
6200 50.04 
6210 50.09 
6220 50.2 
6230 50.09 
6240 50.09 
6250 50.04 
6260 50.04 
6270 50.1 
6280 50.1 
6290 49.99 
6300 50.05 
6310 50.11 
6320 50.05 
6330 50.1 
6340 50.04 
6350 50.09 
6360 49.98 
6370 49.98 
6380 49.93 
6390 50.04 
6400 49.98 
6410 49.92 
6420 49.92 
6430 49.92 
6440 49.98 
6450 50.04 
6460 50.09 
6470 50.03 
6480 50.03 
6490 49.97 
6500 50.03 
6510 50.03 
6520 50.03 
6530 50.03 
6540 50.03 
6550 49.97 
6560 49.97 
6570 50.03 
6580 50.14 
6590 50.14 
6600 50.08 
6610 50.14 
6620 50.2 
6630 50.26 
6640 50.26 
6650 50.26 
6660 50.26 
6670 50.31 
6680 50.31 
6690 50.31 
6700 50.37 
6710 50.31 
6720 50.31 
6730 50.31 
6740 50.25 
6750 50.25 
6760 50.31 
6770 50.26 
6780 50.26 
6790 50.26 
6800 50.26 
6810 50.32 
6820 50.26 
6830 50.26 
6840 50.26 
6850 50.32 
6860 50.32 
6870 50.26 
6880 50.2 
6890 50.2 
6900 50.2 
6910 50.2 
6920 50.26 
6930 50.26 
6940 50.32 
6950 50.26 
6960 50.26 
6970 50.32 
6980 50.38 
6990 50.44 
7000 50.44 
7010 50.44 
7020 50.44 
7030 50.44 
7040 50.44 
7050 50.5 
7060 50.5 
7070 50.5 
7080 50.5 
7090 50.5 
7100 50.5 
7110 50.5 
7120 50.5 
7130 50.5 
7140 50.5 
7150 50.5 
7160 50.5 
7170 50.5 
7180 50.5 
7190 50.5 
7200 50.55 
7210 50.55 
7220 50.55 
7230 50.55 
7240 50.55 
7250 50.55 
7260 50.55 
7270 50.55 
7280 50.55 
7290 50.6 
7300 50.6 
7310 50.7 
7320 50.75 
7330 50.75 
7340 50.75 
7350 50.64 
7360 50.58 
7370 50.52 
7380 50.41 
7390 50.25 
7400 50.09 
7410 49.88 
7420 49.67 
7430 49.51 
7440 49.4 
7450 49.35 
7460 49.19 
7470 49.09 
7480 48.98 
7490 48.87 
7500 48.76 
7510 48.65 
7520 48.59 
7530 48.53 
7540 48.42 
7550 48.36 
7560 48.36 
7570 48.3 
7580 48.3 
7590 48.3 
7600 48.3 
7610 48.3 
7620 48.3 
7630 48.3 
7640 48.3 
7650 48.36 
7660 48.36 
7670 48.36 
7680 48.36 
7690 48.36 
7700 48.36 
7710 48.36 
7720 48.31 
7730 48.31 
7740 48.31 
7750 48.2 
7760 48.15 
7770 48.15 
7780 48.1 
7790 48.16 
7800 48.16 
7810 48.11 
7820 48.16 
7830 48.16 
7840 48.16 
7850 48.16 
7860 48.27 
7870 48.27 
7880 48.32 
7890 48.26 
7900 48.26 
7910 48.31 
7920 48.31 
7930 48.2 
7940 48.15 
7950 48.2 
7960 48.14 
7970 48.14 
7980 48.14 
7990 48.14 
8000 48.14 
8010 48.14 
8020 48.14 
8030 48.2 
8040 48.2 
8050 48.2 
8060 48.09 
8070 48.04 
8080 47.93 
8090 47.88 
8100 47.88 
8110 47.88 
8120 47.88 
8130 47.93 
8140 47.87 
8150 47.76 
8160 47.87 
8170 47.87 
8180 47.93 
8190 47.98 
8200 47.93 
8210 47.88 
8220 47.83 
8230 47.78 
8240 47.89 
8250 47.95 
8260 47.9 
8270 47.9 
8280 47.9 
8290 47.85 
8300 47.85 
8310 47.9 
8320 47.9 
8330 47.9 
8340 47.9 
8350 47.95 
8360 47.95 
8370 48 
8380 47.94 
8390 47.94 
8400 47.94 
8410 47.94 
8420 47.99 
8430 48.04 
8440 48.04 
8450 48.1 
8460 48.15 
8470 48.15 
8480 48.26 
8490 48.31 
8500 48.36 
8510 48.42 
8520 48.37 
8530 48.32 
8540 48.32 
8550 48.26 
8560 48.26 
8570 48.26 
8580 48.26 
8590 48.26 
8600 48.26 
8610 48.2 
8620 48.2 
8630 48.2 
8640 48.15 
8650 48.04 
8660 48.04 
8670 47.99 
8680 47.99 
8690 47.99 
8700 47.94 
8710 47.89 
8720 47.89 
8730 47.94 
8740 47.94 
8750 48.05 
8760 47.94 
8770 47.99 
8780 47.94 
8790 47.89 
8800 47.94 
8810 47.94 
8820 47.99 
8830 47.99 
8840 47.99 
8850 47.94 
8860 48.05 
8870 47.94 
8880 47.94 
8890 47.94 
8900 47.89 
8910 47.94 
8920 47.83 
8930 47.78 
8940 47.78 
8950 47.78 
8960 47.73 
8970 47.79 
8980 47.79 
8990 47.73 
9000 47.73 
9010 47.62 
9020 47.62 
9030 47.56 
9040 47.5 
9050 47.44 
9060 47.44 
9070 47.44 
9080 47.44 
9090 47.5 
9100 47.55 
9110 47.61 
9120 47.61 
9130 47.61 
9140 47.61 
9150 47.61 
9160 47.61 
9170 47.61 
9180 47.61 
9190 47.61 
9200 47.5 
9210 47.44 
9220 47.44 
9230 47.44 
9240 47.5 
9250 47.5 
9260 47.5 
9270 47.44 
9280 47.38 
9290 47.32 
9300 47.32 
9310 47.32 
9320 47.43 
9330 47.49 
9340 47.43 
9350 47.49 
9360 47.49 
9370 47.49 
9380 47.49 
9390 47.55 
9400 47.61 
9410 47.67 
9420 47.62 
9430 47.62 
9440 47.62 
9450 47.62 
9460 47.56 
9470 47.62 
9480 47.68 
9490 47.68 
9500 47.62 
9510 47.56 
9520 47.56 
9530 47.56 
9540 47.67 
9550 47.67 
9560 47.67 
9570 47.61 
9580 47.55 
9590 47.6 
9600 47.6 
9610 47.71 
9620 47.65 
9630 47.59 
9640 47.54 
9650 47.54 
9660 47.54 
9670 47.6 
9680 47.6 
9690 47.55 
9700 47.55 
9710 47.5 
9720 47.56 
9730 47.62 
9740 47.56 
9750 47.5 
9760 47.5 
9770 47.44 
9780 47.5 
9790 47.5 
9800 47.56 
9810 47.5 
9820 47.44 
9830 47.44 
9840 47.5 
9850 47.56 
9860 47.56 
9870 47.56 
9880 47.5 
9890 47.44 
9900 47.44 
9910 47.44 
9920 47.44 
9930 47.38 
9940 47.32 
9950 47.26 
9960 47.26 
9970 47.26 
9980 47.32 
9990 47.32 
10000 47.32 
10010 47.32 
10020 47.38 
10030 47.38 
10040 47.38 
10050 47.38 
10060 47.38 
10070 47.44 
10080 47.38 
10090 47.38 
10100 47.32 
10110 47.32 
10120 47.26 
10130 47.26 
10140 47.26 
10150 47.26 
10160 47.26 
10170 47.2 
10180 47.2 
10190 47.2 
10200 47.26 
10210 47.26 
10220 47.26 
10230 47.32 
10240 47.38 
10250 47.38 
10260 47.38 
10270 47.38 
10280 47.44 
10290 47.44 
10300 47.44 
10310 47.44 
10320 47.44 
10330 47.38 
10340 47.32 
10350 47.38 
10360 47.38 
10370 47.44 
10380 47.44 
10390 47.44 
10400 47.44 
10410 47.44 
10420 47.44 
10430 47.5 
10440 47.56 
10450 47.56 
10460 47.56 
10470 47.56 
10480 47.5 
10490 47.61 
10500 47.55 
10510 47.66 
10520 47.66 
10530 47.6 
10540 47.54 
10550 47.48 
10560 47.48 
10570 47.42 
10580 47.42 
10590 47.37 
10600 47.37 
10610 47.32 
10620 47.32 
10630 47.38 
10640 47.44 
10650 47.44 
10660 47.44 
10670 47.5 
10680 47.5 
10690 47.5 
10700 47.5 
10710 47.44 
10720 47.5 
10730 47.44 
10740 47.38 
10750 47.38 
10760 47.44 
10770 47.38 
10780 47.44 
10790 47.38 
10800 47.44 
10810 47.5 
10820 47.44 
10830 47.44 
10840 47.44 
10850 47.5 
10860 47.5 
10870 47.5 
10880 47.44 
10890 47.44 
10900 47.38 
10910 47.38 
10920 47.5 
10930 47.44 
10940 47.38 
10950 47.38 
10960 47.44 
10970 47.38 
10980 47.44 
10990 47.38 
11000 47.44 