10 46.32 
20 51.42 
30 51.21 
40 51.05 
50 51 
60 50.9 
70 50.8 
80 50.7 
90 50.7 
100 50.75 
110 50.75 
120 50.7 
130 50.7 
140 50.7 
150 50.65 
160 50.65 
170 50.65 
180 50.59 
190 50.54 
200 50.38 
210 50.38 
220 50.38 
230 50.38 
240 50.43 
250 50.43 
260 50.43 
270 50.43 
280 50.54 
290 50.54 
300 50.6 
310 50.6 
320 50.6 
330 50.65 
340 50.6 
350 50.6 
360 50.6 
370 50.6 
380 50.55 
390 50.55 
400 50.55 
410 50.55 
420 50.55 
430 50.5 
440 50.44 
450 50.44 
460 50.38 
470 50.38 
480 50.38 
490 50.43 
500 50.43 
510 50.43 
520 50.43 
530 50.48 
540 50.64 
550 50.64 
560 50.8 
570 50.85 
580 50.9 
590 50.9 
600 50.9 
610 51 
620 51.05 
630 51.05 
640 51.05 
650 51.05 
660 51.05 
670 51.1 
680 51.15 
690 51.2 
700 51.3 
710 51.3 
720 51.35 
730 51.35 
740 51.35 
750 51.45 
760 51.45 
770 51.45 
780 51.45 
790 51.45 
800 51.45 
810 51.45 
820 51.45 
830 51.5 
840 51.56 
850 51.56 
860 51.56 
870 51.51 
880 51.51 
890 51.51 
900 51.51 
910 51.51 
920 51.46 
930 51.46 
940 51.4 
950 51.4 
960 51.4 
970 51.45 
980 51.45 
990 51.45 
1000 51.45 
1010 51.45 
1020 51.5 
1030 51.5 
1040 51.5 
1050 51.5 
1060 51.45 
1070 51.45 
1080 51.45 
1090 51.45 
1100 51.4 
1110 51.4 
1120 51.4 
1130 51.4 
1140 51.35 
1150 51.35 
1160 51.4 
1170 51.4 
1180 51.4 
1190 51.4 
1200 51.45 
1210 51.45 
1220 51.45 
1230 51.45 
1240 51.5 
1250 51.5 
1260 51.5 
1270 51.5 
1280 51.5 
1290 51.5 
1300 51.5 
1310 51.61 
1320 51.61 
1330 51.61 
1340 51.61 
1350 51.61 
1360 51.61 
1370 51.56 
1380 51.56 
1390 51.56 
1400 51.56 
1410 51.45 
1420 51.45 
1430 51.45 
1440 51.51 
1450 51.51 
1460 51.51 
1470 51.56 
1480 51.56 
1490 51.56 
1500 51.56 
1510 51.62 
1520 51.68 
1530 51.68 
1540 51.62 
1550 51.62 
1560 51.62 
1570 51.62 
1580 51.62 
1590 51.57 
1600 51.52 
1610 51.46 
1620 51.4 
1630 51.35 
1640 51.35 
1650 51.25 
1660 51.25 
1670 51.25 
1680 51.25 
1690 51.3 
1700 51.35 
1710 51.41 
1720 51.41 
1730 51.36 
1740 51.26 
1750 51.36 
1760 51.31 
1770 51.31 
1780 51.26 
1790 51.26 
1800 51.26 
1810 51.2 
1820 51.1 
1830 51.1 
1840 51.2 
1850 51.2 
1860 51.25 
1870 51.25 
1880 51.3 
1890 51.3 
1900 51.3 
1910 51.3 
1920 51.4 
1930 51.45 
1940 51.35 
1950 51.25 
1960 51.25 
1970 51.25 
1980 51.2 
1990 51.15 
2000 51.1 
2010 51.1 
2020 51.05 
2030 51.1 
2040 51.2 
2050 51.25 
2060 51.15 
2070 51.15 
2080 51.15 
2090 51.15 
2100 51.1 
2110 51 
2120 51 
2130 51 
2140 50.95 
2150 50.95 
2160 51 
2170 50.95 
2180 50.95 
2190 50.95 
2200 50.95 
2210 51.05 
2220 51 
2230 50.95 
2240 51 
2250 50.95 
2260 51 
2270 51.05 
2280 51.05 
2290 51.1 
2300 51.15 
2310 51.1 
2320 51.15 
2330 51.1 
2340 51.1 
2350 51.15 
2360 51.1 
2370 51.05 
2380 51 
2390 50.9 
2400 50.9 
2410 50.85 
2420 50.8 
2430 50.9 
2440 50.85 
2450 50.8 
2460 50.85 
2470 50.8 
2480 50.8 
2490 50.8 
2500 50.8 
2510 50.9 
2520 50.9 
2530 50.8 
2540 50.75 
2550 50.75 
2560 50.7 
2570 50.75 
2580 50.75 
2590 50.8 
2600 50.75 
2610 50.65 
2620 50.65 
2630 50.59 
2640 50.59 
2650 50.59 
2660 50.59 
2670 50.54 
2680 50.54 
2690 50.49 
2700 50.49 
2710 50.43 
2720 50.43 
2730 50.49 
2740 50.49 
2750 50.49 
2760 50.44 
2770 50.44 
2780 50.44 
2790 50.49 
2800 50.49 
2810 50.49 
2820 50.49 
2830 50.49 
2840 50.43 
2850 50.43 
2860 50.48 
2870 50.42 
2880 50.42 
2890 50.37 
2900 50.37 
2910 50.43 
2920 50.43 
2930 50.43 
2940 50.43 
2950 50.48 
2960 50.43 
2970 50.49 
2980 50.43 
2990 50.37 
3000 50.37 
3010 50.42 
3020 50.42 
3030 50.42 
3040 50.42 
3050 50.37 
3060 50.37 
3070 50.26 
3080 50.37 
3090 50.43 
3100 50.43 
3110 50.27 
3120 50.21 
3130 50.21 
3140 50.27 
3150 50.27 
3160 50.21 
3170 50.32 
3180 50.27 
3190 50.21 
3200 50.21 
3210 50.32 
3220 50.38 
3230 50.32 
3240 50.26 
3250 50.26 
3260 50.32 
3270 50.26 
3280 50.26 
3290 50.37 
3300 50.37 
3310 50.31 
3320 50.25 
3330 50.25 
3340 50.25 
3350 50.19 
3360 50.19 
3370 50.25 
3380 50.14 
3390 49.98 
3400 49.92 
3410 49.92 
3420 49.98 
3430 50.04 
3440 50.04 
3450 50.04 
3460 49.98 
3470 49.87 
3480 49.98 
3490 50.03 
3500 50.09 
3510 50.09 
3520 50.03 
3530 50.03 
3540 50.09 
3550 50.09 
3560 50.09 
3570 50.14 
3580 50.14 
3590 50.2 
3600 50.14 
3610 50.14 
3620 50.14 
3630 50.03 
3640 49.97 
3650 49.97 
3660 49.97 
3670 49.97 
3680 49.91 
3690 49.8 
3700 49.8 
3710 49.86 
3720 49.81 
3730 49.86 
3740 49.86 
3750 49.86 
3760 49.86 
3770 49.92 
3780 49.92 
3790 49.97 
3800 49.97 
3810 49.91 
3820 50.02 
3830 50.02 
3840 50.02 
3850 50.02 
3860 50.02 
3870 49.91 
3880 49.97 
3890 49.92 
3900 49.98 
3910 50.04 
3920 49.98 
3930 50.04 
3940 50.04 
3950 49.99 
3960 49.99 
3970 50.04 
3980 49.93 
3990 49.98 
4000 49.87 
4010 49.81 
4020 49.76 
4030 49.65 
4040 49.65 
4050 49.76 
4060 49.82 
4070 49.77 
4080 49.82 
4090 49.82 
4100 49.82 
4110 49.77 
4120 49.88 
4130 49.93 
4140 49.93 
4150 49.82 
4160 49.76 
4170 49.81 
4180 49.81 
4190 49.76 
4200 49.81 
4210 49.81 
4220 49.7 
4230 49.65 
4240 49.71 
4250 49.71 
4260 49.66 
4270 49.66 
4280 49.66 
4290 49.71 
4300 49.71 
4310 49.76 
4320 49.76 
4330 49.76 
4340 49.65 
4350 49.7 
4360 49.75 
4370 49.75 
4380 49.75 
4390 49.7 
4400 49.7 
4410 49.65 
4420 49.7 
4430 49.7 
4440 49.7 
4450 49.7 
4460 49.65 
4470 49.65 
4480 49.6 
4490 49.71 
4500 49.66 
4510 49.66 
4520 49.61 
4530 49.61 
4540 49.66 
4550 49.66 
4560 49.71 
4570 49.66 
4580 49.71 
4590 49.6 
4600 49.6 
4610 49.6 
4620 49.6 
4630 49.6 
4640 49.55 
4650 49.5 
4660 49.5 
4670 49.55 
4680 49.5 
4690 49.55 
4700 49.55 
4710 49.55 
4720 49.55 
4730 49.6 
4740 49.6 
4750 49.65 
4760 49.65 
4770 49.6 
4780 49.6 
4790 49.55 
4800 49.55 
4810 49.6 
4820 49.6 
4830 49.6 
4840 49.65 
4850 49.6 
4860 49.55 
4870 49.6 
4880 49.6 
4890 49.6 
4900 49.6 
4910 49.55 
4920 49.55 
4930 49.5 
4940 49.45 
4950 49.45 
4960 49.45 
4970 49.4 
4980 49.45 
4990 49.5 
5000 49.55 
5010 49.55 
5020 49.55 
5030 49.55 
5040 49.55 
5050 49.55 
5060 49.55 
5070 49.55 
5080 49.55 
5090 49.5 
5100 49.45 
5110 49.45 
5120 49.45 
5130 49.45 
5140 49.45 
5150 49.45 
5160 49.45 
5170 49.45 
5180 49.4 
5190 49.4 
5200 49.4 
5210 49.51 
5220 49.51 
5230 49.51 
5240 49.51 
5250 49.51 
5260 49.51 
5270 49.51 
5280 49.51 
5290 49.51 
5300 49.51 
5310 49.4 
5320 49.4 
5330 49.4 
5340 49.45 
5350 49.5 
5360 49.5 
5370 49.55 
5380 49.55 
5390 49.55 
5400 49.55 
5410 49.6 
5420 49.6 
5430 49.65 
5440 49.6 
5450 49.55 
5460 49.55 
5470 49.55 
5480 49.55 
5490 49.55 
5500 49.55 
5510 49.5 
5520 49.5 
5530 49.45 
5540 49.4 
5550 49.4 
5560 49.4 
5570 49.35 
5580 49.4 
5590 49.4 
5600 49.45 
5610 49.45 
5620 49.45 
5630 49.45 
5640 49.5 
5650 49.5 
5660 49.5 
5670 49.5 
5680 49.5 
5690 49.5 
5700 49.5 
5710 49.55 
5720 49.66 
5730 49.71 
5740 49.76 
5750 49.87 
5760 49.92 
5770 49.97 
5780 50.03 
5790 50.14 
5800 50.2 
5810 50.2 
5820 50.2 
5830 50.26 
5840 50.32 
5850 50.26 
5860 50.32 
5870 50.38 
5880 50.38 
5890 50.38 
5900 50.38 
5910 50.38 
5920 50.32 
5930 50.32 
5940 50.37 
5950 50.43 
5960 50.43 
5970 50.43 
5980 50.37 
5990 50.37 
6000 50.37 
6010 50.43 
6020 50.49 
6030 50.43 
6040 50.38 
6050 50.38 
6060 50.38 
6070 50.38 
6080 50.44 
6090 50.44 
6100 50.44 
6110 50.44 
6120 50.44 
6130 50.55 
6140 50.49 
6150 50.49 
6160 50.49 
6170 50.49 
6180 50.49 
6190 50.38 
6200 50.38 
6210 50.32 
6220 50.32 
6230 50.32 
6240 50.38 
6250 50.38 
6260 50.32 
6270 50.26 
6280 50.26 
6290 50.37 
6300 50.37 
6310 50.37 
6320 50.37 
6330 50.32 
6340 50.32 
6350 50.32 
6360 50.32 
6370 50.38 
6380 50.38 
6390 50.38 
6400 50.38 
6410 50.38 
6420 50.43 
6430 50.43 
6440 50.43 
6450 50.43 
6460 50.49 
6470 50.49 
6480 50.43 
6490 50.43 
6500 50.37 
6510 50.43 
6520 50.32 
6530 50.26 
6540 50.2 
6550 50.14 
6560 50.14 
6570 50.14 
6580 50.2 
6590 50.2 
6600 50.26 
6610 50.2 
6620 50.26 
6630 50.32 
6640 50.27 
6650 50.27 
6660 50.27 
6670 50.27 
6680 50.21 
6690 50.1 
6700 50.04 
6710 50.1 
6720 50.1 
6730 50.1 
6740 50.15 
6750 50.21 
6760 50.21 
6770 50.1 
6780 50.16 
6790 50.21 
6800 50.27 
6810 50.27 
6820 50.27 
6830 50.21 
6840 50.27 
6850 50.21 
6860 50.1 
6870 50.21 
6880 50.21 
6890 50.21 
6900 50.15 
6910 50.15 
6920 50.09 
6930 50.15 
6940 50.09 
6950 50.15 
6960 50.26 
6970 50.26 
6980 50.26 
6990 50.32 
7000 50.38 
7010 50.38 
7020 50.38 
7030 50.32 
7040 50.32 
7050 50.26 
7060 50.2 
7070 50.2 
7080 50.14 
7090 50.08 
7100 50.02 
7110 49.96 
7120 50.02 
7130 50.02 
7140 50.08 
7150 50.08 
7160 50.08 
7170 50.08 
7180 50.14 
7190 50.14 
7200 50.09 
7210 50.15 
7220 50.09 
7230 50.09 
7240 50.03 
7250 49.98 
7260 50.04 
7270 50.04 
7280 50.04 
7290 50.04 
7300 50.04 
7310 49.98 
7320 49.98 
7330 49.98 
7340 49.98 
7350 50.09 
7360 50.09 
7370 50.09 
7380 49.98 
7390 50.04 
7400 50.09 
7410 50.09 
7420 50.15 
7430 50.15 
7440 50.21 
7450 50.1 
7460 49.99 
7470 49.99 
7480 50.1 
7490 50.04 
7500 50.1 
7510 50.1 
7520 50.04 
7530 50.1 
7540 50.04 
7550 50.15 
7560 50.2 
7570 50.2 
7580 50.2 
7590 50.26 
7600 50.2 
7610 50.2 
7620 50.26 
7630 50.2 
7640 50.26 
7650 50.15 
7660 50.15 
7670 50.09 
7680 49.98 
7690 49.92 
7700 49.87 
7710 49.93 
7720 49.93 
7730 49.93 
7740 49.93 
7750 49.98 
7760 49.98 
7770 50.04 
7780 50.04 
7790 50.04 
7800 50.04 
7810 50.04 
7820 49.98 
7830 50.04 
7840 50.04 
7850 50.1 
7860 50.1 
7870 50.1 
7880 50.15 
7890 50.1 
7900 50.15 
7910 50.09 
7920 50.04 
7930 49.98 
7940 49.98 
7950 49.92 
7960 49.98 
7970 49.98 
7980 49.98 
7990 50.09 
8000 50.15 
8010 50.1 
8020 50.15 
8030 50.15 
8040 50.15 
8050 50.21 
8060 50.21 
8070 50.21 
8080 50.21 
8090 50.21 
8100 50.21 
8110 50.32 
8120 50.38 
8130 50.44 
8140 50.38 
8150 50.32 
8160 50.32 
8170 50.32 
8180 50.32 
8190 50.32 
8200 50.26 
8210 50.26 
8220 50.26 
8230 50.26 
8240 50.26 
8250 50.32 
8260 50.32 
8270 50.26 
8280 50.26 
8290 50.26 
8300 50.32 
8310 50.32 
8320 50.32 
8330 50.37 
8340 50.43 
8350 50.43 
8360 50.43 
8370 50.49 
8380 50.6 
8390 50.65 
8400 50.65 
8410 50.65 
8420 50.7 
8430 50.65 
8440 50.65 
8450 50.65 
8460 50.65 
8470 50.65 
8480 50.6 
8490 50.6 
8500 50.65 
8510 50.7 
8520 50.75 
8530 50.8 
8540 50.85 
8550 50.9 
8560 51 
8570 51.1 
8580 51.2 
8590 51.15 
8600 51.2 
8610 51.2 
8620 51.1 
8630 51.05 
8640 51 
8650 51 
8660 50.95 
8670 50.9 
8680 50.9 
8690 50.95 
8700 50.95 
8710 51 
8720 51.1 
8730 51.2 
8740 51.3 
8750 51.35 
8760 51.4 
8770 51.4 
8780 51.4 
8790 51.45 
8800 51.45 
8810 51.45 
8820 51.45 
8830 51.4 
8840 51.4 
8850 51.4 
8860 51.35 
8870 51.3 
8880 51.3 
8890 51.3 
8900 51.3 
8910 51.25 
8920 51.25 
8930 51.3 
8940 51.36 
8950 51.36 
8960 51.41 
8970 51.51 
8980 51.51 
8990 51.51 
9000 51.41 
9010 51.46 
9020 51.46 
9030 51.52 
9040 51.46 
9050 51.46 
9060 51.52 
9070 51.52 
9080 51.58 
9090 51.58 
9100 51.68 
9110 51.68 
9120 51.68 
9130 51.62 
9140 51.68 
9150 51.68 
9160 51.68 
9170 51.68 
9180 51.62 
9190 51.62 
9200 51.62 
9210 51.62 
9220 51.62 
9230 51.62 
9240 51.56 
9250 51.56 
9260 51.5 
9270 51.5 
9280 51.5 
9290 51.5 
9300 51.5 
9310 51.5 
9320 51.5 
9330 51.45 
9340 51.45 
9350 51.45 
9360 51.45 
9370 51.4 
9380 51.4 
9390 51.4 
9400 51.4 
9410 51.4 
9420 51.46 
9430 51.51 
9440 51.51 
9450 51.51 
9460 51.51 
9470 51.56 
9480 51.56 
9490 51.56 
9500 51.56 
9510 51.56 
9520 51.5 
9530 51.5 
9540 51.5 
9550 51.5 
9560 51.56 
9570 51.62 
9580 51.62 
9590 51.68 
9600 51.68 
9610 51.68 
9620 51.74 
9630 51.74 
9640 51.74 
9650 51.74 
9660 51.68 
9670 51.62 
9680 51.62 
9690 51.56 
9700 51.56 
9710 51.56 
9720 51.5 
9730 51.5 
9740 51.5 
9750 51.5 
9760 51.5 
9770 51.5 
9780 51.56 
9790 51.56 
9800 51.56 
9810 51.56 
9820 51.56 
9830 51.56 
9840 51.62 
9850 51.62 
9860 51.57 
9870 51.57 
9880 51.57 
9890 51.57 
9900 51.57 
9910 51.57 
9920 51.57 
9930 51.57 
9940 51.57 
9950 51.57 
9960 51.62 
9970 51.62 
9980 51.51 
9990 51.51 
10000 51.51 
10010 51.51 
10020 51.51 
10030 51.51 
10040 51.45 
10050 51.51 
10060 51.51 
10070 51.51 
10080 51.51 
10090 51.51 
10100 51.57 
10110 51.57 
10120 51.57 
10130 51.57 
10140 51.57 
10150 51.51 
10160 51.51 
10170 51.51 
10180 51.56 
10190 51.56 
10200 51.5 
10210 51.5 
10220 51.56 
10230 51.56 
10240 51.56 
10250 51.56 
10260 51.56 
10270 51.62 
10280 51.62 
10290 51.62 
10300 51.62 
10310 51.62 
10320 51.62 
10330 51.68 
10340 51.68 
10350 51.68 
10360 51.74 
10370 51.74 
10380 51.74 
10390 51.74 
10400 51.8 
10410 51.8 
10420 51.8 
10430 51.69 
10440 51.69 
10450 51.69 
10460 51.63 
10470 51.57 
10480 51.57 
10490 51.57 
10500 51.51 
10510 51.51 
10520 51.45 
10530 51.5 
10540 51.5 
10550 51.5 
10560 51.5 
10570 51.56 
10580 51.56 
10590 51.56 
10600 51.56 
10610 51.56 
10620 51.56 
10630 51.56 
10640 51.56 
10650 51.56 
10660 51.51 
10670 51.45 
10680 51.45 
10690 51.45 
10700 51.45 
10710 51.45 
10720 51.45 
10730 51.45 
10740 51.51 
10750 51.51 
10760 51.67 
10770 51.67 
10780 51.67 
10790 51.73 
10800 51.73 
10810 51.73 
10820 51.73 
10830 51.79 
10840 51.73 
10850 51.73 
10860 51.68 
10870 51.74 
10880 51.74 
10890 51.68 
10900 51.68 
10910 51.68 
10920 51.68 
10930 51.67 
10940 51.67 
10950 51.67 
10960 51.73 
10970 51.73 
10980 51.73 
10990 51.73 
11000 51.79 
