10 44.77 
20 49.76 
30 49.87 
40 49.92 
50 49.98 
60 50.09 
70 50.09 
80 50.2 
90 50.2 
100 50.14 
110 50.2 
120 50.2 
130 50.2 
140 50.26 
150 50.26 
160 50.26 
170 50.26 
180 50.26 
190 50.32 
200 50.38 
210 50.32 
220 50.32 
230 50.26 
240 50.26 
250 50.15 
260 50.15 
270 50.15 
280 50.09 
290 50.09 
300 50.03 
310 50.09 
320 50.04 
330 50.04 
340 50.04 
350 50.15 
360 50.15 
370 50.21 
380 50.21 
390 50.15 
400 50.21 
410 50.21 
420 50.26 
430 50.32 
440 50.26 
450 50.2 
460 50.2 
470 50.14 
480 50.2 
490 50.26 
500 50.26 
510 50.26 
520 50.32 
530 50.32 
540 50.38 
550 50.44 
560 50.38 
570 50.38 
580 50.38 
590 50.38 
600 50.38 
610 50.38 
620 50.38 
630 50.38 
640 50.38 
650 50.32 
660 50.38 
670 50.44 
680 50.44 
690 50.44 
700 50.38 
710 50.38 
720 50.43 
730 50.32 
740 50.26 
750 50.37 
760 50.37 
770 50.37 
780 50.37 
790 50.42 
800 50.53 
810 50.53 
820 50.53 
830 50.64 
840 50.7 
850 50.65 
860 50.65 
870 50.65 
880 50.65 
890 50.6 
900 50.6 
910 50.6 
920 50.55 
930 50.55 
940 50.55 
950 50.55 
960 50.65 
970 50.65 
980 50.7 
990 50.7 
1000 50.7 
1010 50.8 
1020 50.85 
1030 50.85 
1040 50.85 
1050 50.9 
1060 50.8 
1070 50.85 
1080 50.8 
1090 50.85 
1100 50.8 
1110 50.7 
1120 50.7 
1130 50.75 
1140 50.8 
1150 50.75 
1160 50.75 
1170 50.7 
1180 50.75 
1190 50.7 
1200 50.7 
1210 50.75 
1220 50.75 
1230 50.7 
1240 50.65 
1250 50.7 
1260 50.7 
1270 50.75 
1280 50.7 
1290 50.7 
1300 50.75 
1310 50.7 
1320 50.7 
1330 50.7 
1340 50.7 
1350 50.7 
1360 50.7 
1370 50.65 
1380 50.65 
1390 50.7 
1400 50.7 
1410 50.7 
1420 50.7 
1430 50.7 
1440 50.7 
1450 50.7 
1460 50.7 
1470 50.7 
1480 50.7 
1490 50.65 
1500 50.65 
1510 50.65 
1520 50.65 
1530 50.65 
1540 50.65 
1550 50.6 
1560 50.6 
1570 50.6 
1580 50.6 
1590 50.6 
1600 50.6 
1610 50.65 
1620 50.7 
1630 50.7 
1640 50.8 
1650 50.9 
1660 50.9 
1670 50.9 
1680 51 
1690 51.1 
1700 51.15 
1710 51.26 
1720 51.26 
1730 51.36 
1740 51.36 
1750 51.31 
1760 51.41 
1770 51.51 
1780 51.41 
1790 51.41 
1800 51.31 
1810 51.25 
1820 51.25 
1830 51.2 
1840 51.15 
1850 51.15 
1860 51.05 
1870 50.95 
1880 51 
1890 50.95 
1900 51 
1910 50.9 
1920 50.8 
1930 50.75 
1940 50.7 
1950 50.65 
1960 50.65 
1970 50.65 
1980 50.6 
1990 50.6 
2000 50.55 
2010 50.55 
2020 50.55 
2030 50.55 
2040 50.55 
2050 50.55 
2060 50.55 
2070 50.55 
2080 50.55 
2090 50.5 
2100 50.5 
2110 50.5 
2120 50.5 
2130 50.5 
2140 50.5 
2150 50.5 
2160 50.5 
2170 50.5 
2180 50.5 
2190 50.5 
2200 50.5 
2210 50.5 
2220 50.5 
2230 50.5 
2240 50.5 
2250 50.5 
2260 50.5 
2270 50.5 
2280 50.5 
2290 50.5 
2300 50.6 
2310 50.65 
2320 50.65 
2330 50.65 
2340 50.65 
2350 50.65 
2360 50.65 
2370 50.65 
2380 50.65 
2390 50.65 
2400 50.55 
2410 50.5 
2420 50.5 
2430 50.5 
2440 50.5 
2450 50.6 
2460 50.7 
2470 50.75 
2480 50.85 
2490 50.95 
2500 51.05 
2510 51.05 
2520 51.05 
2530 51.05 
2540 51.05 
2550 50.95 
2560 50.85 
2570 50.8 
2580 50.7 
2590 50.6 
2600 50.5 
2610 50.44 
2620 50.44 
2630 50.44 
2640 50.44 
2650 50.44 
2660 50.44 
2670 50.33 
2680 50.33 
2690 50.33 
2700 50.27 
2710 50.27 
2720 50.21 
2730 50.21 
2740 50.21 
2750 50.21 
2760 50.15 
2770 50.2 
2780 50.14 
2790 50.03 
2800 50.09 
2810 50.15 
2820 50.15 
2830 50.09 
2840 50.09 
2850 50.03 
2860 50.03 
2870 50.09 
2880 50.09 
2890 50.14 
2900 50.03 
2910 49.97 
2920 50.03 
2930 50.03 
2940 49.97 
2950 50.03 
2960 50.09 
2970 49.98 
2980 50.04 
2990 49.99 
3000 50.04 
3010 50.04 
3020 49.98 
3030 49.98 
3040 49.93 
3050 49.93 
3060 49.82 
3070 49.87 
3080 49.76 
3090 49.81 
3100 49.76 
3110 49.76 
3120 49.76 
3130 49.71 
3140 49.71 
3150 49.65 
3160 49.65 
3170 49.65 
3180 49.65 
3190 49.65 
3200 49.7 
3210 49.65 
3220 49.6 
3230 49.71 
3240 49.76 
3250 49.76 
3260 49.81 
3270 49.81 
3280 49.81 
3290 49.76 
3300 49.76 
3310 49.76 
3320 49.76 
3330 49.65 
3340 49.6 
3350 49.55 
3360 49.5 
3370 49.45 
3380 49.5 
3390 49.5 
3400 49.5 
3410 49.5 
3420 49.5 
3430 49.5 
3440 49.55 
3450 49.6 
3460 49.6 
3470 49.65 
3480 49.6 
3490 49.6 
3500 49.6 
3510 49.65 
3520 49.7 
3530 49.75 
3540 49.7 
3550 49.65 
3560 49.7 
3570 49.65 
3580 49.65 
3590 49.65 
3600 49.65 
3610 49.6 
3620 49.6 
3630 49.6 
3640 49.6 
3650 49.65 
3660 49.65 
3670 49.7 
3680 49.7 
3690 49.7 
3700 49.65 
3710 49.7 
3720 49.7 
3730 49.65 
3740 49.65 
3750 49.6 
3760 49.55 
3770 49.5 
3780 49.61 
3790 49.61 
3800 49.61 
3810 49.56 
3820 49.51 
3830 49.56 
3840 49.61 
3850 49.66 
3860 49.66 
3870 49.66 
3880 49.6 
3890 49.65 
3900 49.65 
3910 49.65 
3920 49.65 
3930 49.6 
3940 49.55 
3950 49.5 
3960 49.55 
3970 49.6 
3980 49.55 
3990 49.5 
4000 49.5 
4010 49.5 
4020 49.5 
4030 49.5 
4040 49.5 
4050 49.5 
4060 49.45 
4070 49.4 
4080 49.4 
4090 49.4 
4100 49.45 
4110 49.5 
4120 49.5 
4130 49.5 
4140 49.5 
4150 49.5 
4160 49.5 
4170 49.55 
4180 49.6 
4190 49.6 
4200 49.6 
4210 49.6 
4220 49.6 
4230 49.6 
4240 49.6 
4250 49.6 
4260 49.6 
4270 49.55 
4280 49.5 
4290 49.5 
4300 49.45 
4310 49.4 
4320 49.35 
4330 49.35 
4340 49.35 
4350 49.35 
4360 49.35 
4370 49.35 
4380 49.35 
4390 49.35 
4400 49.4 
4410 49.4 
4420 49.45 
4430 49.45 
4440 49.45 
4450 49.5 
4460 49.5 
4470 49.5 
4480 49.5 
4490 49.5 
4500 49.45 
4510 49.45 
4520 49.45 
4530 49.45 
4540 49.4 
4550 49.35 
4560 49.35 
4570 49.35 
4580 49.35 
4590 49.35 
4600 49.35 
4610 49.4 
4620 49.4 
4630 49.4 
4640 49.5 
4650 49.5 
4660 49.5 
4670 49.5 
4680 49.5 
4690 49.5 
4700 49.45 
4710 49.4 
4720 49.4 
4730 49.4 
4740 49.35 
4750 49.3 
4760 49.3 
4770 49.3 
4780 49.3 
4790 49.3 
4800 49.35 
4810 49.35 
4820 49.35 
4830 49.35 
4840 49.35 
4850 49.4 
4860 49.4 
4870 49.4 
4880 49.4 
4890 49.4 
4900 49.4 
4910 49.45 
4920 49.45 
4930 49.45 
4940 49.45 
4950 49.45 
4960 49.45 
4970 49.45 
4980 49.45 
4990 49.45 
5000 49.45 
5010 49.4 
5020 49.4 
5030 49.4 
5040 49.4 
5050 49.4 
5060 49.4 
5070 49.4 
5080 49.4 
5090 49.4 
5100 49.4 
5110 49.4 
5120 49.4 
5130 49.4 
5140 49.4 
5150 49.4 
5160 49.4 
5170 49.4 
5180 49.4 
5190 49.4 
5200 49.35 
5210 49.35 
5220 49.35 
5230 49.35 
5240 49.35 
5250 49.35 
5260 49.35 
5270 49.35 
5280 49.35 
5290 49.35 
5300 49.4 
5310 49.4 
5320 49.4 
5330 49.4 
5340 49.4 
5350 49.35 
5360 49.35 
5370 49.3 
5380 49.3 
5390 49.3 
5400 49.3 
5410 49.3 
5420 49.3 
5430 49.3 
5440 49.3 
5450 49.35 
5460 49.35 
5470 49.4 
5480 49.4 
5490 49.45 
5500 49.45 
5510 49.45 
5520 49.45 
5530 49.45 
5540 49.45 
5550 49.45 
5560 49.45 
5570 49.45 
5580 49.45 
5590 49.4 
5600 49.4 
5610 49.4 
5620 49.4 
5630 49.4 
5640 49.4 
5650 49.4 
5660 49.45 
5670 49.45 
5680 49.45 
5690 49.5 
5700 49.55 
5710 49.6 
5720 49.6 
5730 49.71 
5740 49.82 
5750 49.87 
5760 49.87 
5770 49.98 
5780 50.14 
5790 50.2 
5800 50.26 
5810 50.37 
5820 50.48 
5830 50.48 
5840 50.48 
5850 50.54 
5860 50.6 
5870 50.6 
5880 50.49 
5890 50.49 
5900 50.49 
5910 50.33 
5920 50.33 
5930 50.33 
5940 50.33 
5950 50.27 
5960 50.21 
5970 50.21 
5980 50.16 
5990 50.1 
6000 50.04 
6010 50.15 
6020 50.15 
6030 50.04 
6040 49.93 
6050 49.99 
6060 49.94 
6070 49.88 
6080 49.88 
6090 49.83 
6100 49.78 
6110 49.72 
6120 49.66 
6130 49.71 
6140 49.76 
6150 49.65 
6160 49.65 
6170 49.65 
6180 49.65 
6190 49.65 
6200 49.65 
6210 49.65 
6220 49.6 
6230 49.55 
6240 49.5 
6250 49.55 
6260 49.55 
6270 49.55 
6280 49.55 
6290 49.6 
6300 49.6 
6310 49.6 
6320 49.71 
6330 49.71 
6340 49.71 
6350 49.66 
6360 49.71 
6370 49.77 
6380 49.88 
6390 49.94 
6400 49.94 
6410 49.94 
6420 49.88 
6430 49.93 
6440 49.98 
6450 50.03 
6460 50.03 
6470 49.97 
6480 49.91 
6490 49.8 
6500 49.8 
6510 49.86 
6520 49.81 
6530 49.87 
6540 49.82 
6550 49.82 
6560 49.77 
6570 49.72 
6580 49.72 
6590 49.77 
6600 49.77 
6610 49.71 
6620 49.71 
6630 49.6 
6640 49.6 
6650 49.55 
6660 49.6 
6670 49.65 
6680 49.6 
6690 49.55 
6700 49.6 
6710 49.6 
6720 49.65 
6730 49.76 
6740 49.81 
6750 49.86 
6760 49.86 
6770 49.81 
6780 49.81 
6790 49.81 
6800 49.76 
6810 49.76 
6820 49.76 
6830 49.65 
6840 49.65 
6850 49.6 
6860 49.6 
6870 49.65 
6880 49.65 
6890 49.65 
6900 49.65 
6910 49.6 
6920 49.55 
6930 49.6 
6940 49.6 
6950 49.6 
6960 49.66 
6970 49.66 
6980 49.71 
6990 49.76 
7000 49.76 
7010 49.81 
7020 49.81 
7030 49.81 
7040 49.76 
7050 49.81 
7060 49.75 
7070 49.75 
7080 49.7 
7090 49.65 
7100 49.7 
7110 49.7 
7120 49.7 
7130 49.65 
7140 49.65 
7150 49.6 
7160 49.6 
7170 49.6 
7180 49.65 
7190 49.65 
7200 49.6 
7210 49.55 
7220 49.6 
7230 49.65 
7240 49.65 
7250 49.65 
7260 49.6 
7270 49.55 
7280 49.5 
7290 49.55 
7300 49.55 
7310 49.6 
7320 49.6 
7330 49.55 
7340 49.55 
7350 49.55 
7360 49.6 
7370 49.6 
7380 49.65 
7390 49.6 
7400 49.6 
7410 49.55 
7420 49.5 
7430 49.5 
7440 49.5 
7450 49.5 
7460 49.45 
7470 49.45 
7480 49.45 
7490 49.45 
7500 49.45 
7510 49.45 
7520 49.5 
7530 49.5 
7540 49.5 
7550 49.5 
7560 49.5 
7570 49.5 
7580 49.45 
7590 49.5 
7600 49.55 
7610 49.55 
7620 49.5 
7630 49.55 
7640 49.55 
7650 49.55 
7660 49.6 
7670 49.6 
7680 49.6 
7690 49.55 
7700 49.55 
7710 49.55 
7720 49.6 
7730 49.6 
7740 49.6 
7750 49.65 
7760 49.6 
7770 49.6 
7780 49.6 
7790 49.6 
7800 49.6 
7810 49.6 
7820 49.55 
7830 49.55 
7840 49.55 
7850 49.5 
7860 49.55 
7870 49.55 
7880 49.6 
7890 49.6 
7900 49.55 
7910 49.55 
7920 49.55 
7930 49.55 
7940 49.6 
7950 49.65 
7960 49.65 
7970 49.65 
7980 49.65 
7990 49.65 
8000 49.65 
8010 49.65 
8020 49.7 
8030 49.65 
8040 49.65 
8050 49.6 
8060 49.55 
8070 49.55 
8080 49.5 
8090 49.55 
8100 49.55 
8110 49.55 
8120 49.5 
8130 49.55 
8140 49.5 
8150 49.5 
8160 49.61 
8170 49.61 
8180 49.61 
8190 49.61 
8200 49.66 
8210 49.77 
8220 49.88 
8230 49.88 
8240 49.88 
8250 49.93 
8260 49.87 
8270 49.98 
8280 50.09 
8290 50.04 
8300 50.04 
8310 50.04 
8320 50.04 
8330 50.1 
8340 50.26 
8350 50.26 
8360 50.32 
8370 50.32 
8380 50.32 
8390 50.48 
8400 50.54 
8410 50.64 
8420 50.69 
8430 50.74 
8440 50.79 
8450 50.9 
8460 50.95 
8470 51 
8480 51.05 
8490 51.1 
8500 51.1 
8510 51.1 
8520 51.15 
8530 51.2 
8540 51.2 
8550 51.25 
8560 51.2 
8570 51.25 
8580 51.25 
8590 51.25 
8600 51.35 
8610 51.35 
8620 51.41 
8630 51.41 
8640 51.41 
8650 51.41 
8660 51.51 
8670 51.51 
8680 51.56 
8690 51.56 
8700 51.62 
8710 51.62 
8720 51.62 
8730 51.62 
8740 51.73 
8750 51.73 
8760 51.79 
8770 51.79 
8780 51.79 
8790 51.79 
8800 51.73 
8810 51.73 
8820 51.73 
8830 51.73 
8840 51.68 
8850 51.68 
8860 51.62 
8870 51.68 
8880 51.68 
8890 51.74 
8900 51.74 
8910 51.8 
8920 51.8 
8930 51.8 
8940 51.74 
8950 51.74 
8960 51.74 
8970 51.74 
8980 51.74 
8990 51.74 
9000 51.8 
9010 51.74 
9020 51.68 
9030 51.74 
9040 51.74 
9050 51.74 
9060 51.8 
9070 51.74 
9080 51.74 
9090 51.68 
9100 51.62 
9110 51.62 
9120 51.62 
9130 51.56 
9140 51.51 
9150 51.51 
9160 51.51 
9170 51.51 
9180 51.51 
9190 51.57 
9200 51.63 
9210 51.69 
9220 51.75 
9230 51.81 
9240 51.92 
9250 51.92 
9260 51.86 
9270 51.86 
9280 51.86 
9290 51.8 
9300 51.74 
9310 51.68 
9320 51.62 
9330 51.56 
9340 51.5 
9350 51.56 
9360 51.62 
9370 51.62 
9380 51.68 
9390 51.68 
9400 51.68 
9410 51.74 
9420 51.74 
9430 51.8 
9440 51.8 
9450 51.74 
9460 51.68 
9470 51.68 
9480 51.62 
9490 51.62 
9500 51.62 
9510 51.62 
9520 51.68 
9530 51.62 
9540 51.68 
9550 51.68 
9560 51.68 
9570 51.74 
9580 51.74 
9590 51.74 
9600 51.74 
9610 51.68 
9620 51.62 
9630 51.62 
9640 51.56 
9650 51.56 
9660 51.56 
9670 51.5 
9680 51.5 
9690 51.56 
9700 51.56 
9710 51.62 
9720 51.62 
9730 51.62 
9740 51.62 
9750 51.57 
9760 51.57 
9770 51.57 
9780 51.52 
9790 51.46 
9800 51.46 
9810 51.4 
9820 51.4 
9830 51.46 
9840 51.46 
9850 51.51 
9860 51.57 
9870 51.57 
9880 51.62 
9890 51.62 
9900 51.62 
9910 51.62 
9920 51.62 
9930 51.56 
9940 51.56 
9950 51.56 
9960 51.5 
9970 51.5 
9980 51.5 
9990 51.5 
10000 51.5 
10010 51.5 
10020 51.5 
10030 51.45 
10040 51.45 
10050 51.45 
10060 51.45 
10070 51.45 
10080 51.45 
10090 51.45 
10100 51.45 
10110 51.45 
10120 51.51 
10130 51.62 
10140 51.62 
10150 51.62 
10160 51.62 
10170 51.62 
10180 51.62 
10190 51.68 
10200 51.68 
10210 51.68 
10220 51.62 
10230 51.56 
10240 51.56 
10250 51.56 
10260 51.56 
10270 51.56 
10280 51.56 
10290 51.4 
10300 51.46 
10310 51.46 
10320 51.46 
10330 51.46 
10340 51.52 
10350 51.52 
10360 51.52 
10370 51.52 
10380 51.52 
10390 51.62 
10400 51.56 
10410 51.56 
10420 51.62 
10430 51.68 
10440 51.62 
10450 51.62 
10460 51.62 
10470 51.62 
10480 51.62 
10490 51.68 
10500 51.68 
10510 51.68 
10520 51.62 
10530 51.56 
10540 51.56 
10550 51.56 
10560 51.56 
10570 51.56 
10580 51.56 
10590 51.5 
10600 51.5 
10610 51.56 
10620 51.56 
10630 51.62 
10640 51.73 
10650 51.79 
10660 51.85 
10670 51.91 
10680 52.02 
10690 52.02 
10700 52.08 
10710 52.08 
10720 52.14 
10730 52.19 
10740 52.14 
10750 52.14 
10760 52.14 
10770 52.14 
10780 52.09 
10790 52.2 
10800 52.2 
10810 52.2 
10820 52.25 
10830 52.25 
10840 52.25 
10850 52.25 
10860 52.25 
10870 52.3 
10880 52.3 
10890 52.3 
10900 52.35 
10910 52.46 
10920 52.41 
10930 52.14 
10940 52.19 
10950 52.14 
10960 52.14 
10970 52.14 
10980 52.14 
10990 52.09 
11000 52.2 