10 47.08 
20 52.23 
30 51.96 
40 51.64 
50 51.53 
60 51.37 
70 51.21 
80 51.21 
90 51.21 
100 51.16 
110 51.1 
120 51.05 
130 51.05 
140 51.1 
150 51 
160 51.05 
170 51.05 
180 50.95 
190 50.9 
200 50.95 
210 50.9 
220 50.9 
230 50.9 
240 50.95 
250 51.05 
260 51.05 
270 51.05 
280 51.15 
290 51.15 
300 51.15 
310 51.15 
320 51.2 
330 51.3 
340 51.3 
350 51.2 
360 51.1 
370 51.15 
380 51.1 
390 51.1 
400 51.05 
410 51.05 
420 51.05 
430 51 
440 51 
450 51.05 
460 51.05 
470 51.05 
480 51 
490 51.05 
500 51.1 
510 51.15 
520 51.1 
530 51.15 
540 51.15 
550 51.2 
560 51.3 
570 51.35 
580 51.45 
590 51.45 
600 51.45 
610 51.45 
620 51.5 
630 51.45 
640 51.45 
650 51.45 
660 51.45 
670 51.45 
680 51.45 
690 51.4 
700 51.4 
710 51.4 
720 51.4 
730 51.45 
740 51.45 
750 51.45 
760 51.45 
770 51.45 
780 51.45 
790 51.5 
800 51.5 
810 51.5 
820 51.56 
830 51.56 
840 51.62 
850 51.68 
860 51.68 
870 51.68 
880 51.74 
890 51.8 
900 51.8 
910 51.8 
920 51.74 
930 51.8 
940 51.8 
950 51.8 
960 51.8 
970 51.86 
980 51.8 
990 51.74 
1000 51.74 
1010 51.74 
1020 51.8 
1030 51.8 
1040 51.8 
1050 51.74 
1060 51.74 
1070 51.74 
1080 51.74 
1090 51.74 
1100 51.74 
1110 51.74 
1120 51.68 
1130 51.62 
1140 51.62 
1150 51.62 
1160 51.68 
1170 51.68 
1180 51.68 
1190 51.74 
1200 51.8 
1210 51.8 
1220 51.86 
1230 51.92 
1240 51.92 
1250 51.98 
1260 51.92 
1270 51.92 
1280 51.92 
1290 51.86 
1300 51.8 
1310 51.8 
1320 51.74 
1330 51.74 
1340 51.74 
1350 51.74 
1360 51.74 
1370 51.74 
1380 51.74 
1390 51.74 
1400 51.8 
1410 51.8 
1420 51.8 
1430 51.74 
1440 51.68 
1450 51.73 
1460 51.79 
1470 51.73 
1480 51.84 
1490 51.84 
1500 51.84 
1510 51.9 
1520 51.96 
1530 52.02 
1540 52.08 
1550 51.97 
1560 51.97 
1570 51.97 
1580 51.86 
1590 51.97 
1600 51.91 
1610 51.85 
1620 51.9 
1630 51.84 
1640 51.84 
1650 51.84 
1660 51.78 
1670 51.78 
1680 51.84 
1690 51.73 
1700 51.73 
1710 51.73 
1720 51.68 
1730 51.68 
1740 51.62 
1750 51.62 
1760 51.68 
1770 51.68 
1780 51.68 
1790 51.68 
1800 51.68 
1810 51.68 
1820 51.62 
1830 51.62 
1840 51.68 
1850 51.68 
1860 51.62 
1870 51.68 
1880 51.62 
1890 51.62 
1900 51.62 
1910 51.62 
1920 51.62 
1930 51.62 
1940 51.56 
1950 51.56 
1960 51.56 
1970 51.5 
1980 51.5 
1990 51.5 
2000 51.5 
2010 51.5 
2020 51.5 
2030 51.5 
2040 51.5 
2050 51.5 
2060 51.56 
2070 51.62 
2080 51.62 
2090 51.62 
2100 51.62 
2110 51.68 
2120 51.68 
2130 51.63 
2140 51.69 
2150 51.69 
2160 51.63 
2170 51.57 
2180 51.52 
2190 51.52 
2200 51.52 
2210 51.52 
2220 51.52 
2230 51.52 
2240 51.46 
2250 51.46 
2260 51.46 
2270 51.46 
2280 51.51 
2290 51.41 
2300 51.41 
2310 51.35 
2320 51.3 
2330 51.3 
2340 51.3 
2350 51.3 
2360 51.3 
2370 51.3 
2380 51.3 
2390 51.35 
2400 51.35 
2410 51.3 
2420 51.35 
2430 51.4 
2440 51.35 
2450 51.25 
2460 51.25 
2470 51.25 
2480 51.25 
2490 51.3 
2500 51.3 
2510 51.41 
2520 51.41 
2530 51.41 
2540 51.41 
2550 51.51 
2560 51.51 
2570 51.41 
2580 51.41 
2590 51.41 
2600 51.36 
2610 51.3 
2620 51.25 
2630 51.25 
2640 51.25 
2650 51.2 
2660 51.1 
2670 51.15 
2680 51.1 
2690 51.05 
2700 51 
2710 51 
2720 51 
2730 51 
2740 50.95 
2750 50.95 
2760 51 
2770 51 
2780 51 
2790 51 
2800 51 
2810 51 
2820 50.95 
2830 50.85 
2840 50.85 
2850 50.8 
2860 50.75 
2870 50.7 
2880 50.65 
2890 50.6 
2900 50.6 
2910 50.5 
2920 50.6 
2930 50.6 
2940 50.65 
2950 50.65 
2960 50.65 
2970 50.7 
2980 50.75 
2990 50.8 
3000 50.8 
3010 50.85 
3020 50.75 
3030 50.85 
3040 50.8 
3050 50.9 
3060 51 
3070 50.95 
3080 50.9 
3090 50.85 
3100 50.85 
3110 50.8 
3120 50.9 
3130 50.8 
3140 50.8 
3150 50.75 
3160 50.65 
3170 50.65 
3180 50.65 
3190 50.65 
3200 50.65 
3210 50.65 
3220 50.55 
3230 50.6 
3240 50.6 
3250 50.55 
3260 50.55 
3270 50.55 
3280 50.55 
3290 50.55 
3300 50.6 
3310 50.6 
3320 50.65 
3330 50.7 
3340 50.7 
3350 50.8 
3360 50.85 
3370 50.9 
3380 50.9 
3390 50.9 
3400 50.85 
3410 50.9 
3420 50.85 
3430 50.8 
3440 50.8 
3450 50.7 
3460 50.65 
3470 50.6 
3480 50.6 
3490 50.6 
3500 50.6 
3510 50.55 
3520 50.55 
3530 50.5 
3540 50.5 
3550 50.5 
3560 50.5 
3570 50.44 
3580 50.44 
3590 50.44 
3600 50.44 
3610 50.38 
3620 50.32 
3630 50.32 
3640 50.32 
3650 50.32 
3660 50.32 
3670 50.38 
3680 50.38 
3690 50.38 
3700 50.38 
3710 50.44 
3720 50.5 
3730 50.5 
3740 50.5 
3750 50.5 
3760 50.44 
3770 50.44 
3780 50.44 
3790 50.44 
3800 50.44 
3810 50.44 
3820 50.44 
3830 50.44 
3840 50.44 
3850 50.49 
3860 50.55 
3870 50.55 
3880 50.55 
3890 50.55 
3900 50.55 
3910 50.55 
3920 50.55 
3930 50.55 
3940 50.55 
3950 50.5 
3960 50.5 
3970 50.5 
3980 50.5 
3990 50.5 
4000 50.44 
4010 50.44 
4020 50.44 
4030 50.44 
4040 50.44 
4050 50.44 
4060 50.44 
4070 50.38 
4080 50.32 
4090 50.32 
4100 50.32 
4110 50.32 
4120 50.32 
4130 50.32 
4140 50.26 
4150 50.26 
4160 50.2 
4170 50.2 
4180 50.26 
4190 50.26 
4200 50.26 
4210 50.26 
4220 50.2 
4230 50.2 
4240 50.2 
4250 50.2 
4260 50.26 
4270 50.32 
4280 50.26 
4290 50.2 
4300 50.26 
4310 50.26 
4320 50.26 
4330 50.26 
4340 50.32 
4350 50.32 
4360 50.32 
4370 50.32 
4380 50.38 
4390 50.44 
4400 50.38 
4410 50.32 
4420 50.38 
4430 50.38 
4440 50.38 
4450 50.27 
4460 50.27 
4470 50.27 
4480 50.27 
4490 50.16 
4500 50.16 
4510 50.22 
4520 50.16 
4530 50.1 
4540 50.1 
4550 50.15 
4560 50.09 
4570 50.09 
4580 50.03 
4590 50.03 
4600 50.09 
4610 50.09 
4620 50.04 
4630 49.99 
4640 49.99 
4650 49.99 
4660 49.99 
4670 49.99 
4680 50.05 
4690 50.1 
4700 50.04 
4710 50.04 
4720 50.09 
4730 50.14 
4740 50.08 
4750 50.03 
4760 50.03 
4770 50.03 
4780 50.03 
4790 50.09 
4800 50.09 
4810 50.03 
4820 50.03 
4830 50.03 
4840 50.09 
4850 50.2 
4860 50.2 
4870 50.2 
4880 50.14 
4890 50.08 
4900 50.08 
4910 50.14 
4920 50.2 
4930 50.2 
4940 50.2 
4950 50.2 
4960 50.26 
4970 50.2 
4980 50.2 
4990 50.26 
5000 50.21 
5010 50.1 
5020 50.04 
5030 50.04 
5040 49.93 
5050 49.87 
5060 49.81 
5070 49.87 
5080 49.87 
5090 49.81 
5100 49.92 
5110 49.92 
5120 49.98 
5130 50.04 
5140 50.15 
5150 50.15 
5160 50.15 
5170 50.15 
5180 50.1 
5190 50.1 
5200 50.04 
5210 50.09 
5220 50.03 
5230 49.97 
5240 49.91 
5250 49.91 
5260 49.97 
5270 49.91 
5280 49.96 
5290 49.91 
5300 49.86 
5310 49.81 
5320 49.87 
5330 49.87 
5340 49.87 
5350 49.87 
5360 49.76 
5370 49.82 
5380 49.77 
5390 49.88 
5400 49.99 
5410 50.1 
5420 50.04 
5430 50.1 
5440 50.05 
5450 50.05 
5460 50.1 
5470 50.04 
5480 50.15 
5490 50.04 
5500 49.93 
5510 49.93 
5520 49.99 
5530 49.88 
5540 49.93 
5550 49.93 
5560 49.88 
5570 49.83 
5580 49.83 
5590 49.88 
5600 49.93 
5610 49.93 
5620 49.87 
5630 49.92 
5640 49.98 
5650 49.98 
5660 50.09 
5670 50.14 
5680 50.08 
5690 50.14 
5700 50.2 
5710 50.2 
5720 50.26 
5730 50.32 
5740 50.32 
5750 50.38 
5760 50.38 
5770 50.44 
5780 50.5 
5790 50.5 
5800 50.55 
5810 50.65 
5820 50.7 
5830 50.7 
5840 50.7 
5850 50.7 
5860 50.7 
5870 50.8 
5880 50.8 
5890 50.85 
5900 50.85 
5910 50.8 
5920 50.75 
5930 50.75 
5940 50.8 
5950 50.85 
5960 50.85 
5970 50.75 
5980 50.75 
5990 50.7 
6000 50.65 
6010 50.6 
6020 50.6 
6030 50.6 
6040 50.6 
6050 50.55 
6060 50.55 
6070 50.55 
6080 50.6 
6090 50.6 
6100 50.6 
6110 50.6 
6120 50.6 
6130 50.6 
6140 50.55 
6150 50.55 
6160 50.55 
6170 50.55 
6180 50.5 
6190 50.5 
6200 50.5 
6210 50.5 
6220 50.5 
6230 50.5 
6240 50.5 
6250 50.44 
6260 50.44 
6270 50.38 
6280 50.38 
6290 50.38 
6300 50.38 
6310 50.43 
6320 50.43 
6330 50.43 
6340 50.43 
6350 50.49 
6360 50.49 
6370 50.55 
6380 50.55 
6390 50.55 
6400 50.55 
6410 50.5 
6420 50.5 
6430 50.5 
6440 50.5 
6450 50.5 
6460 50.5 
6470 50.55 
6480 50.6 
6490 50.6 
6500 50.6 
6510 50.6 
6520 50.6 
6530 50.54 
6540 50.54 
6550 50.54 
6560 50.54 
6570 50.49 
6580 50.44 
6590 50.33 
6600 50.33 
6610 50.33 
6620 50.33 
6630 50.39 
6640 50.39 
6650 50.39 
6660 50.33 
6670 50.33 
6680 50.33 
6690 50.44 
6700 50.44 
6710 50.44 
6720 50.44 
6730 50.49 
6740 50.49 
6750 50.49 
6760 50.55 
6770 50.55 
6780 50.55 
6790 50.55 
6800 50.55 
6810 50.55 
6820 50.55 
6830 50.5 
6840 50.55 
6850 50.55 
6860 50.55 
6870 50.6 
6880 50.6 
6890 50.6 
6900 50.6 
6910 50.6 
6920 50.54 
6930 50.54 
6940 50.49 
6950 50.49 
6960 50.49 
6970 50.44 
6980 50.49 
6990 50.49 
7000 50.49 
7010 50.49 
7020 50.55 
7030 50.55 
7040 50.55 
7050 50.55 
7060 50.55 
7070 50.55 
7080 50.5 
7090 50.5 
7100 50.5 
7110 50.5 
7120 50.5 
7130 50.5 
7140 50.5 
7150 50.5 
7160 50.5 
7170 50.5 
7180 50.5 
7190 50.5 
7200 50.5 
7210 50.44 
7220 50.44 
7230 50.44 
7240 50.44 
7250 50.44 
7260 50.44 
7270 50.44 
7280 50.44 
7290 50.44 
7300 50.38 
7310 50.44 
7320 50.44 
7330 50.44 
7340 50.44 
7350 50.44 
7360 50.44 
7370 50.44 
7380 50.44 
7390 50.44 
7400 50.5 
7410 50.5 
7420 50.55 
7430 50.55 
7440 50.49 
7450 50.49 
7460 50.49 
7470 50.49 
7480 50.49 
7490 50.49 
7500 50.49 
7510 50.49 
7520 50.44 
7530 50.44 
7540 50.5 
7550 50.5 
7560 50.5 
7570 50.5 
7580 50.55 
7590 50.55 
7600 50.55 
7610 50.55 
7620 50.55 
7630 50.55 
7640 50.55 
7650 50.55 
7660 50.55 
7670 50.55 
7680 50.55 
7690 50.55 
7700 50.55 
7710 50.49 
7720 50.54 
7730 50.54 
7740 50.54 
7750 50.54 
7760 50.54 
7770 50.54 
7780 50.49 
7790 50.49 
7800 50.49 
7810 50.55 
7820 50.5 
7830 50.5 
7840 50.55 
7850 50.55 
7860 50.55 
7870 50.55 
7880 50.6 
7890 50.6 
7900 50.6 
7910 50.6 
7920 50.6 
7930 50.6 
7940 50.6 
7950 50.6 
7960 50.7 
7970 50.7 
7980 50.65 
7990 50.65 
8000 50.65 
8010 50.65 
8020 50.65 
8030 50.65 
8040 50.65 
8050 50.65 
8060 50.6 
8070 50.6 
8080 50.65 
8090 50.65 
8100 50.65 
8110 50.65 
8120 50.65 
8130 50.7 
8140 50.7 
8150 50.7 
8160 50.65 
8170 50.7 
8180 50.65 
8190 50.65 
8200 50.65 
8210 50.7 
8220 50.7 
8230 50.65 
8240 50.6 
8250 50.65 
8260 50.65 
8270 50.6 
8280 50.65 
8290 50.65 
8300 50.7 
8310 50.65 
8320 50.7 
8330 50.8 
8340 50.8 
8350 50.8 
8360 50.9 
8370 50.95 
8380 50.95 
8390 50.95 
8400 50.95 
8410 51 
8420 51.05 
8430 51.05 
8440 51.15 
8450 51.26 
8460 51.21 
8470 51.26 
8480 51.26 
8490 51.36 
8500 51.41 
8510 51.46 
8520 51.41 
8530 51.41 
8540 51.41 
8550 51.35 
8560 51.4 
8570 51.4 
8580 51.45 
8590 51.45 
8600 51.51 
8610 51.57 
8620 51.62 
8630 51.62 
8640 51.62 
8650 51.68 
8660 51.68 
8670 51.68 
8680 51.68 
8690 51.68 
8700 51.68 
8710 51.62 
8720 51.62 
8730 51.62 
8740 51.68 
8750 51.68 
8760 51.68 
8770 51.68 
8780 51.68 
8790 51.68 
8800 51.68 
8810 51.74 
8820 51.8 
8830 51.8 
8840 51.74 
8850 51.68 
8860 51.74 
8870 51.74 
8880 51.74 
8890 51.74 
8900 51.68 
8910 51.62 
8920 51.56 
8930 51.56 
8940 51.56 
8950 51.56 
8960 51.5 
8970 51.5 
8980 51.56 
8990 51.56 
9000 51.56 
9010 51.62 
9020 51.62 
9030 51.62 
9040 51.62 
9050 51.62 
9060 51.62 
9070 51.62 
9080 51.56 
9090 51.62 
9100 51.62 
9110 51.56 
9120 51.56 
9130 51.56 
9140 51.56 
9150 51.62 
9160 51.62 
9170 51.62 
9180 51.73 
9190 51.73 
9200 51.79 
9210 51.79 
9220 51.79 
9230 51.79 
9240 51.79 
9250 51.79 
9260 51.79 
9270 51.79 
9280 51.74 
9290 51.68 
9300 51.62 
9310 51.68 
9320 51.74 
9330 51.74 
9340 51.85 
9350 51.85 
9360 51.91 
9370 51.91 
9380 51.91 
9390 51.91 
9400 51.97 
9410 51.97 
9420 51.97 
9430 51.97 
9440 51.92 
9450 51.86 
9460 51.8 
9470 51.8 
9480 51.74 
9490 51.8 
9500 51.74 
9510 51.74 
9520 51.68 
9530 51.74 
9540 51.74 
9550 51.8 
9560 51.8 
9570 51.91 
9580 51.97 
9590 51.91 
9600 51.91 
9610 51.96 
9620 52.02 
9630 52.02 
9640 51.96 
9650 51.9 
9660 52.01 
9670 51.96 
9680 51.96 
9690 52.02 
9700 52.02 
9710 51.91 
9720 51.85 
9730 51.85 
9740 51.85 
9750 51.91 
9760 51.8 
9770 51.8 
9780 51.8 
9790 51.74 
9800 51.74 
9810 51.74 
9820 51.74 
9830 51.68 
9840 51.74 
9850 51.68 
9860 51.68 
9870 51.73 
9880 51.73 
9890 51.73 
9900 51.79 
9910 51.85 
9920 51.91 
9930 51.91 
9940 51.85 
9950 51.91 
9960 51.91 
9970 51.86 
9980 51.91 
9990 51.91 
10000 51.91 
10010 51.85 
10020 51.9 
10030 51.9 
10040 51.96 
10050 51.96 
10060 52.02 
10070 52.02 
10080 51.97 
10090 51.97 
10100 51.97 
10110 52.03 
10120 51.98 
10130 52.04 
10140 52.04 
10150 51.98 
10160 51.98 
10170 51.92 
10180 51.92 
10190 51.98 
10200 51.92 
10210 51.92 
10220 51.92 
10230 51.97 
10240 52.02 
10250 52.13 
10260 52.07 
10270 52.07 
10280 52.07 
10290 52.07 
10300 52.13 
10310 52.13 
10320 52.07 
10330 52.02 
10340 51.97 
10350 51.92 
10360 52.03 
10370 52.14 
10380 52.19 
10390 52.19 
10400 52.13 
10410 52.13 
10420 52.19 
10430 52.13 
10440 52.13 
10450 52.18 
10460 52.18 
10470 52.13 
10480 52.08 
10490 52.08 
10500 52.14 
10510 52.19 
10520 52.24 
10530 52.3 
10540 52.3 
10550 52.19 
10560 52.14 
10570 52.14 
10580 52.08 
10590 52.08 
10600 52.08 
10610 52.03 
10620 51.98 
10630 51.92 
10640 51.92 
10650 51.98 
10660 51.98 
10670 51.92 
10680 51.98 
10690 51.98 
10700 51.98 
10710 51.92 
10720 51.92 
10730 51.92 
10740 51.92 
10750 51.92 
10760 51.92 
10770 51.98 
10780 51.92 
10790 51.86 
10800 51.86 
10810 51.86 
10820 51.86 
10830 51.92 
10840 51.92 
10850 51.97 
10860 51.97 
10870 51.97 
10880 51.97 
10890 52.08 
10900 52.13 
10910 52.24 
10920 52.29 
10930 51.86 
10940 51.86 
10950 51.86 
10960 51.92 
10970 51.92 
10980 51.97 
10990 51.97 
11000 51.97 
