10 40.63 
20 45.14 
30 44.92 
40 44.75 
50 44.59 
60 44.48 
70 44.37 
80 44.26 
90 44.21 
100 44.21 
110 44.21 
120 44.1 
130 44.1 
140 44.05 
150 44.05 
160 44.05 
170 44 
180 43.95 
190 43.95 
200 43.95 
210 43.9 
220 43.9 
230 43.9 
240 43.9 
250 43.95 
260 43.95 
270 43.95 
280 44.05 
290 44.05 
300 44.05 
310 44.05 
320 44.1 
330 44.05 
340 44.05 
350 44 
360 44 
370 44.05 
380 44 
390 44 
400 44 
410 43.95 
420 43.9 
430 43.95 
440 43.95 
450 43.95 
460 43.95 
470 44 
480 44 
490 44 
500 44 
510 44.05 
520 44.05 
530 44.16 
540 44.21 
550 44.26 
560 44.21 
570 44.16 
580 44.27 
590 44.27 
600 44.27 
610 44.32 
620 44.43 
630 44.32 
640 44.32 
650 44.27 
660 44.37 
670 44.48 
680 44.37 
690 44.42 
700 44.47 
710 44.47 
720 44.41 
730 44.46 
740 44.46 
750 44.57 
760 44.57 
770 44.51 
780 44.51 
790 44.46 
800 44.46 
810 44.41 
820 44.47 
830 44.53 
840 44.59 
850 44.53 
860 44.59 
870 44.65 
880 44.7 
890 44.75 
900 44.75 
910 44.75 
920 44.69 
930 44.63 
940 44.63 
950 44.69 
960 44.69 
970 44.58 
980 44.64 
990 44.64 
1000 44.7 
1010 44.7 
1020 44.76 
1030 44.76 
1040 44.7 
1050 44.7 
1060 44.59 
1070 44.64 
1080 44.64 
1090 44.7 
1100 44.7 
1110 44.81 
1120 44.75 
1130 44.81 
1140 44.81 
1150 44.75 
1160 44.86 
1170 44.92 
1180 44.86 
1190 44.86 
1200 44.8 
1210 44.8 
1220 44.86 
1230 44.86 
1240 44.92 
1250 44.87 
1260 44.87 
1270 44.87 
1280 44.82 
1290 44.82 
1300 44.88 
1310 44.88 
1320 44.88 
1330 44.88 
1340 44.88 
1350 44.99 
1360 44.99 
1370 44.99 
1380 45.1 
1390 45.1 
1400 45.04 
1410 45.04 
1420 45.04 
1430 45.04 
1440 45.04 
1450 45.04 
1460 45.04 
1470 45.04 
1480 44.93 
1490 44.93 
1500 44.99 
1510 44.93 
1520 44.87 
1530 44.87 
1540 44.87 
1550 44.81 
1560 44.75 
1570 44.69 
1580 44.8 
1590 44.8 
1600 44.8 
1610 44.86 
1620 44.92 
1630 44.92 
1640 44.92 
1650 44.98 
1660 45.04 
1670 45.1 
1680 44.99 
1690 44.99 
1700 44.93 
1710 44.87 
1720 44.81 
1730 44.81 
1740 44.75 
1750 44.64 
1760 44.53 
1770 44.53 
1780 44.53 
1790 44.53 
1800 44.59 
1810 44.65 
1820 44.65 
1830 44.54 
1840 44.49 
1850 44.49 
1860 44.54 
1870 44.48 
1880 44.48 
1890 44.48 
1900 44.48 
1910 44.37 
1920 44.32 
1930 44.32 
1940 44.37 
1950 44.42 
1960 44.37 
1970 44.43 
1980 44.54 
1990 44.48 
2000 44.42 
2010 44.42 
2020 44.42 
2030 44.47 
2040 44.42 
2050 44.37 
2060 44.37 
2070 44.26 
2080 44.2 
2090 44.2 
2100 44.26 
2110 44.31 
2120 44.31 
2130 44.26 
2140 44.37 
2150 44.37 
2160 44.42 
2170 44.42 
2180 44.37 
2190 44.43 
2200 44.37 
2210 44.32 
2220 44.37 
2230 44.42 
2240 44.31 
2250 44.31 
2260 44.26 
2270 44.31 
2280 44.36 
2290 44.3 
2300 44.25 
2310 44.3 
2320 44.3 
2330 44.25 
2340 44.3 
2350 44.3 
2360 44.3 
2370 44.25 
2380 44.25 
2390 44.2 
2400 44.31 
2410 44.26 
2420 44.21 
2430 44.21 
2440 44.16 
2450 44.21 
2460 44.21 
2470 44.21 
2480 44.21 
2490 44.26 
2500 44.15 
2510 44.15 
2520 44.15 
2530 44.26 
2540 44.26 
2550 44.21 
2560 44.26 
2570 44.26 
2580 44.16 
2590 44.16 
2600 44.21 
2610 44.21 
2620 44.26 
2630 44.15 
2640 44.15 
2650 44.15 
2660 44.1 
2670 44.1 
2680 44.15 
2690 44.1 
2700 44.05 
2710 44.05 
2720 44 
2730 44 
2740 44 
2750 44 
2760 44 
2770 44 
2780 44 
2790 43.95 
2800 43.95 
2810 43.9 
2820 43.85 
2830 43.85 
2840 43.85 
2850 43.8 
2860 43.75 
2870 43.75 
2880 43.7 
2890 43.7 
2900 43.65 
2910 43.65 
2920 43.65 
2930 43.65 
2940 43.6 
2950 43.6 
2960 43.6 
2970 43.55 
2980 43.55 
2990 43.55 
3000 43.55 
3010 43.55 
3020 43.55 
3030 43.5 
3040 43.55 
3050 43.55 
3060 43.55 
3070 43.55 
3080 43.55 
3090 43.49 
3100 43.49 
3110 43.49 
3120 43.49 
3130 43.54 
3140 43.49 
3150 43.49 
3160 43.49 
3170 43.49 
3180 43.43 
3190 43.54 
3200 43.59 
3210 43.64 
3220 43.58 
3230 43.58 
3240 43.52 
3250 43.52 
3260 43.52 
3270 43.52 
3280 43.52 
3290 43.41 
3300 43.36 
3310 43.31 
3320 43.42 
3330 43.42 
3340 43.53 
3350 43.58 
3360 43.63 
3370 43.63 
3380 43.69 
3390 43.69 
3400 43.69 
3410 43.69 
3420 43.64 
3430 43.64 
3440 43.59 
3450 43.48 
3460 43.43 
3470 43.43 
3480 43.43 
3490 43.43 
3500 43.43 
3510 43.43 
3520 43.43 
3530 43.32 
3540 43.26 
3550 43.32 
3560 43.32 
3570 43.26 
3580 43.31 
3590 43.31 
3600 43.31 
3610 43.31 
3620 43.31 
3630 43.37 
3640 43.43 
3650 43.43 
3660 43.43 
3670 43.43 
3680 43.43 
3690 43.49 
3700 43.43 
3710 43.37 
3720 43.31 
3730 43.36 
3740 43.36 
3750 43.3 
3760 43.3 
3770 43.36 
3780 43.31 
3790 43.31 
3800 43.37 
3810 43.37 
3820 43.37 
3830 43.26 
3840 43.2 
3850 43.26 
3860 43.26 
3870 43.26 
3880 43.26 
3890 43.31 
3900 43.31 
3910 43.37 
3920 43.37 
3930 43.37 
3940 43.43 
3950 43.43 
3960 43.37 
3970 43.37 
3980 43.31 
3990 43.2 
4000 43.2 
4010 43.14 
4020 43.14 
4030 43.14 
4040 43.14 
4050 43.08 
4060 43.14 
4070 43.14 
4080 43.14 
4090 43.14 
4100 43.14 
4110 43.14 
4120 43.14 
4130 43.14 
4140 43.08 
4150 43.08 
4160 43.08 
4170 43.02 
4180 43.02 
4190 43.08 
4200 43.02 
4210 43.02 
4220 43.02 
4230 43.08 
4240 43.14 
4250 43.14 
4260 43.14 
4270 43.14 
4280 43.14 
4290 43.08 
4300 43.08 
4310 43.08 
4320 43.08 
4330 43.08 
4340 43.08 
4350 43.08 
4360 43.02 
4370 43.02 
4380 43.08 
4390 43.08 
4400 43.08 
4410 43.08 
4420 43.08 
4430 43.02 
4440 43.02 
4450 43.02 
4460 43.08 
4470 43.08 
4480 43.08 
4490 43.08 
4500 43.14 
4510 43.14 
4520 43.2 
4530 43.26 
4540 43.2 
4550 43.2 
4560 43.14 
4570 43.14 
4580 43.08 
4590 43.08 
4600 43.02 
4610 43.02 
4620 42.96 
4630 42.9 
4640 42.9 
4650 42.96 
4660 42.96 
4670 42.96 
4680 42.96 
4690 42.96 
4700 42.96 
4710 43.02 
4720 43.02 
4730 43.02 
4740 43.02 
4750 43.02 
4760 43.02 
4770 43.02 
4780 43.02 
4790 43.02 
4800 43.02 
4810 42.96 
4820 43.02 
4830 43.08 
4840 43.08 
4850 43.08 
4860 43.08 
4870 43.14 
4880 43.14 
4890 43.14 
4900 43.2 
4910 43.26 
4920 43.2 
4930 43.14 
4940 43.14 
4950 43.08 
4960 43.08 
4970 43.02 
4980 43.02 
4990 43.08 
5000 43.02 
5010 42.96 
5020 42.96 
5030 42.96 
5040 42.96 
5050 42.96 
5060 43.02 
5070 43.02 
5080 43.02 
5090 42.96 
5100 42.96 
5110 42.86 
5120 42.86 
5130 42.86 
5140 42.86 
5150 42.86 
5160 42.86 
5170 42.86 
5180 42.86 
5190 42.86 
5200 42.86 
5210 42.91 
5220 42.91 
5230 42.91 
5240 42.97 
5250 43.03 
5260 42.97 
5270 42.92 
5280 42.92 
5290 42.92 
5300 42.92 
5310 43.03 
5320 43.03 
5330 43.03 
5340 43.03 
5350 42.97 
5360 42.97 
5370 43.02 
5380 43.02 
5390 43.02 
5400 43.02 
5410 42.96 
5420 42.96 
5430 42.96 
5440 42.9 
5450 42.9 
5460 42.96 
5470 42.96 
5480 42.96 
5490 43.02 
5500 43.02 
5510 43.02 
5520 43.02 
5530 43.02 
5540 43.02 
5550 43.02 
5560 42.96 
5570 42.96 
5580 42.96 
5590 42.9 
5600 42.9 
5610 42.9 
5620 42.9 
5630 42.9 
5640 42.9 
5650 42.9 
5660 42.96 
5670 43.02 
5680 43.08 
5690 43.14 
5700 43.2 
5710 43.31 
5720 43.31 
5730 43.37 
5740 43.43 
5750 43.49 
5760 43.54 
5770 43.59 
5780 43.64 
5790 43.69 
5800 43.69 
5810 43.69 
5820 43.8 
5830 43.9 
5840 44 
5850 44.05 
5860 44 
5870 44 
5880 44 
5890 44 
5900 44.05 
5910 44.05 
5920 44.05 
5930 44 
5940 43.9 
5950 43.95 
5960 43.95 
5970 43.9 
5980 43.9 
5990 43.9 
6000 43.9 
6010 43.85 
6020 43.8 
6030 43.75 
6040 43.8 
6050 43.75 
6060 43.8 
6070 43.8 
6080 43.75 
6090 43.75 
6100 43.7 
6110 43.75 
6120 43.8 
6130 43.8 
6140 43.75 
6150 43.7 
6160 43.65 
6170 43.65 
6180 43.65 
6190 43.6 
6200 43.54 
6210 43.49 
6220 43.44 
6230 43.49 
6240 43.49 
6250 43.49 
6260 43.54 
6270 43.54 
6280 43.54 
6290 43.54 
6300 43.6 
6310 43.6 
6320 43.6 
6330 43.55 
6340 43.55 
6350 43.6 
6360 43.55 
6370 43.6 
6380 43.6 
6390 43.6 
6400 43.54 
6410 43.54 
6420 43.54 
6430 43.54 
6440 43.54 
6450 43.49 
6460 43.43 
6470 43.43 
6480 43.43 
6490 43.43 
6500 43.49 
6510 43.49 
6520 43.49 
6530 43.49 
6540 43.49 
6550 43.49 
6560 43.55 
6570 43.5 
6580 43.5 
6590 43.5 
6600 43.5 
6610 43.5 
6620 43.44 
6630 43.44 
6640 43.38 
6650 43.38 
6660 43.38 
6670 43.38 
6680 43.43 
6690 43.43 
6700 43.43 
6710 43.37 
6720 43.37 
6730 43.37 
6740 43.43 
6750 43.43 
6760 43.43 
6770 43.43 
6780 43.38 
6790 43.38 
6800 43.38 
6810 43.49 
6820 43.55 
6830 43.55 
6840 43.6 
6850 43.65 
6860 43.65 
6870 43.65 
6880 43.59 
6890 43.59 
6900 43.53 
6910 43.48 
6920 43.48 
6930 43.48 
6940 43.43 
6950 43.43 
6960 43.37 
6970 43.37 
6980 43.43 
6990 43.43 
7000 43.43 
7010 43.43 
7020 43.43 
7030 43.43 
7040 43.43 
7050 43.38 
7060 43.44 
7070 43.44 
7080 43.38 
7090 43.38 
7100 43.44 
7110 43.49 
7120 43.49 
7130 43.49 
7140 43.54 
7150 43.54 
7160 43.48 
7170 43.48 
7180 43.54 
7190 43.48 
7200 43.42 
7210 43.37 
7220 43.37 
7230 43.42 
7240 43.42 
7250 43.42 
7260 43.48 
7270 43.48 
7280 43.48 
7290 43.59 
7300 43.59 
7310 43.59 
7320 43.64 
7330 43.64 
7340 43.64 
7350 43.64 
7360 43.69 
7370 43.63 
7380 43.63 
7390 43.58 
7400 43.58 
7410 43.58 
7420 43.53 
7430 43.48 
7440 43.37 
7450 43.37 
7460 43.32 
7470 43.38 
7480 43.32 
7490 43.32 
7500 43.38 
7510 43.32 
7520 43.26 
7530 43.26 
7540 43.32 
7550 43.32 
7560 43.32 
7570 43.32 
7580 43.38 
7590 43.38 
7600 43.43 
7610 43.49 
7620 43.6 
7630 43.6 
7640 43.6 
7650 43.6 
7660 43.54 
7670 43.59 
7680 43.59 
7690 43.64 
7700 43.59 
7710 43.53 
7720 43.42 
7730 43.47 
7740 43.41 
7750 43.35 
7760 43.46 
7770 43.41 
7780 43.41 
7790 43.3 
7800 43.35 
7810 43.35 
7820 43.41 
7830 43.36 
7840 43.36 
7850 43.42 
7860 43.37 
7870 43.37 
7880 43.37 
7890 43.37 
7900 43.32 
7910 43.38 
7920 43.38 
7930 43.38 
7940 43.44 
7950 43.44 
7960 43.44 
7970 43.44 
7980 43.49 
7990 43.49 
8000 43.43 
8010 43.43 
8020 43.43 
8030 43.43 
8040 43.48 
8050 43.53 
8060 43.58 
8070 43.58 
8080 43.58 
8090 43.64 
8100 43.7 
8110 43.7 
8120 43.75 
8130 43.75 
8140 43.7 
8150 43.59 
8160 43.59 
8170 43.59 
8180 43.59 
8190 43.53 
8200 43.53 
8210 43.58 
8220 43.53 
8230 43.53 
8240 43.58 
8250 43.69 
8260 43.64 
8270 43.64 
8280 43.59 
8290 43.65 
8300 43.7 
8310 43.65 
8320 43.59 
8330 43.59 
8340 43.54 
8350 43.54 
8360 43.59 
8370 43.59 
8380 43.64 
8390 43.69 
8400 43.69 
8410 43.74 
8420 43.85 
8430 43.9 
8440 43.9 
8450 43.95 
8460 43.95 
8470 44 
8480 44.05 
8490 44.05 
8500 44.1 
8510 44.1 
8520 44.21 
8530 44.21 
8540 44.31 
8550 44.37 
8560 44.37 
8570 44.42 
8580 44.37 
8590 44.42 
8600 44.37 
8610 44.42 
8620 44.36 
8630 44.36 
8640 44.36 
8650 44.3 
8660 44.35 
8670 44.3 
8680 44.3 
8690 44.3 
8700 44.41 
8710 44.36 
8720 44.36 
8730 44.47 
8740 44.53 
8750 44.53 
8760 44.53 
8770 44.58 
8780 44.63 
8790 44.69 
8800 44.69 
8810 44.8 
8820 44.86 
8830 44.8 
8840 44.8 
8850 44.8 
8860 44.86 
8870 44.92 
8880 44.92 
8890 44.86 
8900 44.86 
8910 44.86 
8920 44.86 
8930 44.92 
8940 44.92 
8950 44.98 
8960 44.92 
8970 44.86 
8980 44.86 
8990 44.86 
9000 44.86 
9010 44.86 
9020 44.75 
9030 44.69 
9040 44.69 
9050 44.69 
9060 44.75 
9070 44.81 
9080 44.87 
9090 44.87 
9100 44.87 
9110 44.81 
9120 44.81 
9130 44.87 
9140 44.87 
9150 44.81 
9160 44.81 
9170 44.81 
9180 44.75 
9190 44.7 
9200 44.7 
9210 44.7 
9220 44.81 
9230 44.75 
9240 44.64 
9250 44.7 
9260 44.7 
9270 44.7 
9280 44.76 
9290 44.81 
9300 44.81 
9310 44.87 
9320 44.87 
9330 44.93 
9340 44.98 
9350 44.98 
9360 44.98 
9370 44.98 
9380 44.98 
9390 45.04 
9400 45.04 
9410 45.04 
9420 45.04 
9430 45.04 
9440 45.1 
9450 45.1 
9460 45.1 
9470 45.1 
9480 45.1 
9490 45.04 
9500 45.04 
9510 44.93 
9520 44.93 
9530 44.93 
9540 44.93 
9550 44.93 
9560 44.93 
9570 44.98 
9580 44.98 
9590 45.04 
9600 45.04 
9610 45.15 
9620 45.04 
9630 45.04 
9640 45.04 
9650 44.93 
9660 44.93 
9670 44.88 
9680 44.88 
9690 44.88 
9700 44.88 
9710 44.88 
9720 44.99 
9730 44.99 
9740 44.88 
9750 44.88 
9760 44.88 
9770 44.82 
9780 44.82 
9790 44.82 
9800 44.82 
9810 44.82 
9820 44.82 
9830 44.82 
9840 44.93 
9850 45.04 
9860 45.04 
9870 45.04 
9880 45.04 
9890 45.04 
9900 45.04 
9910 45.04 
9920 45.04 
9930 45.04 
9940 44.98 
9950 44.92 
9960 44.92 
9970 44.98 
9980 44.98 
9990 44.98 
10000 44.98 
10010 44.98 
10020 44.98 
10030 44.98 
10040 45.04 
10050 45.1 
10060 45.04 
10070 45.04 
10080 45.04 
10090 45.04 
10100 45.04 
10110 45.04 
10120 45.04 
10130 45.04 
10140 45.04 
10150 45.04 
10160 45.1 
10170 45.1 
10180 45.1 
10190 45.1 
10200 45.1 
10210 45.04 
10220 45.04 
10230 45.04 
10240 45.04 
10250 45.04 
10260 45.04 
10270 45.04 
10280 45.04 
10290 45.04 
10300 45.04 
10310 45.1 
10320 45.1 
10330 45.04 
10340 45.04 
10350 44.98 
10360 44.98 
10370 44.98 
10380 44.98 
10390 44.98 
10400 44.98 
10410 44.98 
10420 44.98 
10430 45.04 
10440 45.04 
10450 45.1 
10460 45.1 
10470 45.1 
10480 45.1 
10490 45.1 
10500 45.1 
10510 45.1 
10520 45.1 
10530 45.1 
10540 45.1 
10550 45.1 
10560 45.15 
10570 45.15 
10580 45.15 
10590 45.15 
10600 45.15 
10610 45.09 
10620 45.03 
10630 45.03 
10640 44.97 
10650 44.97 
10660 44.92 
10670 44.92 
10680 44.86 
10690 44.75 
10700 44.75 
10710 44.81 
10720 44.87 
10730 44.87 
10740 44.87 
10750 44.87 
10760 44.87 
10770 44.87 
10780 44.98 
10790 45.09 
10800 45.09 
10810 45.09 
10820 45.09 
10830 45.09 
10840 45.15 
10850 45.15 
10860 45.15 
10870 45.15 
10880 45.1 
10890 45.1 
10900 45.15 
10910 45.15 
10920 45.15 
10930 44.75 
10940 44.81 
10950 44.87 
10960 44.87 
10970 44.87 
10980 44.87 
10990 44.87 
11000 44.87 