10 43.87 
20 48.76 
30 48.7 
40 48.76 
50 48.76 
60 48.76 
70 48.76 
80 48.76 
90 48.87 
100 48.93 
110 48.93 
120 48.87 
130 48.87 
140 48.87 
150 48.93 
160 48.88 
170 48.82 
180 48.82 
190 48.77 
200 48.71 
210 48.6 
220 48.6 
230 48.66 
240 48.6 
250 48.65 
260 48.7 
270 48.81 
280 48.81 
290 48.86 
300 48.86 
310 48.86 
320 48.92 
330 48.97 
340 49.08 
350 49.08 
360 49.03 
370 48.98 
380 48.92 
390 48.92 
400 49.03 
410 49.09 
420 49.14 
430 49.14 
440 49.09 
450 49.09 
460 49.09 
470 49.14 
480 49.14 
490 49.09 
500 48.98 
510 48.92 
520 48.81 
530 48.7 
540 48.75 
550 48.7 
560 48.75 
570 48.75 
580 48.86 
590 48.91 
600 48.91 
610 48.97 
620 49.08 
630 49.19 
640 49.19 
650 49.13 
660 49.13 
670 49.08 
680 48.97 
690 48.92 
700 48.98 
710 48.92 
720 48.92 
730 48.81 
740 48.81 
750 48.81 
760 48.81 
770 48.81 
780 48.81 
790 48.81 
800 48.75 
810 48.86 
820 48.75 
830 48.81 
840 48.7 
850 48.7 
860 48.7 
870 48.7 
880 48.7 
890 48.75 
900 48.86 
910 48.86 
920 48.97 
930 48.97 
940 48.97 
950 48.97 
960 48.92 
970 48.97 
980 49.08 
990 48.97 
1000 48.92 
1010 48.87 
1020 48.87 
1030 48.81 
1040 48.87 
1050 48.87 
1060 48.81 
1070 48.81 
1080 48.81 
1090 48.92 
1100 48.97 
1110 49.02 
1120 48.97 
1130 48.97 
1140 48.91 
1150 48.97 
1160 49.08 
1170 49.08 
1180 49.08 
1190 49.03 
1200 48.98 
1210 48.87 
1220 48.87 
1230 48.98 
1240 49.04 
1250 48.98 
1260 48.93 
1270 48.93 
1280 48.93 
1290 48.98 
1300 49.03 
1310 49.03 
1320 49.03 
1330 48.92 
1340 48.97 
1350 48.97 
1360 48.97 
1370 48.97 
1380 48.86 
1390 48.86 
1400 48.75 
1410 48.75 
1420 48.8 
1430 48.86 
1440 48.75 
1450 48.81 
1460 48.86 
1470 48.75 
1480 48.86 
1490 48.75 
1500 48.81 
1510 48.92 
1520 48.92 
1530 48.92 
1540 49.03 
1550 49.08 
1560 49.08 
1570 49.14 
1580 49.14 
1590 49.25 
1600 49.19 
1610 49.14 
1620 49.09 
1630 49.09 
1640 49.04 
1650 48.99 
1660 48.99 
1670 48.93 
1680 48.82 
1690 48.82 
1700 48.82 
1710 48.82 
1720 48.76 
1730 48.81 
1740 48.86 
1750 48.91 
1760 48.8 
1770 48.86 
1780 48.86 
1790 48.75 
1800 48.81 
1810 48.75 
1820 48.81 
1830 48.81 
1840 48.81 
1850 48.7 
1860 48.7 
1870 48.7 
1880 48.76 
1890 48.87 
1900 48.92 
1910 48.92 
1920 48.97 
1930 48.97 
1940 48.92 
1950 49.03 
1960 49.14 
1970 49.14 
1980 49.19 
1990 49.14 
2000 49.14 
2010 49.25 
2020 49.2 
2030 49.2 
2040 49.25 
2050 49.14 
2060 49.09 
2070 49.14 
2080 49.14 
2090 49.08 
2100 49.03 
2110 49.03 
2120 48.97 
2130 48.92 
2140 48.92 
2150 49.03 
2160 48.97 
2170 48.86 
2180 48.75 
2190 48.86 
2200 48.91 
2210 48.91 
2220 49.02 
2230 49.07 
2240 49.07 
2250 49.07 
2260 49.13 
2270 49.19 
2280 49.3 
2290 49.25 
2300 49.25 
2310 49.25 
2320 49.25 
2330 49.2 
2340 49.15 
2350 49.15 
2360 49.15 
2370 49.15 
2380 49.15 
2390 49.09 
2400 49.04 
2410 48.99 
2420 48.88 
2430 48.93 
2440 48.98 
2450 48.98 
2460 49.03 
2470 49.08 
2480 49.08 
2490 49.14 
2500 49.19 
2510 49.24 
2520 49.35 
2530 49.35 
2540 49.3 
2550 49.25 
2560 49.14 
2570 49.14 
2580 49.09 
2590 49.09 
2600 49.04 
2610 49.04 
2620 48.93 
2630 48.93 
2640 48.93 
2650 48.98 
2660 49.09 
2670 48.98 
2680 49.03 
2690 49.03 
2700 48.97 
2710 48.97 
2720 49.03 
2730 48.98 
2740 49.03 
2750 49.03 
2760 48.98 
2770 49.09 
2780 49.09 
2790 49.09 
2800 49.2 
2810 49.2 
2820 49.2 
2830 49.25 
2840 49.25 
2850 49.2 
2860 49.25 
2870 49.2 
2880 49.15 
2890 49.09 
2900 48.98 
2910 48.98 
2920 49.03 
2930 49.03 
2940 49.03 
2950 49.03 
2960 49.03 
2970 49.08 
2980 48.97 
2990 49.08 
3000 49.19 
3010 49.19 
3020 49.19 
3030 49.19 
3040 49.08 
3050 49.08 
3060 49.08 
3070 49.08 
3080 49.24 
3090 49.24 
3100 49.24 
3110 49.19 
3120 49.14 
3130 49.03 
3140 49.09 
3150 49.14 
3160 49.14 
3170 49.14 
3180 49.09 
3190 49.09 
3200 49.09 
3210 49.14 
3220 49.19 
3230 49.3 
3240 49.35 
3250 49.35 
3260 49.35 
3270 49.35 
3280 49.4 
3290 49.4 
3300 49.4 
3310 49.35 
3320 49.35 
3330 49.35 
3340 49.35 
3350 49.3 
3360 49.3 
3370 49.3 
3380 49.3 
3390 49.19 
3400 49.08 
3410 49.13 
3420 49.02 
3430 49.02 
3440 48.97 
3450 49.02 
3460 48.91 
3470 48.91 
3480 48.91 
3490 49.02 
3500 49.13 
3510 49.13 
3520 49.24 
3530 49.24 
3540 49.29 
3550 49.29 
3560 49.29 
3570 49.29 
3580 49.29 
3590 49.24 
3600 49.24 
3610 49.24 
3620 49.13 
3630 49.13 
3640 49.13 
3650 49.13 
3660 49.13 
3670 49.02 
3680 49.02 
3690 49.07 
3700 49.07 
3710 49.07 
3720 49.18 
3730 49.13 
3740 49.13 
3750 49.13 
3760 49.24 
3770 49.35 
3780 49.35 
3790 49.35 
3800 49.3 
3810 49.3 
3820 49.3 
3830 49.35 
3840 49.35 
3850 49.35 
3860 49.35 
3870 49.3 
3880 49.25 
3890 49.2 
3900 49.25 
3910 49.25 
3920 49.25 
3930 49.25 
3940 49.25 
3950 49.2 
3960 49.2 
3970 49.2 
3980 49.14 
3990 49.19 
4000 49.19 
4010 49.14 
4020 49.14 
4030 49.14 
4040 49.14 
4050 49.14 
4060 49.09 
4070 49.14 
4080 49.25 
4090 49.25 
4100 49.25 
4110 49.25 
4120 49.14 
4130 49.09 
4140 49.09 
4150 49.14 
4160 49.14 
4170 49.09 
4180 49.09 
4190 48.98 
4200 48.87 
4210 48.81 
4220 48.92 
4230 48.92 
4240 48.92 
4250 48.87 
4260 48.87 
4270 48.92 
4280 48.92 
4290 48.92 
4300 49.03 
4310 49.14 
4320 49.14 
4330 49.08 
4340 49.08 
4350 49.13 
4360 49.13 
4370 49.13 
4380 49.13 
4390 49.13 
4400 49.13 
4410 49.13 
4420 49.02 
4430 49.13 
4440 49.13 
4450 49.13 
4460 49.18 
4470 49.18 
4480 49.07 
4490 49.18 
4500 49.07 
4510 49.07 
4520 49.18 
4530 49.18 
4540 49.13 
4550 49.13 
4560 49.13 
4570 49.13 
4580 49.24 
4590 49.13 
4600 49.24 
4610 49.24 
4620 49.13 
4630 49.08 
4640 49.02 
4650 48.91 
4660 48.91 
4670 48.86 
4680 48.86 
4690 48.92 
4700 48.81 
4710 48.76 
4720 48.87 
4730 48.92 
4740 49.03 
4750 49.09 
4760 49.09 
4770 49.14 
4780 49.09 
4790 49.14 
4800 49.25 
4810 49.19 
4820 49.08 
4830 48.97 
4840 48.97 
4850 49.02 
4860 49.02 
4870 49.02 
4880 49.07 
4890 49.07 
4900 49.02 
4910 49.13 
4920 49.13 
4930 49.24 
4940 49.24 
4950 49.24 
4960 49.19 
4970 49.19 
4980 49.19 
4990 49.19 
5000 49.24 
5010 49.24 
5020 49.35 
5030 49.35 
5040 49.3 
5050 49.19 
5060 49.24 
5070 49.24 
5080 49.24 
5090 49.24 
5100 49.13 
5110 49.13 
5120 49.13 
5130 49.13 
5140 49.18 
5150 49.29 
5160 49.29 
5170 49.29 
5180 49.29 
5190 49.29 
5200 49.35 
5210 49.24 
5220 49.24 
5230 49.19 
5240 49.19 
5250 49.19 
5260 49.19 
5270 49.19 
5280 49.19 
5290 49.19 
5300 49.24 
5310 49.35 
5320 49.35 
5330 49.4 
5340 49.35 
5350 49.35 
5360 49.24 
5370 49.24 
5380 49.24 
5390 49.24 
5400 49.24 
5410 49.24 
5420 49.19 
5430 49.14 
5440 49.14 
5450 49.14 
5460 49.14 
5470 49.14 
5480 49.14 
5490 49.09 
5500 48.98 
5510 48.93 
5520 48.98 
5530 49.03 
5540 49.08 
5550 49.08 
5560 49.19 
5570 49.19 
5580 49.19 
5590 49.13 
5600 49.24 
5610 49.24 
5620 49.24 
5630 49.24 
5640 49.24 
5650 49.24 
5660 49.13 
5670 49.13 
5680 49.13 
5690 49.19 
5700 49.08 
5710 49.13 
5720 49.13 
5730 49.13 
5740 49.13 
5750 49.13 
5760 49.24 
5770 49.13 
5780 49.08 
5790 49.13 
5800 49.13 
5810 49.13 
5820 49.13 
5830 49.13 
5840 49.08 
5850 49.08 
5860 49.03 
5870 49.03 
5880 49.08 
5890 49.08 
5900 49.08 
5910 49.08 
5920 49.08 
5930 49.03 
5940 49.08 
5950 49.08 
5960 49.13 
5970 49.24 
5980 49.24 
5990 49.19 
6000 49.3 
6010 49.3 
6020 49.25 
6030 49.25 
6040 49.14 
6050 49.09 
6060 49.04 
6070 49.04 
6080 48.93 
6090 48.98 
6100 48.98 
6110 48.93 
6120 48.98 
6130 49.03 
6140 49.14 
6150 49.19 
6160 49.24 
6170 49.13 
6180 49.24 
6190 49.24 
6200 49.24 
6210 49.29 
6220 49.29 
6230 49.24 
6240 49.24 
6250 49.24 
6260 49.13 
6270 49.13 
6280 49.02 
6290 48.97 
6300 48.92 
6310 48.87 
6320 48.87 
6330 48.92 
6340 48.92 
6350 48.87 
6360 48.98 
6370 49.09 
6380 49.2 
6390 49.25 
6400 49.3 
6410 49.3 
6420 49.3 
6430 49.3 
6440 49.3 
6450 49.35 
6460 49.35 
6470 49.35 
6480 49.35 
6490 49.3 
6500 49.3 
6510 49.35 
6520 49.3 
6530 49.25 
6540 49.25 
6550 49.25 
6560 49.25 
6570 49.25 
6580 49.14 
6590 49.14 
6600 49.09 
6610 49.09 
6620 49.09 
6630 49.09 
6640 49.09 
6650 48.98 
6660 48.93 
6670 48.93 
6680 48.99 
6690 49.04 
6700 49.09 
6710 49.09 
6720 49.14 
6730 49.19 
6740 49.14 
6750 49.25 
6760 49.19 
6770 49.19 
6780 49.19 
6790 49.19 
6800 49.19 
6810 49.19 
6820 49.14 
6830 49.09 
6840 49.14 
6850 49.09 
6860 49.2 
6870 49.15 
6880 49.2 
6890 49.2 
6900 49.15 
6910 49.15 
6920 49.2 
6930 49.2 
6940 49.2 
6950 49.25 
6960 49.25 
6970 49.3 
6980 49.19 
6990 49.19 
7000 49.24 
7010 49.24 
7020 49.24 
7030 49.29 
7040 49.29 
7050 49.18 
7060 49.07 
7070 49.02 
7080 49.13 
7090 49.13 
7100 49.02 
7110 49.02 
7120 49.02 
7130 49.02 
7140 48.97 
7150 49.03 
7160 49.14 
7170 49.19 
7180 49.19 
7190 49.19 
7200 49.3 
7210 49.3 
7220 49.3 
7230 49.3 
7240 49.35 
7250 49.4 
7260 49.4 
7270 49.35 
7280 49.35 
7290 49.35 
7300 49.35 
7310 49.35 
7320 49.35 
7330 49.35 
7340 49.3 
7350 49.3 
7360 49.25 
7370 49.25 
7380 49.25 
7390 49.2 
7400 49.2 
7410 49.09 
7420 49.04 
7430 49.04 
7440 49.09 
7450 49.09 
7460 49.03 
7470 49.03 
7480 48.92 
7490 48.97 
7500 48.97 
7510 49.08 
7520 49.13 
7530 49.13 
7540 49.13 
7550 49.08 
7560 49.14 
7570 49.14 
7580 49.25 
7590 49.2 
7600 49.2 
7610 49.09 
7620 49.04 
7630 49.04 
7640 49.04 
7650 49.09 
7660 49.14 
7670 49.19 
7680 49.14 
7690 49.19 
7700 49.19 
7710 49.3 
7720 49.35 
7730 49.35 
7740 49.35 
7750 49.3 
7760 49.3 
7770 49.3 
7780 49.35 
7790 49.35 
7800 49.35 
7810 49.35 
7820 49.3 
7830 49.3 
7840 49.3 
7850 49.35 
7860 49.3 
7870 49.3 
7880 49.3 
7890 49.19 
7900 49.19 
7910 49.19 
7920 49.24 
7930 49.24 
7940 49.24 
7950 49.24 
7960 49.29 
7970 49.24 
7980 49.29 
7990 49.4 
8000 49.4 
8010 49.4 
8020 49.4 
8030 49.4 
8040 49.4 
8050 49.35 
8060 49.35 
8070 49.4 
8080 49.24 
8090 49.19 
8100 49.24 
8110 49.19 
8120 49.14 
8130 49.14 
8140 49.14 
8150 49.19 
8160 49.19 
8170 49.08 
8180 49.19 
8190 49.24 
8200 49.19 
8210 49.24 
8220 49.24 
8230 49.24 
8240 49.24 
8250 49.24 
8260 49.19 
8270 49.3 
8280 49.3 
8290 49.3 
8300 49.3 
8310 49.3 
8320 49.35 
8330 49.35 
8340 49.35 
8350 49.35 
8360 49.4 
8370 49.35 
8380 49.3 
8390 49.3 
8400 49.3 
8410 49.25 
8420 49.2 
8430 49.2 
8440 49.2 
8450 49.2 
8460 49.15 
8470 49.2 
8480 49.25 
8490 49.14 
8500 49.09 
8510 49.09 
8520 49.14 
8530 49.09 
8540 48.98 
8550 48.98 
8560 48.98 
8570 48.93 
8580 48.93 
8590 49.04 
8600 49.09 
8610 49.14 
8620 49.14 
8630 49.14 
8640 49.25 
8650 49.25 
8660 49.3 
8670 49.4 
8680 49.4 
8690 49.4 
8700 49.4 
8710 49.4 
8720 49.4 
8730 49.45 
8740 49.45 
8750 49.34 
8760 49.34 
8770 49.29 
8780 49.29 
8790 49.29 
8800 49.29 
8810 49.24 
8820 49.24 
8830 49.24 
8840 49.24 
8850 49.35 
8860 49.35 
8870 49.35 
8880 49.35 
8890 49.35 
8900 49.35 
8910 49.4 
8920 49.35 
8930 49.35 
8940 49.35 
8950 49.24 
8960 49.24 
8970 49.24 
8980 49.24 
8990 49.24 
9000 49.24 
9010 49.24 
9020 49.29 
9030 49.18 
9040 49.18 
9050 49.29 
9060 49.24 
9070 49.24 
9080 49.13 
9090 49.08 
9100 48.97 
9110 48.97 
9120 48.97 
9130 49.08 
9140 49.03 
9150 48.92 
9160 48.92 
9170 48.87 
9180 48.98 
9190 49.03 
9200 49.14 
9210 49.14 
9220 49.14 
9230 49.14 
9240 49.19 
9250 49.3 
9260 49.35 
9270 49.35 
9280 49.3 
9290 49.25 
9300 49.25 
9310 49.25 
9320 49.25 
9330 49.25 
9340 49.25 
9350 49.25 
9360 49.25 
9370 49.3 
9380 49.35 
9390 49.4 
9400 49.4 
9410 49.29 
9420 49.24 
9430 49.19 
9440 49.19 
9450 49.19 
9460 49.14 
9470 49.09 
9480 49.09 
9490 49.09 
9500 49.04 
9510 49.15 
9520 49.15 
9530 49.2 
9540 49.2 
9550 49.15 
9560 49.2 
9570 49.25 
9580 49.25 
9590 49.25 
9600 49.3 
9610 49.19 
9620 49.24 
9630 49.24 
9640 49.24 
9650 49.18 
9660 49.18 
9670 49.13 
9680 49.13 
9690 49.13 
9700 49.13 
9710 49.24 
9720 49.24 
9730 49.24 
9740 49.24 
9750 49.35 
9760 49.35 
9770 49.4 
9780 49.4 
9790 49.4 
9800 49.35 
9810 49.35 
9820 49.35 
9830 49.3 
9840 49.3 
9850 49.19 
9860 49.19 
9870 49.14 
9880 49.09 
9890 49.09 
9900 49.09 
9910 49.09 
9920 49.09 
9930 49.14 
9940 49.14 
9950 49.25 
9960 49.25 
9970 49.3 
9980 49.3 
9990 49.3 
10000 49.35 
10010 49.35 
10020 49.35 
10030 49.3 
10040 49.3 
10050 49.3 
10060 49.3 
10070 49.25 
10080 49.3 
10090 49.3 
10100 49.3 
10110 49.3 
10120 49.3 
10130 49.35 
10140 49.35 
10150 49.35 
10160 49.35 
10170 49.4 
10180 49.4 
10190 49.4 
10200 49.4 
10210 49.4 
10220 49.4 
10230 49.4 
10240 49.4 
10250 49.4 
10260 49.4 
10270 49.4 
10280 49.4 
10290 49.35 
10300 49.35 
10310 49.35 
10320 49.35 
10330 49.35 
10340 49.35 
10350 49.35 
10360 49.35 
10370 49.35 
10380 49.35 
10390 49.4 
10400 49.4 
10410 49.4 
10420 49.4 
10430 49.4 
10440 49.35 
10450 49.35 
10460 49.35 
10470 49.35 
10480 49.3 
10490 49.3 
10500 49.3 
10510 49.3 
10520 49.3 
10530 49.3 
10540 49.35 
10550 49.35 
10560 49.35 
10570 49.35 
10580 49.4 
10590 49.4 
10600 49.4 
10610 49.4 
10620 49.35 
10630 49.3 
10640 49.3 
10650 49.3 
10660 49.3 
10670 49.3 
10680 49.19 
10690 49.19 
10700 49.19 
10710 49.19 
10720 49.13 
10730 49.18 
10740 49.18 
10750 49.18 
10760 49.13 
10770 49.08 
10780 49.19 
10790 49.19 
10800 49.19 
10810 49.19 
10820 49.25 
10830 49.14 
10840 49.14 
10850 49.14 
10860 49.19 
10870 49.24 
10880 49.24 
10890 49.24 
10900 49.24 
10910 49.24 
10920 49.19 
10930 49.19 
10940 49.25 
10950 49.14 
10960 49.14 
10970 49.14 
10980 49.19 
10990 49.24 
11000 49.24 