10 42.22 
20 46.94 
30 47 
40 47.06 
50 47.06 
60 47.06 
70 47.06 
80 47.22 
90 47.32 
100 47.32 
110 47.32 
120 47.32 
130 47.26 
140 47.2 
150 47.2 
160 47.2 
170 47.2 
180 47.2 
190 47.2 
200 47.2 
210 47.2 
220 47.2 
230 47.2 
240 47.2 
250 47.2 
260 47.2 
270 47.2 
280 47.2 
290 47.2 
300 47.2 
310 47.2 
320 47.2 
330 47.2 
340 47.2 
350 47.2 
360 47.2 
370 47.2 
380 47.2 
390 47.2 
400 47.2 
410 47.2 
420 47.2 
430 47.2 
440 47.2 
450 47.2 
460 47.2 
470 47.2 
480 47.26 
490 47.26 
500 47.32 
510 47.32 
520 47.38 
530 47.44 
540 47.44 
550 47.44 
560 47.5 
570 47.56 
580 47.56 
590 47.56 
600 47.5 
610 47.5 
620 47.44 
630 47.38 
640 47.44 
650 47.44 
660 47.44 
670 47.38 
680 47.32 
690 47.32 
700 47.38 
710 47.38 
720 47.38 
730 47.38 
740 47.32 
750 47.38 
760 47.32 
770 47.38 
780 47.44 
790 47.44 
800 47.44 
810 47.5 
820 47.5 
830 47.5 
840 47.5 
850 47.5 
860 47.5 
870 47.44 
880 47.38 
890 47.38 
900 47.32 
910 47.26 
920 47.26 
930 47.26 
940 47.26 
950 47.2 
960 47.2 
970 47.26 
980 47.26 
990 47.26 
1000 47.32 
1010 47.32 
1020 47.38 
1030 47.44 
1040 47.5 
1050 47.56 
1060 47.56 
1070 47.5 
1080 47.45 
1090 47.35 
1100 47.29 
1110 47.35 
1120 47.29 
1130 47.23 
1140 47.17 
1150 47.11 
1160 47.11 
1170 47.11 
1180 47.16 
1190 47.26 
1200 47.26 
1210 47.2 
1220 47.2 
1230 47.2 
1240 47.2 
1250 47.2 
1260 47.26 
1270 47.26 
1280 47.26 
1290 47.26 
1300 47.32 
1310 47.32 
1320 47.32 
1330 47.32 
1340 47.32 
1350 47.32 
1360 47.21 
1370 47.21 
1380 47.21 
1390 47.21 
1400 47.15 
1410 47.15 
1420 47.15 
1430 47.15 
1440 47.15 
1450 47.15 
1460 47.2 
1470 47.2 
1480 47.2 
1490 47.2 
1500 47.2 
1510 47.2 
1520 47.26 
1530 47.26 
1540 47.26 
1550 47.26 
1560 47.26 
1570 47.26 
1580 47.26 
1590 47.26 
1600 47.26 
1610 47.26 
1620 47.2 
1630 47.2 
1640 47.2 
1650 47.15 
1660 47.21 
1670 47.21 
1680 47.21 
1690 47.21 
1700 47.27 
1710 47.22 
1720 47.22 
1730 47.22 
1740 47.22 
1750 47.27 
1760 47.27 
1770 47.27 
1780 47.27 
1790 47.27 
1800 47.21 
1810 47.26 
1820 47.26 
1830 47.26 
1840 47.26 
1850 47.26 
1860 47.2 
1870 47.2 
1880 47.26 
1890 47.26 
1900 47.26 
1910 47.26 
1920 47.26 
1930 47.26 
1940 47.32 
1950 47.32 
1960 47.38 
1970 47.38 
1980 47.32 
1990 47.38 
2000 47.38 
2010 47.38 
2020 47.38 
2030 47.38 
2040 47.32 
2050 47.32 
2060 47.26 
2070 47.26 
2080 47.26 
2090 47.2 
2100 47.2 
2110 47.2 
2120 47.2 
2130 47.2 
2140 47.2 
2150 47.26 
2160 47.26 
2170 47.26 
2180 47.32 
2190 47.32 
2200 47.32 
2210 47.32 
2220 47.38 
2230 47.38 
2240 47.44 
2250 47.38 
2260 47.38 
2270 47.38 
2280 47.32 
2290 47.32 
2300 47.32 
2310 47.38 
2320 47.38 
2330 47.44 
2340 47.38 
2350 47.38 
2360 47.44 
2370 47.44 
2380 47.44 
2390 47.5 
2400 47.5 
2410 47.44 
2420 47.44 
2430 47.44 
2440 47.44 
2450 47.44 
2460 47.38 
2470 47.38 
2480 47.38 
2490 47.32 
2500 47.38 
2510 47.44 
2520 47.38 
2530 47.32 
2540 47.32 
2550 47.32 
2560 47.32 
2570 47.32 
2580 47.32 
2590 47.38 
2600 47.32 
2610 47.26 
2620 47.26 
2630 47.32 
2640 47.32 
2650 47.38 
2660 47.33 
2670 47.33 
2680 47.33 
2690 47.27 
2700 47.27 
2710 47.27 
2720 47.33 
2730 47.27 
2740 47.27 
2750 47.21 
2760 47.26 
2770 47.26 
2780 47.32 
2790 47.38 
2800 47.38 
2810 47.38 
2820 47.38 
2830 47.38 
2840 47.38 
2850 47.38 
2860 47.38 
2870 47.38 
2880 47.38 
2890 47.38 
2900 47.44 
2910 47.44 
2920 47.44 
2930 47.44 
2940 47.44 
2950 47.44 
2960 47.44 
2970 47.44 
2980 47.38 
2990 47.32 
3000 47.26 
3010 47.26 
3020 47.2 
3030 47.2 
3040 47.2 
3050 47.2 
3060 47.2 
3070 47.2 
3080 47.2 
3090 47.26 
3100 47.26 
3110 47.32 
3120 47.38 
3130 47.44 
3140 47.44 
3150 47.44 
3160 47.44 
3170 47.44 
3180 47.5 
3190 47.44 
3200 47.44 
3210 47.38 
3220 47.32 
3230 47.26 
3240 47.26 
3250 47.21 
3260 47.21 
3270 47.21 
3280 47.15 
3290 47.21 
3300 47.21 
3310 47.21 
3320 47.21 
3330 47.27 
3340 47.27 
3350 47.38 
3360 47.44 
3370 47.39 
3380 47.39 
3390 47.33 
3400 47.39 
3410 47.39 
3420 47.45 
3430 47.39 
3440 47.39 
3450 47.33 
3460 47.22 
3470 47.27 
3480 47.33 
3490 47.33 
3500 47.27 
3510 47.33 
3520 47.27 
3530 47.27 
3540 47.33 
3550 47.33 
3560 47.44 
3570 47.5 
3580 47.44 
3590 47.44 
3600 47.5 
3610 47.44 
3620 47.44 
3630 47.44 
3640 47.44 
3650 47.5 
3660 47.44 
3670 47.38 
3680 47.38 
3690 47.38 
3700 47.32 
3710 47.38 
3720 47.38 
3730 47.38 
3740 47.32 
3750 47.32 
3760 47.38 
3770 47.38 
3780 47.49 
3790 47.49 
3800 47.49 
3810 47.49 
3820 47.49 
3830 47.49 
3840 47.49 
3850 47.49 
3860 47.43 
3870 47.49 
3880 47.38 
3890 47.38 
3900 47.38 
3910 47.32 
3920 47.32 
3930 47.32 
3940 47.32 
3950 47.26 
3960 47.26 
3970 47.2 
3980 47.2 
3990 47.2 
4000 47.2 
4010 47.2 
4020 47.2 
4030 47.2 
4040 47.26 
4050 47.26 
4060 47.32 
4070 47.38 
4080 47.38 
4090 47.44 
4100 47.44 
4110 47.44 
4120 47.5 
4130 47.5 
4140 47.5 
4150 47.5 
4160 47.44 
4170 47.38 
4180 47.38 
4190 47.38 
4200 47.38 
4210 47.44 
4220 47.38 
4230 47.44 
4240 47.38 
4250 47.38 
4260 47.38 
4270 47.38 
4280 47.38 
4290 47.32 
4300 47.32 
4310 47.26 
4320 47.26 
4330 47.2 
4340 47.2 
4350 47.2 
4360 47.2 
4370 47.2 
4380 47.2 
4390 47.2 
4400 47.2 
4410 47.2 
4420 47.26 
4430 47.32 
4440 47.32 
4450 47.32 
4460 47.38 
4470 47.38 
4480 47.44 
4490 47.44 
4500 47.44 
4510 47.44 
4520 47.44 
4530 47.44 
4540 47.44 
4550 47.5 
4560 47.44 
4570 47.5 
4580 47.5 
4590 47.5 
4600 47.56 
4610 47.56 
4620 47.5 
4630 47.5 
4640 47.5 
4650 47.44 
4660 47.5 
4670 47.5 
4680 47.44 
4690 47.44 
4700 47.38 
4710 47.44 
4720 47.5 
4730 47.44 
4740 47.44 
4750 47.44 
4760 47.44 
4770 47.28 
4780 47.28 
4790 47.34 
4800 47.34 
4810 47.28 
4820 47.22 
4830 47.22 
4840 47.28 
4850 47.28 
4860 47.22 
4870 47.32 
4880 47.32 
4890 47.26 
4900 47.32 
4910 47.32 
4920 47.43 
4930 47.43 
4940 47.37 
4950 47.37 
4960 47.37 
4970 47.37 
4980 47.37 
4990 47.43 
5000 47.37 
5010 47.43 
5020 47.32 
5030 47.32 
5040 47.32 
5050 47.32 
5060 47.32 
5070 47.32 
5080 47.38 
5090 47.38 
5100 47.38 
5110 47.32 
5120 47.32 
5130 47.38 
5140 47.38 
5150 47.38 
5160 47.44 
5170 47.44 
5180 47.44 
5190 47.38 
5200 47.38 
5210 47.38 
5220 47.38 
5230 47.32 
5240 47.32 
5250 47.38 
5260 47.43 
5270 47.49 
5280 47.43 
5290 47.43 
5300 47.49 
5310 47.49 
5320 47.55 
5330 47.55 
5340 47.55 
5350 47.55 
5360 47.5 
5370 47.44 
5380 47.44 
5390 47.44 
5400 47.44 
5410 47.5 
5420 47.5 
5430 47.56 
5440 47.62 
5450 47.56 
5460 47.56 
5470 47.62 
5480 47.62 
5490 47.62 
5500 47.62 
5510 47.56 
5520 47.56 
5530 47.56 
5540 47.56 
5550 47.56 
5560 47.5 
5570 47.44 
5580 47.44 
5590 47.44 
5600 47.38 
5610 47.44 
5620 47.38 
5630 47.38 
5640 47.38 
5650 47.44 
5660 47.44 
5670 47.44 
5680 47.44 
5690 47.44 
5700 47.44 
5710 47.44 
5720 47.44 
5730 47.38 
5740 47.38 
5750 47.38 
5760 47.44 
5770 47.44 
5780 47.44 
5790 47.44 
5800 47.44 
5810 47.38 
5820 47.38 
5830 47.38 
5840 47.32 
5850 47.32 
5860 47.26 
5870 47.26 
5880 47.26 
5890 47.26 
5900 47.26 
5910 47.26 
5920 47.32 
5930 47.32 
5940 47.27 
5950 47.21 
5960 47.21 
5970 47.27 
5980 47.27 
5990 47.33 
6000 47.39 
6010 47.39 
6020 47.39 
6030 47.39 
6040 47.44 
6050 47.44 
6060 47.44 
6070 47.44 
6080 47.44 
6090 47.38 
6100 47.38 
6110 47.44 
6120 47.38 
6130 47.38 
6140 47.38 
6150 47.38 
6160 47.38 
6170 47.32 
6180 47.32 
6190 47.32 
6200 47.26 
6210 47.2 
6220 47.2 
6230 47.2 
6240 47.26 
6250 47.26 
6260 47.32 
6270 47.32 
6280 47.32 
6290 47.32 
6300 47.32 
6310 47.38 
6320 47.38 
6330 47.44 
6340 47.49 
6350 47.55 
6360 47.49 
6370 47.49 
6380 47.55 
6390 47.61 
6400 47.61 
6410 47.55 
6420 47.55 
6430 47.49 
6440 47.44 
6450 47.38 
6460 47.38 
6470 47.38 
6480 47.32 
6490 47.32 
6500 47.32 
6510 47.38 
6520 47.38 
6530 47.38 
6540 47.32 
6550 47.32 
6560 47.32 
6570 47.32 
6580 47.32 
6590 47.26 
6600 47.32 
6610 47.26 
6620 47.32 
6630 47.38 
6640 47.38 
6650 47.38 
6660 47.38 
6670 47.38 
6680 47.38 
6690 47.44 
6700 47.44 
6710 47.5 
6720 47.5 
6730 47.5 
6740 47.5 
6750 47.5 
6760 47.5 
6770 47.5 
6780 47.56 
6790 47.56 
6800 47.5 
6810 47.44 
6820 47.38 
6830 47.32 
6840 47.32 
6850 47.32 
6860 47.32 
6870 47.32 
6880 47.26 
6890 47.2 
6900 47.2 
6910 47.15 
6920 47.21 
6930 47.27 
6940 47.33 
6950 47.39 
6960 47.5 
6970 47.5 
6980 47.5 
6990 47.5 
7000 47.5 
7010 47.55 
7020 47.49 
7030 47.49 
7040 47.49 
7050 47.43 
7060 47.38 
7070 47.38 
7080 47.49 
7090 47.6 
7100 47.6 
7110 47.6 
7120 47.66 
7130 47.6 
7140 47.6 
7150 47.71 
7160 47.71 
7170 47.71 
7180 47.6 
7190 47.49 
7200 47.49 
7210 47.49 
7220 47.49 
7230 47.55 
7240 47.55 
7250 47.44 
7260 47.44 
7270 47.44 
7280 47.5 
7290 47.5 
7300 47.56 
7310 47.62 
7320 47.56 
7330 47.5 
7340 47.55 
7350 47.55 
7360 47.55 
7370 47.55 
7380 47.55 
7390 47.55 
7400 47.49 
7410 47.43 
7420 47.43 
7430 47.43 
7440 47.38 
7450 47.38 
7460 47.38 
7470 47.44 
7480 47.38 
7490 47.49 
7500 47.55 
7510 47.61 
7520 47.61 
7530 47.67 
7540 47.61 
7550 47.67 
7560 47.67 
7570 47.67 
7580 47.67 
7590 47.56 
7600 47.56 
7610 47.56 
7620 47.56 
7630 47.5 
7640 47.5 
7650 47.44 
7660 47.38 
7670 47.32 
7680 47.43 
7690 47.49 
7700 47.49 
7710 47.49 
7720 47.49 
7730 47.49 
7740 47.49 
7750 47.55 
7760 47.55 
7770 47.55 
7780 47.44 
7790 47.44 
7800 47.38 
7810 47.38 
7820 47.49 
7830 47.55 
7840 47.55 
7850 47.55 
7860 47.61 
7870 47.67 
7880 47.67 
7890 47.61 
7900 47.61 
7910 47.61 
7920 47.56 
7930 47.61 
7940 47.67 
7950 47.61 
7960 47.55 
7970 47.49 
7980 47.49 
7990 47.6 
8000 47.6 
8010 47.54 
8020 47.48 
8030 47.43 
8040 47.37 
8050 47.37 
8060 47.37 
8070 47.43 
8080 47.49 
8090 47.44 
8100 47.5 
8110 47.61 
8120 47.61 
8130 47.55 
8140 47.55 
8150 47.55 
8160 47.55 
8170 47.49 
8180 47.43 
8190 47.43 
8200 47.43 
8210 47.38 
8220 47.38 
8230 47.38 
8240 47.44 
8250 47.44 
8260 47.44 
8270 47.5 
8280 47.56 
8290 47.56 
8300 47.56 
8310 47.56 
8320 47.56 
8330 47.62 
8340 47.62 
8350 47.62 
8360 47.62 
8370 47.62 
8380 47.62 
8390 47.56 
8400 47.56 
8410 47.5 
8420 47.5 
8430 47.5 
8440 47.5 
8450 47.5 
8460 47.56 
8470 47.56 
8480 47.5 
8490 47.61 
8500 47.55 
8510 47.61 
8520 47.67 
8530 47.67 
8540 47.61 
8550 47.67 
8560 47.61 
8570 47.55 
8580 47.55 
8590 47.5 
8600 47.5 
8610 47.5 
8620 47.5 
8630 47.5 
8640 47.56 
8650 47.5 
8660 47.5 
8670 47.5 
8680 47.56 
8690 47.5 
8700 47.5 
8710 47.44 
8720 47.38 
8730 47.32 
8740 47.26 
8750 47.26 
8760 47.26 
8770 47.32 
8780 47.26 
8790 47.26 
8800 47.32 
8810 47.32 
8820 47.38 
8830 47.44 
8840 47.5 
8850 47.5 
8860 47.56 
8870 47.56 
8880 47.62 
8890 47.62 
8900 47.56 
8910 47.62 
8920 47.56 
8930 47.5 
8940 47.5 
8950 47.61 
8960 47.55 
8970 47.49 
8980 47.43 
8990 47.49 
9000 47.55 
9010 47.49 
9020 47.49 
9030 47.49 
9040 47.43 
9050 47.32 
9060 47.32 
9070 47.38 
9080 47.44 
9090 47.44 
9100 47.44 
9110 47.44 
9120 47.44 
9130 47.5 
9140 47.5 
9150 47.5 
9160 47.5 
9170 47.5 
9180 47.44 
9190 47.44 
9200 47.38 
9210 47.44 
9220 47.44 
9230 47.38 
9240 47.38 
9250 47.44 
9260 47.44 
9270 47.38 
9280 47.44 
9290 47.44 
9300 47.5 
9310 47.5 
9320 47.61 
9330 47.67 
9340 47.67 
9350 47.61 
9360 47.61 
9370 47.61 
9380 47.55 
9390 47.6 
9400 47.6 
9410 47.6 
9420 47.55 
9430 47.55 
9440 47.61 
9450 47.67 
9460 47.67 
9470 47.67 
9480 47.67 
9490 47.56 
9500 47.56 
9510 47.5 
9520 47.44 
9530 47.44 
9540 47.38 
9550 47.32 
9560 47.32 
9570 47.32 
9580 47.32 
9590 47.32 
9600 47.37 
9610 47.37 
9620 47.37 
9630 47.37 
9640 47.37 
9650 47.37 
9660 47.37 
9670 47.37 
9680 47.48 
9690 47.54 
9700 47.49 
9710 47.49 
9720 47.49 
9730 47.43 
9740 47.43 
9750 47.49 
9760 47.55 
9770 47.55 
9780 47.5 
9790 47.44 
9800 47.38 
9810 47.44 
9820 47.44 
9830 47.5 
9840 47.61 
9850 47.55 
9860 47.49 
9870 47.55 
9880 47.55 
9890 47.55 
9900 47.55 
9910 47.49 
9920 47.55 
9930 47.49 
9940 47.44 
9950 47.44 
9960 47.5 
9970 47.5 
9980 47.44 
9990 47.44 
10000 47.5 
10010 47.61 
10020 47.61 
10030 47.67 
10040 47.67 
10050 47.73 
10060 47.78 
10070 47.78 
10080 47.89 
10090 47.95 
10100 47.95 
10110 47.95 
10120 47.95 
10130 48 
10140 48.05 
10150 48.05 
10160 48 
10170 48.05 
10180 48 
10190 48 
10200 48 
10210 48 
10220 48 
10230 47.89 
10240 47.89 
10250 47.89 
10260 47.89 
10270 47.84 
10280 47.84 
10290 47.84 
10300 47.89 
10310 47.89 
10320 47.89 
10330 47.95 
10340 47.95 
10350 48 
10360 48 
10370 48.05 
10380 48.1 
10390 48.1 
10400 48.05 
10410 47.94 
10420 47.99 
10430 47.93 
10440 47.82 
10450 47.77 
10460 47.77 
10470 47.72 
10480 47.61 
10490 47.61 
10500 47.61 
10510 47.67 
10520 47.62 
10530 47.68 
10540 47.68 
10550 47.68 
10560 47.68 
10570 47.68 
10580 47.74 
10590 47.74 
10600 47.74 
10610 47.74 
10620 47.74 
10630 47.74 
10640 47.74 
10650 47.68 
10660 47.62 
10670 47.62 
10680 47.56 
10690 47.5 
10700 47.44 
10710 47.38 
10720 47.38 
10730 47.32 
10740 47.38 
10750 47.44 
10760 47.5 
10770 47.5 
10780 47.56 
10790 47.67 
10800 47.78 
10810 47.89 
10820 47.89 
10830 47.89 
10840 47.89 
10850 47.94 
10860 47.94 
10870 47.88 
10880 47.88 
10890 47.77 
10900 47.72 
10910 47.67 
10920 47.67 
10930 47.78 
10940 47.89 
10950 47.89 
10960 47.89 
10970 47.89 
10980 47.94 
10990 47.94 
11000 47.88 