56.9
54.2
52.6
51.0
50.5
48.9
47.8
47.8
47.8
46.7
46.7
46.2
45.6
45.6
45.1
45.1
45.1
45.1
45.1
45.1
45.1
44.5
45.1
45.1
45.1
45.1
45.1
45.1
45.1
45.1
45.1
45.1
44.5
45.1
44.5
44.5
45.1
45.1
45.1
45.1
45.1
45.1
44.5
45.1
44.5
44.0
44.0
44.5
45.1
44.5
44.5
44.5
44.5
44.5
44.0
45.1
45.1
45.1
45.1
44.5
45.1
44.5
44.0
44.0
45.1
44.5
45.1
45.1
45.1
45.1
45.1
45.1
45.1
45.1
45.1
45.1
45.1
45.1
45.1
45.6
45.1
45.1
45.1
45.1
45.1
45.1
45.1
45.1
45.1
45.1
45.1
45.6
45.1
45.1
45.6
45.1
45.1
45.1
45.1
45.1
45.1
45.1
45.1
45.1
45.1
45.1
45.1
45.1
45.1
44.5
45.1
45.1
45.1
45.1
45.1
45.1
45.1
45.1
45.1
45.1
45.1
45.1
45.1
45.1
45.1
45.1
45.6
45.1
45.1
45.1
45.1
45.1
45.1
45.1
45.6
45.1
45.1
45.1
45.1
45.1
46.2
45.1
45.1
45.1
45.1
45.6
45.6
45.1
45.1
46.2