65.5
62.3
59.6
56.9
55.8
54.8
53.7
53.2
52.6
52.1
51.5
51.5
51.5
51.5
50.5
50.5
50.5
50.5
50.5
49.9
49.9
49.9
49.9
49.9
49.9
50.5
49.9
49.9
49.9
49.9
49.4
49.9
49.4
49.9
49.9
49.9
49.9
49.9
49.9
49.9
49.9
49.4
49.9
49.9
49.4
49.9
49.9
49.4
49.4
49.9
49.9
49.4
50.5
50.5
49.4
49.9
49.9
49.4
49.9
49.4
49.4
49.9
49.4
49.4
49.4
49.9
49.9
49.9
50.5
49.9
50.5
49.9
49.9
49.9
50.5
49.4
49.4
49.9
50.5
50.5
50.5
50.5
50.5
50.5
50.5
50.5
50.5
50.5
50.5
50.5
50.5
50.5
50.5
50.5
50.5
50.5
50.5
50.5
50.5
50.5
50.5
50.5
50.5
50.5
50.5
49.9
50.5
50.5
51.0
50.5
50.5
50.5
50.5
50.5
49.9
50.5
50.5
50.5
51.0
50.5
50.5
50.5
50.5
49.9
49.9
49.9
49.9
49.9
49.4
50.5
50.5
50.5
50.5
50.5
50.5
50.5
50.5
50.5
50.5
50.5
51.5
51.0
51.0
51.0
50.5
51.5
50.5
51.0
50.5
50.5