10 48.01 
20 53.27 
30 53.16 
40 53.05 
50 52.94 
60 52.72 
70 52.67 
80 52.5 
90 52.34 
100 52.29 
110 52.12 
120 52.07 
130 52.02 
140 51.91 
150 51.86 
160 51.92 
170 51.92 
180 51.98 
190 51.98 
200 51.98 
210 51.98 
220 51.92 
230 51.86 
240 51.86 
250 51.86 
260 51.8 
270 51.74 
280 51.68 
290 51.62 
300 51.56 
310 51.56 
320 51.56 
330 51.56 
340 51.56 
350 51.56 
360 51.56 
370 51.56 
380 51.62 
390 51.68 
400 51.74 
410 51.74 
420 51.8 
430 51.86 
440 51.86 
450 51.86 
460 51.86 
470 51.92 
480 51.86 
490 51.86 
500 51.8 
510 51.86 
520 51.86 
530 51.8 
540 51.86 
550 51.86 
560 51.92 
570 51.92 
580 51.98 
590 51.98 
600 51.98 
610 51.98 
620 51.98 
630 52.04 
640 51.98 
650 51.98 
660 51.98 
670 51.92 
680 51.86 
690 51.86 
700 51.86 
710 51.86 
720 51.8 
730 51.8 
740 51.86 
750 51.8 
760 51.74 
770 51.74 
780 51.74 
790 51.74 
800 51.74 
810 51.68 
820 51.68 
830 51.62 
840 51.56 
850 51.56 
860 51.56 
870 51.56 
880 51.56 
890 51.5 
900 51.56 
910 51.62 
920 51.62 
930 51.68 
940 51.68 
950 51.74 
960 51.74 
970 51.74 
980 51.74 
990 51.8 
1000 51.74 
1010 51.68 
1020 51.68 
1030 51.62 
1040 51.68 
1050 51.68 
1060 51.68 
1070 51.68 
1080 51.68 
1090 51.62 
1100 51.68 
1110 51.68 
1120 51.68 
1130 51.74 
1140 51.74 
1150 51.68 
1160 51.68 
1170 51.68 
1180 51.68 
1190 51.68 
1200 51.68 
1210 51.74 
1220 51.8 
1230 51.8 
1240 51.74 
1250 51.8 
1260 51.86 
1270 51.92 
1280 51.98 
1290 51.98 
1300 51.92 
1310 51.86 
1320 51.86 
1330 51.8 
1340 51.86 
1350 51.86 
1360 51.8 
1370 51.74 
1380 51.74 
1390 51.8 
1400 51.86 
1410 51.92 
1420 51.97 
1430 52.03 
1440 52.03 
1450 52.03 
1460 52.09 
1470 52.09 
1480 52.03 
1490 52.03 
1500 52.03 
1510 52.08 
1520 51.97 
1530 51.97 
1540 51.97 
1550 51.97 
1560 51.91 
1570 51.97 
1580 52.03 
1590 52.03 
1600 52.08 
1610 52.03 
1620 52.14 
1630 52.08 
1640 52.08 
1650 52.08 
1660 52.14 
1670 52.19 
1680 52.19 
1690 52.13 
1700 52.08 
1710 52.13 
1720 52.08 
1730 52.19 
1740 52.13 
1750 52.13 
1760 52.18 
1770 52.18 
1780 52.18 
1790 52.24 
1800 52.29 
1810 52.24 
1820 52.29 
1830 52.29 
1840 52.35 
1850 52.35 
1860 52.35 
1870 52.3 
1880 52.3 
1890 52.24 
1900 52.19 
1910 52.13 
1920 52.08 
1930 52.03 
1940 52.08 
1950 52.08 
1960 52.03 
1970 52.08 
1980 52.08 
1990 52.14 
2000 52.08 
2010 52.14 
2020 52.19 
2030 52.19 
2040 52.19 
2050 52.24 
2060 52.29 
2070 52.29 
2080 52.34 
2090 52.39 
2100 52.5 
2110 52.5 
2120 52.45 
2130 52.5 
2140 52.5 
2150 52.39 
2160 52.39 
2170 52.28 
2180 52.28 
2190 52.23 
2200 52.18 
2210 52.23 
2220 52.28 
2230 52.23 
2240 52.18 
2250 52.24 
2260 52.19 
2270 52.25 
2280 52.25 
2290 52.25 
2300 52.25 
2310 52.25 
2320 52.2 
2330 52.2 
2340 52.25 
2350 52.25 
2360 52.3 
2370 52.35 
2380 52.3 
2390 52.3 
2400 52.3 
2410 52.25 
2420 52.19 
2430 52.24 
2440 52.19 
2450 52.24 
2460 52.24 
2470 52.24 
2480 52.29 
2490 52.34 
2500 52.34 
2510 52.39 
2520 52.45 
2530 52.4 
2540 52.45 
2550 52.45 
2560 52.45 
2570 52.4 
2580 52.4 
2590 52.35 
2600 52.35 
2610 52.3 
2620 52.3 
2630 52.35 
2640 52.3 
2650 52.3 
2660 52.25 
2670 52.3 
2680 52.3 
2690 52.3 
2700 52.3 
2710 52.35 
2720 52.35 
2730 52.3 
2740 52.3 
2750 52.3 
2760 52.3 
2770 52.25 
2780 52.2 
2790 52.2 
2800 52.25 
2810 52.2 
2820 52.25 
2830 52.25 
2840 52.25 
2850 52.25 
2860 52.25 
2870 52.25 
2880 52.25 
2890 52.25 
2900 52.2 
2910 52.2 
2920 52.15 
2930 52.09 
2940 52.09 
2950 52.04 
2960 52.04 
2970 52.04 
2980 52.04 
2990 52.04 
3000 52.04 
3010 52.04 
3020 52.04 
3030 52.1 
3040 52.1 
3050 52.15 
3060 52.09 
3070 52.09 
3080 52.09 
3090 52.09 
3100 52.09 
3110 52.03 
3120 52.03 
3130 52.03 
3140 52.03 
3150 51.98 
3160 52.09 
3170 52.03 
3180 52.08 
3190 52.08 
3200 52.08 
3210 52.14 
3220 52.14 
3230 52.14 
3240 52.14 
3250 52.08 
3260 52.03 
3270 52.09 
3280 52.04 
3290 52.04 
3300 52.04 
3310 52.04 
3320 52.04 
3330 52.04 
3340 52.09 
3350 52.15 
3360 52.2 
3370 52.25 
3380 52.3 
3390 52.35 
3400 52.35 
3410 52.4 
3420 52.4 
3430 52.4 
3440 52.35 
3450 52.29 
3460 52.29 
3470 52.29 
3480 52.18 
3490 52.13 
3500 52.13 
3510 52.13 
3520 52.13 
3530 52.13 
3540 52.07 
3550 52.13 
3560 52.08 
3570 52.03 
3580 52.09 
3590 52.09 
3600 52.03 
3610 51.98 
3620 51.98 
3630 51.98 
3640 52.04 
3650 52.04 
3660 52.09 
3670 52.14 
3680 52.14 
3690 52.14 
3700 52.25 
3710 52.3 
3720 52.3 
3730 52.3 
3740 52.35 
3750 52.4 
3760 52.4 
3770 52.35 
3780 52.35 
3790 52.35 
3800 52.41 
3810 52.41 
3820 52.41 
3830 52.41 
3840 52.41 
3850 52.36 
3860 52.36 
3870 52.36 
3880 52.36 
3890 52.41 
3900 52.35 
3910 52.35 
3920 52.35 
3930 52.4 
3940 52.35 
3950 52.35 
3960 52.35 
3970 52.4 
3980 52.4 
3990 52.4 
4000 52.4 
4010 52.4 
4020 52.45 
4030 52.4 
4040 52.4 
4050 52.34 
4060 52.23 
4070 52.18 
4080 52.18 
4090 52.07 
4100 52.07 
4110 52.02 
4120 51.97 
4130 51.91 
4140 51.91 
4150 51.97 
4160 52.03 
4170 52.03 
4180 52.08 
4190 52.19 
4200 52.14 
4210 52.14 
4220 52.19 
4230 52.3 
4240 52.3 
4250 52.3 
4260 52.3 
4270 52.24 
4280 52.19 
4290 52.14 
4300 52.14 
4310 52.08 
4320 52.03 
4330 51.98 
4340 51.98 
4350 51.98 
4360 51.98 
4370 52.09 
4380 52.14 
4390 52.14 
4400 52.14 
4410 52.2 
4420 52.2 
4430 52.14 
4440 52.08 
4450 52.08 
4460 52.02 
4470 51.97 
4480 51.86 
4490 51.91 
4500 51.91 
4510 51.91 
4520 51.91 
4530 51.91 
4540 51.97 
4550 52.02 
4560 52.02 
4570 52.02 
4580 52.08 
4590 52.03 
4600 52.08 
4610 52.08 
4620 52.13 
4630 52.19 
4640 52.24 
4650 52.24 
4660 52.24 
4670 52.24 
4680 52.29 
4690 52.34 
4700 52.29 
4710 52.34 
4720 52.34 
4730 52.34 
4740 52.34 
4750 52.29 
4760 52.35 
4770 52.35 
4780 52.3 
4790 52.19 
4800 52.19 
4810 52.19 
4820 52.14 
4830 52.14 
4840 52.09 
4850 52.09 
4860 52.03 
4870 51.97 
4880 51.97 
4890 52.03 
4900 51.97 
4910 51.92 
4920 51.97 
4930 51.97 
4940 51.97 
4950 51.97 
4960 52.08 
4970 52.14 
4980 52.14 
4990 52.19 
5000 52.25 
5010 52.3 
5020 52.3 
5030 52.3 
5040 52.24 
5050 52.18 
5060 52.13 
5070 52.13 
5080 52.18 
5090 52.07 
5100 52.07 
5110 51.96 
5120 51.91 
5130 51.91 
5140 51.97 
5150 52.03 
5160 51.97 
5170 51.97 
5180 51.92 
5190 51.98 
5200 51.98 
5210 52.04 
5220 51.98 
5230 52.03 
5240 52.03 
5250 51.97 
5260 52.03 
5270 52.03 
5280 52.08 
5290 52.08 
5300 52.08 
5310 52.08 
5320 52.14 
5330 52.09 
5340 52.09 
5350 52.15 
5360 52.09 
5370 52.09 
5380 52.04 
5390 52.04 
5400 52.09 
5410 52.09 
5420 52.09 
5430 52.09 
5440 52.09 
5450 52.14 
5460 52.2 
5470 52.2 
5480 52.2 
5490 52.2 
5500 52.15 
5510 52.2 
5520 52.2 
5530 52.14 
5540 52.19 
5550 52.19 
5560 52.24 
5570 52.24 
5580 52.24 
5590 52.24 
5600 52.29 
5610 52.18 
5620 52.18 
5630 52.24 
5640 52.24 
5650 52.19 
5660 52.19 
5670 52.19 
5680 52.13 
5690 52.07 
5700 52.07 
5710 52.18 
5720 52.18 
5730 52.18 
5740 52.13 
5750 52.18 
5760 52.13 
5770 52.07 
5780 52.07 
5790 52.18 
5800 52.18 
5810 52.07 
5820 52.07 
5830 52.07 
5840 52.07 
5850 52.02 
5860 51.96 
5870 51.96 
5880 52.07 
5890 52.02 
5900 52.02 
5910 52.08 
5920 52.08 
5930 52.08 
5940 52.08 
5950 52.13 
5960 52.13 
5970 52.24 
5980 52.19 
5990 52.19 
6000 52.14 
6010 52.14 
6020 52.14 
6030 52.08 
6040 52.02 
6050 51.91 
6060 51.97 
6070 51.86 
6080 51.8 
6090 51.85 
6100 51.85 
6110 51.79 
6120 51.79 
6130 51.85 
6140 51.91 
6150 51.97 
6160 51.97 
6170 52.03 
6180 52.09 
6190 52.04 
6200 52.04 
6210 52.1 
6220 52.1 
6230 52.1 
6240 52.1 
6250 52.1 
6260 52.1 
6270 52.15 
6280 52.15 
6290 52.15 
6300 52.15 
6310 52.15 
6320 52.15 
6330 52.09 
6340 52.09 
6350 52.09 
6360 52.14 
6370 52.14 
6380 52.14 
6390 52.19 
6400 52.19 
6410 52.19 
6420 52.19 
6430 52.25 
6440 52.25 
6450 52.3 
6460 52.3 
6470 52.3 
6480 52.24 
6490 52.13 
6500 52.13 
6510 52.07 
6520 52.07 
6530 52.07 
6540 52.07 
6550 52.02 
6560 51.97 
6570 51.86 
6580 51.92 
6590 51.98 
6600 51.98 
6610 52.04 
6620 52.04 
6630 51.98 
6640 52.03 
6650 52.03 
6660 51.97 
6670 52.03 
6680 52.03 
6690 52.03 
6700 52.03 
6710 52.03 
6720 52.03 
6730 52.03 
6740 51.98 
6750 51.92 
6760 52.03 
6770 52.03 
6780 52.03 
6790 52.08 
6800 52.13 
6810 52.18 
6820 52.12 
6830 52.23 
6840 52.23 
6850 52.29 
6860 52.24 
6870 52.24 
6880 52.24 
6890 52.13 
6900 52.08 
6910 52.03 
6920 52.03 
6930 52.03 
6940 52.03 
6950 52.03 
6960 52.08 
6970 52.08 
6980 52.08 
6990 52.14 
7000 52.14 
7010 52.14 
7020 52.2 
7030 52.15 
7040 52.2 
7050 52.2 
7060 52.15 
7070 52.15 
7080 52.2 
7090 52.2 
7100 52.2 
7110 52.14 
7120 52.14 
7130 52.19 
7140 52.08 
7150 52.08 
7160 52.08 
7170 52.08 
7180 51.97 
7190 51.91 
7200 51.85 
7210 51.91 
7220 51.85 
7230 51.8 
7240 51.86 
7250 51.86 
7260 51.8 
7270 51.85 
7280 51.96 
7290 52.02 
7300 52.08 
7310 52.08 
7320 52.14 
7330 52.19 
7340 52.19 
7350 52.19 
7360 52.25 
7370 52.14 
7380 52.09 
7390 52.03 
7400 52.08 
7410 52.08 
7420 52.08 
7430 52.03 
7440 52.08 
7450 52.08 
7460 52.13 
7470 52.24 
7480 52.24 
7490 52.3 
7500 52.25 
7510 52.25 
7520 52.19 
7530 52.19 
7540 52.14 
7550 52.14 
7560 52.03 
7570 51.98 
7580 51.98 
7590 52.03 
7600 52.03 
7610 52.08 
7620 52.14 
7630 52.14 
7640 52.14 
7650 52.08 
7660 52.14 
7670 52.19 
7680 52.13 
7690 52.08 
7700 52.02 
7710 51.97 
7720 52.02 
7730 52.02 
7740 52.07 
7750 52.18 
7760 52.18 
7770 52.18 
7780 52.24 
7790 52.24 
7800 52.3 
7810 52.35 
7820 52.35 
7830 52.4 
7840 52.35 
7850 52.3 
7860 52.24 
7870 52.19 
7880 52.19 
7890 52.19 
7900 52.19 
7910 52.19 
7920 52.19 
7930 52.14 
7940 52.19 
7950 52.19 
7960 52.25 
7970 52.25 
7980 52.25 
7990 52.25 
8000 52.19 
8010 52.19 
8020 52.08 
8030 52.08 
8040 52.08 
8050 52.08 
8060 52.08 
8070 52.08 
8080 52.13 
8090 52.13 
8100 52.19 
8110 52.14 
8120 52.2 
8130 52.2 
8140 52.09 
8150 52.09 
8160 52.09 
8170 52.09 
8180 52.04 
8190 52.04 
8200 52.04 
8210 52.04 
8220 52.09 
8230 52.09 
8240 52.15 
8250 52.15 
8260 52.15 
8270 52.15 
8280 52.15 
8290 52.15 
8300 52.15 
8310 52.15 
8320 52.15 
8330 52.15 
8340 52.15 
8350 52.2 
8360 52.25 
8370 52.3 
8380 52.3 
8390 52.3 
8400 52.3 
8410 52.3 
8420 52.3 
8430 52.35 
8440 52.35 
8450 52.3 
8460 52.3 
8470 52.25 
8480 52.25 
8490 52.3 
8500 52.3 
8510 52.3 
8520 52.19 
8530 52.14 
8540 52.14 
8550 52.14 
8560 52.09 
8570 52.14 
8580 52.14 
8590 52.14 
8600 52.19 
8610 52.19 
8620 52.25 
8630 52.19 
8640 52.24 
8650 52.29 
8660 52.23 
8670 52.12 
8680 52.06 
8690 52.01 
8700 51.9 
8710 51.84 
8720 51.89 
8730 51.95 
8740 51.9 
8750 51.85 
8760 51.91 
8770 52.02 
8780 52.08 
8790 52.08 
8800 52.19 
8810 52.25 
8820 52.2 
8830 52.2 
8840 52.2 
8850 52.2 
8860 52.2 
8870 52.15 
8880 52.15 
8890 52.2 
8900 52.15 
8910 52.09 
8920 52.09 
8930 52.09 
8940 52.09 
8950 52.09 
8960 52.14 
8970 52.19 
8980 52.13 
8990 52.08 
9000 52.08 
9010 52.14 
9020 52.19 
9030 52.24 
9040 52.24 
9050 52.29 
9060 52.24 
9070 52.19 
9080 52.3 
9090 52.3 
9100 52.35 
9110 52.4 
9120 52.35 
9130 52.3 
9140 52.3 
9150 52.25 
9160 52.3 
9170 52.3 
9180 52.3 
9190 52.35 
9200 52.3 
9210 52.3 
9220 52.35 
9230 52.29 
9240 52.34 
9250 52.34 
9260 52.34 
9270 52.34 
9280 52.29 
9290 52.24 
9300 52.24 
9310 52.19 
9320 52.14 
9330 52.2 
9340 52.15 
9350 52.15 
9360 52.1 
9370 52.1 
9380 52.1 
9390 52.15 
9400 52.15 
9410 52.15 
9420 52.15 
9430 52.2 
9440 52.14 
9450 52.19 
9460 52.24 
9470 52.24 
9480 52.24 
9490 52.19 
9500 52.19 
9510 52.19 
9520 52.19 
9530 52.19 
9540 52.3 
9550 52.25 
9560 52.2 
9570 52.2 
9580 52.25 
9590 52.25 
9600 52.3 
9610 52.35 
9620 52.35 
9630 52.3 
9640 52.3 
9650 52.3 
9660 52.35 
9670 52.4 
9680 52.35 
9690 52.35 
9700 52.3 
9710 52.3 
9720 52.3 
9730 52.35 
9740 52.3 
9750 52.3 
9760 52.25 
9770 52.2 
9780 52.2 
9790 52.25 
9800 52.25 
9810 52.2 
9820 52.2 
9830 52.2 
9840 52.25 
9850 52.3 
9860 52.35 
9870 52.4 
9880 52.4 
9890 52.4 
9900 52.45 
9910 52.45 
9920 52.5 
9930 52.45 
9940 52.4 
9950 52.29 
9960 52.24 
9970 52.19 
9980 52.24 
9990 52.24 
10000 52.19 
10010 52.24 
10020 52.19 
10030 52.19 
10040 52.19 
10050 52.25 
10060 52.3 
10070 52.35 
10080 52.35 
10090 52.35 
10100 52.35 
10110 52.35 
10120 52.35 
10130 52.35 
10140 52.35 
10150 52.35 
10160 52.35 
10170 52.3 
10180 52.3 
10190 52.25 
10200 52.3 
10210 52.25 
10220 52.25 
10230 52.25 
10240 52.25 
10250 52.25 
10260 52.25 
10270 52.25 
10280 52.2 
10290 52.25 
10300 52.25 
10310 52.25 
10320 52.3 
10330 52.35 
10340 52.35 
10350 52.4 
10360 52.4 
10370 52.4 
10380 52.45 
10390 52.45 
10400 52.45 
10410 52.5 
10420 52.45 
10430 52.4 
10440 52.4 
10450 52.35 
10460 52.41 
10470 52.46 
10480 52.35 
10490 52.3 
10500 52.3 
10510 52.3 
10520 52.35 
10530 52.4 
10540 52.45 
10550 52.45 
10560 52.34 
10570 52.34 
10580 52.45 
10590 52.45 
10600 52.4 
10610 52.4 
10620 52.4 
10630 52.35 
10640 52.3 
10650 52.3 
10660 52.3 
10670 52.3 
10680 52.3 
10690 52.35 
10700 52.35 
10710 52.35 
10720 52.3 
10730 52.3 
10740 52.3 
10750 52.35 
10760 52.25 
10770 52.25 
10780 52.25 
10790 52.3 
10800 52.35 
10810 52.35 
10820 52.4 
10830 52.4 
10840 52.4 
10850 52.45 
10860 52.45 
10870 52.45 
10880 52.5 
10890 52.45 
10900 52.4 
10910 52.4 
10920 52.35 
10930 52.41 
10940 52.46 
10950 52.35 
10960 52.3 
10970 52.3 
10980 52.3 
10990 52.35 
11000 52.4 