10 39.61 
20 43.85 
30 43.47 
40 43.09 
50 42.87 
60 42.66 
70 42.5 
80 42.4 
90 42.3 
100 42.25 
110 42.3 
120 42.25 
130 42.15 
140 42.04 
150 41.94 
160 41.94 
170 41.88 
180 41.88 
190 41.82 
200 41.77 
210 41.72 
220 41.72 
230 41.72 
240 41.78 
250 41.78 
260 41.78 
270 41.84 
280 41.84 
290 41.9 
300 41.79 
310 41.79 
320 41.79 
330 41.73 
340 41.73 
350 41.73 
360 41.73 
370 41.67 
380 41.67 
390 41.67 
400 41.72 
410 41.61 
420 41.61 
430 41.61 
440 41.61 
450 41.5 
460 41.44 
470 41.5 
480 41.5 
490 41.5 
500 41.56 
510 41.67 
520 41.67 
530 41.73 
540 41.73 
550 41.84 
560 41.84 
570 41.84 
580 41.84 
590 41.78 
600 41.72 
610 41.72 
620 41.66 
630 41.6 
640 41.6 
650 41.54 
660 41.6 
670 41.6 
680 41.54 
690 41.6 
700 41.66 
710 41.66 
720 41.72 
730 41.78 
740 41.72 
750 41.72 
760 41.72 
770 41.66 
780 41.72 
790 41.66 
800 41.6 
810 41.6 
820 41.6 
830 41.6 
840 41.6 
850 41.66 
860 41.6 
870 41.66 
880 41.66 
890 41.66 
900 41.66 
910 41.66 
920 41.66 
930 41.66 
940 41.72 
950 41.72 
960 41.72 
970 41.66 
980 41.66 
990 41.66 
1000 41.72 
1010 41.66 
1020 41.71 
1030 41.71 
1040 41.71 
1050 41.71 
1060 41.77 
1070 41.77 
1080 41.71 
1090 41.66 
1100 41.66 
1110 41.66 
1120 41.55 
1130 41.49 
1140 41.43 
1150 41.43 
1160 41.43 
1170 41.49 
1180 41.49 
1190 41.6 
1200 41.54 
1210 41.54 
1220 41.6 
1230 41.66 
1240 41.66 
1250 41.6 
1260 41.6 
1270 41.6 
1280 41.66 
1290 41.66 
1300 41.66 
1310 41.72 
1320 41.72 
1330 41.72 
1340 41.78 
1350 41.84 
1360 41.84 
1370 41.78 
1380 41.67 
1390 41.61 
1400 41.67 
1410 41.67 
1420 41.67 
1430 41.67 
1440 41.67 
1450 41.61 
1460 41.61 
1470 41.61 
1480 41.66 
1490 41.72 
1500 41.72 
1510 41.72 
1520 41.72 
1530 41.72 
1540 41.72 
1550 41.78 
1560 41.78 
1570 41.84 
1580 41.9 
1590 41.9 
1600 41.9 
1610 41.84 
1620 41.84 
1630 41.84 
1640 41.84 
1650 41.84 
1660 41.84 
1670 41.84 
1680 41.78 
1690 41.78 
1700 41.83 
1710 41.83 
1720 41.83 
1730 41.83 
1740 41.83 
1750 41.83 
1760 41.83 
1770 41.83 
1780 41.89 
1790 41.89 
1800 41.84 
1810 41.9 
1820 41.9 
1830 41.95 
1840 42 
1850 42 
1860 42 
1870 42 
1880 42 
1890 42 
1900 42 
1910 42 
1920 42 
1930 41.95 
1940 41.9 
1950 41.9 
1960 41.9 
1970 41.9 
1980 41.95 
1990 41.95 
2000 41.95 
2010 41.95 
2020 41.95 
2030 42 
2040 42 
2050 42 
2060 42 
2070 42 
2080 41.95 
2090 41.95 
2100 41.95 
2110 41.95 
2120 41.95 
2130 41.9 
2140 41.9 
2150 41.9 
2160 41.84 
2170 41.84 
2180 41.84 
2190 41.94 
2200 41.94 
2210 41.99 
2220 41.99 
2230 41.99 
2240 41.99 
2250 41.99 
2260 42.05 
2270 42.05 
2280 42.05 
2290 41.95 
2300 42 
2310 42 
2320 42 
2330 42.05 
2340 42.05 
2350 41.99 
2360 42.04 
2370 42.04 
2380 42.04 
2390 42.09 
2400 42.09 
2410 42.04 
2420 42.09 
2430 42.04 
2440 42.04 
2450 42.04 
2460 42.04 
2470 42.04 
2480 42.14 
2490 42.09 
2500 42.09 
2510 42.14 
2520 42.14 
2530 42.14 
2540 42.14 
2550 42.2 
2560 42.15 
2570 42.15 
2580 42.05 
2590 42.05 
2600 42 
2610 42 
2620 41.95 
2630 41.95 
2640 41.95 
2650 41.95 
2660 41.95 
2670 41.95 
2680 41.95 
2690 42 
2700 42 
2710 42 
2720 42 
2730 42 
2740 42 
2750 42.05 
2760 42.05 
2770 42.1 
2780 42.1 
2790 42.1 
2800 42.1 
2810 42.05 
2820 42.05 
2830 42.05 
2840 42.05 
2850 42 
2860 42 
2870 41.95 
2880 41.95 
2890 41.9 
2900 41.9 
2910 41.9 
2920 41.9 
2930 41.9 
2940 41.9 
2950 41.9 
2960 41.9 
2970 41.9 
2980 41.9 
2990 41.9 
3000 41.9 
3010 41.9 
3020 41.9 
3030 41.9 
3040 41.9 
3050 41.9 
3060 41.9 
3070 41.9 
3080 41.9 
3090 41.9 
3100 41.9 
3110 41.9 
3120 41.9 
3130 41.9 
3140 41.9 
3150 41.9 
3160 41.9 
3170 41.84 
3180 41.84 
3190 41.84 
3200 41.84 
3210 41.84 
3220 41.84 
3230 41.84 
3240 41.84 
3250 41.84 
3260 41.84 
3270 41.9 
3280 41.9 
3290 41.9 
3300 41.9 
3310 41.9 
3320 41.9 
3330 41.9 
3340 41.9 
3350 41.95 
3360 41.95 
3370 41.95 
3380 42 
3390 42 
3400 41.94 
3410 41.94 
3420 41.94 
3430 41.94 
3440 41.94 
3450 41.89 
3460 41.89 
3470 41.89 
3480 41.84 
3490 41.89 
3500 42 
3510 42 
3520 42.1 
3530 42.15 
3540 42.2 
3550 42.2 
3560 42.2 
3570 42.25 
3580 42.25 
3590 42.2 
3600 42.15 
3610 42.15 
3620 42.05 
3630 42 
3640 41.95 
3650 41.95 
3660 41.95 
3670 41.9 
3680 41.95 
3690 41.95 
3700 41.95 
3710 42 
3720 42.05 
3730 42.1 
3740 42.1 
3750 42.2 
3760 42.2 
3770 42.25 
3780 42.2 
3790 42.2 
3800 42.2 
3810 42.2 
3820 42.15 
3830 42.1 
3840 42.1 
3850 42 
3860 42 
3870 41.95 
3880 41.95 
3890 42.05 
3900 42.05 
3910 42 
3920 42.05 
3930 42.05 
3940 42.05 
3950 42.1 
3960 42.1 
3970 42.1 
3980 42.1 
3990 42 
4000 42 
4010 42.05 
4020 42.05 
4030 42.05 
4040 42.05 
4050 42.1 
4060 42.15 
4070 42.15 
4080 42.2 
4090 42.2 
4100 42.2 
4110 42.15 
4120 42.1 
4130 42.1 
4140 42.04 
4150 41.99 
4160 41.99 
4170 41.99 
4180 41.94 
4190 41.88 
4200 41.88 
4210 41.88 
4220 41.88 
4230 41.88 
4240 41.99 
4250 41.94 
4260 41.89 
4270 41.89 
4280 41.94 
4290 42 
4300 42 
4310 42 
4320 42 
4330 42 
4340 41.95 
4350 41.95 
4360 41.95 
4370 42 
4380 41.95 
4390 41.95 
4400 41.95 
4410 41.95 
4420 41.95 
4430 41.95 
4440 42 
4450 42.05 
4460 42.05 
4470 42.05 
4480 42.05 
4490 42.05 
4500 42.1 
4510 42.15 
4520 42.15 
4530 42.15 
4540 42.15 
4550 42.1 
4560 42.1 
4570 42.05 
4580 42.05 
4590 42.05 
4600 42 
4610 41.95 
4620 42 
4630 42 
4640 41.95 
4650 41.95 
4660 41.95 
4670 41.95 
4680 41.95 
4690 41.95 
4700 42 
4710 42 
4720 41.95 
4730 41.95 
4740 41.95 
4750 41.95 
4760 42 
4770 42 
4780 42 
4790 42.05 
4800 42.1 
4810 42.1 
4820 42.1 
4830 42.1 
4840 42.1 
4850 42.15 
4860 42.1 
4870 42.1 
4880 42.15 
4890 42.1 
4900 42.05 
4910 42.05 
4920 42.1 
4930 42.15 
4940 42.15 
4950 42.1 
4960 42.15 
4970 42.15 
4980 42.2 
4990 42.2 
5000 42.09 
5010 42.09 
5020 42.04 
5030 41.99 
5040 41.99 
5050 41.99 
5060 41.94 
5070 41.94 
5080 41.84 
5090 41.84 
5100 41.9 
5110 41.9 
5120 41.9 
5130 41.95 
5140 41.95 
5150 41.95 
5160 41.95 
5170 41.95 
5180 41.95 
5190 41.95 
5200 42 
5210 42.05 
5220 42.05 
5230 42 
5240 42 
5250 42 
5260 42 
5270 42.05 
5280 42.05 
5290 42.05 
5300 42 
5310 41.95 
5320 41.95 
5330 42 
5340 42.05 
5350 42.1 
5360 42.1 
5370 42.05 
5380 42.05 
5390 42.05 
5400 42.05 
5410 42.05 
5420 42.05 
5430 42 
5440 42 
5450 42 
5460 42 
5470 42 
5480 42.05 
5490 42.05 
5500 42.05 
5510 42.05 
5520 42.05 
5530 42.05 
5540 42 
5550 42.05 
5560 42.05 
5570 42.05 
5580 42 
5590 42 
5600 42 
5610 42 
5620 42 
5630 41.94 
5640 41.99 
5650 41.89 
5660 41.94 
5670 41.94 
5680 41.94 
5690 41.94 
5700 41.94 
5710 41.94 
5720 41.94 
5730 42.05 
5740 42 
5750 42.05 
5760 42 
5770 41.94 
5780 41.99 
5790 41.99 
5800 42.04 
5810 42.04 
5820 42.09 
5830 42.09 
5840 42.14 
5850 42.09 
5860 42.09 
5870 42.15 
5880 42.15 
5890 42.15 
5900 42.2 
5910 42.2 
5920 42.15 
5930 42.15 
5940 42.2 
5950 42.2 
5960 42.2 
5970 42.14 
5980 42.09 
5990 42.09 
6000 41.99 
6010 41.99 
6020 41.99 
6030 41.99 
6040 41.89 
6050 41.89 
6060 41.94 
6070 41.94 
6080 41.94 
6090 41.94 
6100 42.04 
6110 42.04 
6120 42.09 
6130 42.09 
6140 42.09 
6150 42.14 
6160 42.09 
6170 42.15 
6180 42.15 
6190 42.15 
6200 42.1 
6210 42.1 
6220 41.99 
6230 41.94 
6240 41.94 
6250 41.83 
6260 41.83 
6270 41.83 
6280 41.83 
6290 41.83 
6300 41.78 
6310 41.83 
6320 41.89 
6330 41.94 
6340 41.94 
6350 42 
6360 42 
6370 42 
6380 42.05 
6390 41.99 
6400 41.99 
6410 41.94 
6420 41.94 
6430 41.89 
6440 41.94 
6450 41.94 
6460 41.99 
6470 41.99 
6480 41.94 
6490 42 
6500 42 
6510 42 
6520 42.1 
6530 42.15 
6540 42.1 
6550 42.1 
6560 42.05 
6570 41.99 
6580 41.99 
6590 41.99 
6600 41.99 
6610 41.99 
6620 41.89 
6630 41.84 
6640 41.84 
6650 41.89 
6660 41.89 
6670 42 
6680 42 
6690 42 
6700 42 
6710 42 
6720 42 
6730 42 
6740 42 
6750 41.95 
6760 42 
6770 42 
6780 42 
6790 42 
6800 42 
6810 42 
6820 42 
6830 42 
6840 42.05 
6850 42.05 
6860 42 
6870 41.95 
6880 41.95 
6890 42 
6900 42 
6910 42 
6920 42 
6930 42 
6940 41.95 
6950 41.95 
6960 41.95 
6970 42.05 
6980 42.05 
6990 42 
7000 42 
7010 42 
7020 42 
7030 42 
7040 42 
7050 42 
7060 42 
7070 41.9 
7080 41.95 
7090 41.95 
7100 41.95 
7110 41.95 
7120 41.95 
7130 41.95 
7140 41.95 
7150 41.95 
7160 41.95 
7170 41.95 
7180 41.9 
7190 41.9 
7200 41.95 
7210 41.95 
7220 41.95 
7230 41.95 
7240 41.95 
7250 42 
7260 42 
7270 42.05 
7280 42.1 
7290 42.1 
7300 42.05 
7310 42.1 
7320 42.1 
7330 42.15 
7340 42.2 
7350 42.15 
7360 42.15 
7370 42.1 
7380 42.05 
7390 42.05 
7400 42.05 
7410 42 
7420 42 
7430 41.95 
7440 42 
7450 42 
7460 42 
7470 42 
7480 42 
7490 42 
7500 42 
7510 42 
7520 42 
7530 42.05 
7540 42 
7550 42.05 
7560 42.05 
7570 42.1 
7580 42.1 
7590 42.15 
7600 42.15 
7610 42.15 
7620 42.2 
7630 42.15 
7640 42.1 
7650 42.05 
7660 42.05 
7670 42 
7680 42.05 
7690 42 
7700 42.1 
7710 42.1 
7720 42.1 
7730 42.1 
7740 42.1 
7750 42.1 
7760 42.1 
7770 42.1 
7780 42.05 
7790 42.05 
7800 41.95 
7810 41.95 
7820 41.95 
7830 41.95 
7840 41.95 
7850 41.95 
7860 41.95 
7870 41.95 
7880 42.05 
7890 42.15 
7900 42.15 
7910 42.15 
7920 42.1 
7930 42.1 
7940 42.15 
7950 42.2 
7960 42.2 
7970 42.2 
7980 42.1 
7990 42.05 
8000 42.1 
8010 42.1 
8020 42.1 
8030 42.15 
8040 42.1 
8050 42.05 
8060 42.05 
8070 42.05 
8080 42.05 
8090 42.05 
8100 42.05 
8110 42.05 
8120 42.05 
8130 42 
8140 42.05 
8150 42.1 
8160 42.2 
8170 42.2 
8180 42.2 
8190 42.15 
8200 42.1 
8210 42.1 
8220 42.1 
8230 42.15 
8240 42.1 
8250 42.05 
8260 41.95 
8270 41.95 
8280 42 
8290 42 
8300 42 
8310 42 
8320 42 
8330 41.95 
8340 41.95 
8350 41.95 
8360 42 
8370 42 
8380 42 
8390 42 
8400 42.1 
8410 42.15 
8420 42.15 
8430 42.25 
8440 42.3 
8450 42.4 
8460 42.35 
8470 42.35 
8480 42.3 
8490 42.35 
8500 42.25 
8510 42.2 
8520 42.2 
8530 42.15 
8540 42.1 
8550 42.05 
8560 42.05 
8570 42.05 
8580 42.1 
8590 42.05 
8600 42.1 
8610 42.1 
8620 42.15 
8630 42.1 
8640 42.1 
8650 42.1 
8660 42.1 
8670 42.1 
8680 42.05 
8690 42.05 
8700 42 
8710 42 
8720 41.95 
8730 41.95 
8740 41.95 
8750 41.9 
8760 41.9 
8770 41.9 
8780 41.9 
8790 41.9 
8800 41.9 
8810 41.9 
8820 41.9 
8830 42 
8840 42.05 
8850 42.05 
8860 42.05 
8870 42.05 
8880 42.1 
8890 42.1 
8900 42.1 
8910 42.1 
8920 42.1 
8930 42 
8940 41.95 
8950 41.95 
8960 41.95 
8970 41.95 
8980 41.9 
8990 41.9 
9000 41.95 
9010 41.95 
9020 41.95 
9030 42 
9040 42.05 
9050 42.05 
9060 42.05 
9070 42.1 
9080 42.1 
9090 42.1 
9100 42.05 
9110 42.05 
9120 42.05 
9130 42 
9140 41.95 
9150 41.95 
9160 41.95 
9170 41.95 
9180 42 
9190 42 
9200 42 
9210 42.05 
9220 42.1 
9230 42.1 
9240 42.1 
9250 42.1 
9260 42.1 
9270 42.05 
9280 42 
9290 42 
9300 42 
9310 41.95 
9320 41.9 
9330 41.95 
9340 42 
9350 42.05 
9360 42.15 
9370 42.2 
9380 42.2 
9390 42.3 
9400 42.3 
9410 42.3 
9420 42.3 
9430 42.3 
9440 42.25 
9450 42.2 
9460 42.15 
9470 42.1 
9480 42.1 
9490 42.05 
9500 42.05 
9510 42.05 
9520 42.05 
9530 42.1 
9540 42.1 
9550 42.1 
9560 42.05 
9570 42.05 
9580 42.1 
9590 42.1 
9600 42.15 
9610 42.25 
9620 42.25 
9630 42.2 
9640 42.2 
9650 42.2 
9660 42.2 
9670 42.2 
9680 42.15 
9690 42.15 
9700 42.1 
9710 42 
9720 42.05 
9730 42.05 
9740 42.15 
9750 42.15 
9760 42.2 
9770 42.2 
9780 42.2 
9790 42.15 
9800 42.2 
9810 42.25 
9820 42.2 
9830 42.2 
9840 42.1 
9850 42.15 
9860 42.1 
9870 42.15 
9880 42.15 
9890 42.15 
9900 42.1 
9910 42.05 
9920 42.05 
9930 42 
9940 42 
9950 42 
9960 42.05 
9970 42 
9980 42 
9990 42 
10000 42.05 
10010 42.1 
10020 42.15 
10030 42.15 
10040 42.15 
10050 42.15 
10060 42.1 
10070 42.1 
10080 42.1 
10090 42.1 
10100 41.99 
10110 42.04 
10120 41.99 
10130 42.04 
10140 42.09 
10150 42.04 
10160 42.04 
10170 42.04 
10180 42.04 
10190 42.14 
10200 42.2 
10210 42.1 
10220 42.04 
10230 41.99 
10240 41.99 
10250 41.99 
10260 42.04 
10270 42.14 
10280 42.14 
10290 42.09 
10300 42.19 
10310 42.24 
10320 42.3 
10330 42.3 
10340 42.25 
10350 42.3 
10360 42.25 
10370 42.15 
10380 42.2 
10390 42.15 
10400 42.1 
10410 42.15 
10420 42.15 
10430 42.25 
10440 42.3 
10450 42.25 
10460 42.25 
10470 42.25 
10480 42.2 
10490 42.25 
10500 42.2 
10510 42.15 
10520 42.15 
10530 42.1 
10540 42.1 
10550 42.1 
10560 42.1 
10570 42.1 
10580 42.15 
10590 42.15 
10600 42.15 
10610 42.15 
10620 42.2 
10630 42.15 
10640 42.1 
10650 42.15 
10660 42.15 
10670 42.25 
10680 42.2 
10690 42.2 
10700 42.25 
10710 42.25 
10720 42.25 
10730 42.35 
10740 42.35 
10750 42.4 
10760 42.15 
10770 42.1 
10780 42.15 
10790 42.15 
10800 42.25 
10810 42.2 
10820 42.2 
10830 42.25 
10840 42.25 
10850 42.25 
10860 42.35 
10870 42.35 
10880 42.4 
10890 42.15 
10900 42.15 
10910 42.15 
10920 42.2 
10930 42.15 
10940 42.1 
10950 42.15 
10960 42.15 
10970 42.25 
10980 42.2 
10990 42.2 
11000 42.25 