10 47.85 
20 53.11 
30 53.17 
40 53.23 
50 53.23 
60 53.17 
70 53.17 
80 53.06 
90 52.95 
100 52.89 
110 52.89 
120 52.95 
130 52.89 
140 52.89 
150 52.89 
160 52.89 
170 52.84 
180 52.84 
190 52.84 
200 52.84 
210 52.78 
220 52.72 
230 52.72 
240 52.72 
250 52.72 
260 52.72 
270 52.61 
280 52.61 
290 52.61 
300 52.61 
310 52.67 
320 52.67 
330 52.67 
340 52.61 
350 52.61 
360 52.61 
370 52.61 
380 52.61 
390 52.61 
400 52.67 
410 52.61 
420 52.61 
430 52.61 
440 52.61 
450 52.61 
460 52.61 
470 52.66 
480 52.66 
490 52.66 
500 52.6 
510 52.6 
520 52.55 
530 52.55 
540 52.55 
550 52.55 
560 52.61 
570 52.56 
580 52.56 
590 52.56 
600 52.62 
610 52.62 
620 52.67 
630 52.67 
640 52.67 
650 52.62 
660 52.56 
670 52.56 
680 52.56 
690 52.56 
700 52.56 
710 52.56 
720 52.56 
730 52.56 
740 52.56 
750 52.67 
760 52.67 
770 52.72 
780 52.72 
790 52.67 
800 52.61 
810 52.61 
820 52.61 
830 52.61 
840 52.61 
850 52.55 
860 52.55 
870 52.55 
880 52.55 
890 52.6 
900 52.6 
910 52.6 
920 52.55 
930 52.55 
940 52.55 
950 52.55 
960 52.5 
970 52.5 
980 52.5 
990 52.5 
1000 52.5 
1010 52.45 
1020 52.5 
1030 52.45 
1040 52.45 
1050 52.4 
1060 52.45 
1070 52.45 
1080 52.45 
1090 52.45 
1100 52.45 
1110 52.5 
1120 52.5 
1130 52.61 
1140 52.61 
1150 52.66 
1160 52.61 
1170 52.61 
1180 52.67 
1190 52.67 
1200 52.56 
1210 52.56 
1220 52.56 
1230 52.56 
1240 52.56 
1250 52.56 
1260 52.61 
1270 52.61 
1280 52.55 
1290 52.61 
1300 52.72 
1310 52.72 
1320 52.72 
1330 52.66 
1340 52.66 
1350 52.61 
1360 52.61 
1370 52.61 
1380 52.61 
1390 52.61 
1400 52.61 
1410 52.61 
1420 52.61 
1430 52.61 
1440 52.61 
1450 52.66 
1460 52.66 
1470 52.66 
1480 52.66 
1490 52.71 
1500 52.71 
1510 52.71 
1520 52.71 
1530 52.82 
1540 52.82 
1550 52.82 
1560 52.88 
1570 52.94 
1580 52.94 
1590 52.83 
1600 52.89 
1610 52.89 
1620 53 
1630 52.95 
1640 52.95 
1650 52.95 
1660 52.95 
1670 52.95 
1680 52.95 
1690 52.95 
1700 52.89 
1710 52.89 
1720 52.84 
1730 52.78 
1740 52.78 
1750 52.78 
1760 52.72 
1770 52.66 
1780 52.66 
1790 52.66 
1800 52.66 
1810 52.77 
1820 52.71 
1830 52.71 
1840 52.77 
1850 52.83 
1860 52.83 
1870 52.89 
1880 52.89 
1890 52.89 
1900 52.89 
1910 52.89 
1920 52.95 
1930 52.95 
1940 52.89 
1950 52.83 
1960 52.83 
1970 52.77 
1980 52.88 
1990 52.94 
2000 53 
2010 52.89 
2020 52.89 
2030 53 
2040 53.06 
2050 53.17 
2060 53.23 
2070 53.23 
2080 53.12 
2090 53.17 
2100 53.17 
2110 53.23 
2120 53.17 
2130 53.12 
2140 53.12 
2150 53.07 
2160 53.01 
2170 53.07 
2180 53.13 
2190 53.08 
2200 53.02 
2210 53.02 
2220 53.08 
2230 53.02 
2240 53.02 
2250 53.02 
2260 53.13 
2270 53.07 
2280 53.07 
2290 53.07 
2300 53.07 
2310 53.07 
2320 53.12 
2330 53.23 
2340 53.28 
2350 53.28 
2360 53.28 
2370 53.34 
2380 53.28 
2390 53.33 
2400 53.39 
2410 53.33 
2420 53.33 
2430 53.28 
2440 53.17 
2450 53.17 
2460 53.17 
2470 53.22 
2480 53.22 
2490 53.17 
2500 53.11 
2510 53.11 
2520 53.11 
2530 53.11 
2540 53.17 
2550 53.17 
2560 53.12 
2570 53.01 
2580 53.07 
2590 53.07 
2600 53.13 
2610 53.19 
2620 53.08 
2630 53.08 
2640 53.02 
2650 53.07 
2660 53.01 
2670 53.07 
2680 53.01 
2690 53.01 
2700 52.95 
2710 52.95 
2720 52.95 
2730 52.95 
2740 53.01 
2750 53.01 
2760 53.07 
2770 53.07 
2780 53.07 
2790 53.07 
2800 53.18 
2810 53.23 
2820 53.29 
2830 53.23 
2840 53.17 
2850 53.06 
2860 53 
2870 53 
2880 53.06 
2890 53 
2900 52.89 
2910 52.84 
2920 52.78 
2930 52.78 
2940 52.78 
2950 52.78 
2960 52.78 
2970 52.78 
2980 52.78 
2990 52.78 
3000 52.78 
3010 52.72 
3020 52.72 
3030 52.72 
3040 52.72 
3050 52.72 
3060 52.72 
3070 52.72 
3080 52.66 
3090 52.72 
3100 52.72 
3110 52.72 
3120 52.78 
3130 52.84 
3140 52.84 
3150 52.9 
3160 52.9 
3170 52.9 
3180 52.96 
3190 52.9 
3200 52.9 
3210 52.96 
3220 52.96 
3230 52.96 
3240 52.96 
3250 52.9 
3260 52.9 
3270 52.84 
3280 52.78 
3290 52.89 
3300 52.95 
3310 52.89 
3320 52.89 
3330 52.89 
3340 52.95 
3350 53.01 
3360 53.12 
3370 53.12 
3380 53.12 
3390 53.12 
3400 53.12 
3410 53.18 
3420 53.18 
3430 53.12 
3440 53.06 
3450 53 
3460 52.95 
3470 52.95 
3480 52.95 
3490 52.9 
3500 52.9 
3510 52.95 
3520 52.89 
3530 52.95 
3540 52.95 
3550 53.01 
3560 53.01 
3570 53.07 
3580 53.07 
3590 53.07 
3600 53.07 
3610 52.96 
3620 53.07 
3630 53.01 
3640 53.12 
3650 53.12 
3660 53.17 
3670 53.17 
3680 53.17 
3690 53.22 
3700 53.22 
3710 53.33 
3720 53.22 
3730 53.28 
3740 53.17 
3750 53.17 
3760 53.06 
3770 53.06 
3780 53.12 
3790 53.12 
3800 53.12 
3810 53.07 
3820 53.13 
3830 53.13 
3840 53.24 
3850 53.18 
3860 53.29 
3870 53.23 
3880 53.28 
3890 53.28 
3900 53.22 
3910 53.16 
3920 53.16 
3930 53.16 
3940 53.11 
3950 53.22 
3960 53.17 
3970 53.23 
3980 53.18 
3990 53.07 
4000 53.13 
4010 53.13 
4020 53.07 
4030 53.07 
4040 53.01 
4050 52.9 
4060 52.84 
4070 52.78 
4080 52.72 
4090 52.78 
4100 52.78 
4110 52.84 
4120 52.9 
4130 52.84 
4140 52.9 
4150 52.96 
4160 53.02 
4170 53.02 
4180 53.08 
4190 53.08 
4200 53.02 
4210 52.96 
4220 52.9 
4230 52.96 
4240 52.96 
4250 52.96 
4260 53.01 
4270 53.07 
4280 53.07 
4290 53.07 
4300 53.13 
4310 53.19 
4320 53.25 
4330 53.19 
4340 53.13 
4350 53.02 
4360 52.91 
4370 52.85 
4380 52.85 
4390 52.79 
4400 52.79 
4410 52.73 
4420 52.73 
4430 52.79 
4440 52.79 
4450 52.84 
4460 52.9 
4470 52.96 
4480 52.9 
4490 52.9 
4500 52.9 
4510 52.9 
4520 52.9 
4530 52.9 
4540 52.9 
4550 52.96 
4560 52.96 
4570 52.9 
4580 52.9 
4590 52.96 
4600 52.9 
4610 52.9 
4620 52.84 
4630 52.84 
4640 52.84 
4650 52.78 
4660 52.78 
4670 52.78 
4680 52.78 
4690 52.72 
4700 52.83 
4710 52.83 
4720 52.83 
4730 52.83 
4740 52.89 
4750 53 
4760 53 
4770 53.06 
4780 53.12 
4790 53.18 
4800 53.07 
4810 53.18 
4820 53.24 
4830 53.24 
4840 53.24 
4850 53.13 
4860 53.18 
4870 53.12 
4880 53.17 
4890 53.11 
4900 53.11 
4910 53 
4920 53 
4930 52.94 
4940 52.88 
4950 52.88 
4960 52.88 
4970 52.88 
4980 52.88 
4990 52.94 
5000 52.94 
5010 52.94 
5020 52.94 
5030 53.05 
5040 53.05 
5050 53.05 
5060 52.94 
5070 53 
5080 52.89 
5090 52.83 
5100 52.89 
5110 52.95 
5120 52.89 
5130 52.78 
5140 52.78 
5150 52.78 
5160 52.89 
5170 52.89 
5180 52.89 
5190 52.95 
5200 52.95 
5210 52.89 
5220 52.95 
5230 52.95 
5240 53.01 
5250 53.07 
5260 53.02 
5270 53.07 
5280 53.13 
5290 53.07 
5300 53.07 
5310 53.13 
5320 53.07 
5330 53.13 
5340 53.07 
5350 53.07 
5360 53.07 
5370 52.96 
5380 53.01 
5390 53.07 
5400 53.07 
5410 53.01 
5420 52.96 
5430 52.96 
5440 52.96 
5450 52.9 
5460 52.9 
5470 52.96 
5480 52.91 
5490 52.96 
5500 52.9 
5510 52.9 
5520 53.01 
5530 52.95 
5540 52.95 
5550 52.95 
5560 52.89 
5570 52.83 
5580 52.83 
5590 52.72 
5600 52.78 
5610 52.84 
5620 52.78 
5630 52.78 
5640 52.78 
5650 52.84 
5660 52.9 
5670 52.96 
5680 52.96 
5690 52.96 
5700 52.9 
5710 52.9 
5720 52.9 
5730 53.01 
5740 53.07 
5750 53.07 
5760 53.07 
5770 53.01 
5780 53.06 
5790 53.17 
5800 53.23 
5810 53.23 
5820 53.29 
5830 53.18 
5840 53.12 
5850 53.12 
5860 53.12 
5870 53.12 
5880 53.01 
5890 52.96 
5900 52.9 
5910 52.84 
5920 52.84 
5930 52.84 
5940 52.9 
5950 52.9 
5960 52.9 
5970 52.9 
5980 52.9 
5990 52.95 
6000 53.01 
6010 53.01 
6020 53.01 
6030 53.12 
6040 53.17 
6050 53.11 
6060 53.05 
6070 53.05 
6080 53.05 
6090 52.94 
6100 52.94 
6110 53 
6120 53 
6130 52.95 
6140 52.84 
6150 52.9 
6160 52.9 
6170 53.01 
6180 53.01 
6190 53.01 
6200 52.95 
6210 52.95 
6220 52.89 
6230 52.83 
6240 52.83 
6250 52.77 
6260 52.83 
6270 52.72 
6280 52.72 
6290 52.72 
6300 52.72 
6310 52.66 
6320 52.72 
6330 52.72 
6340 52.78 
6350 52.84 
6360 52.84 
6370 52.95 
6380 52.95 
6390 52.95 
6400 52.95 
6410 53.01 
6420 53.01 
6430 53.07 
6440 53.01 
6450 53.06 
6460 53 
6470 52.95 
6480 52.95 
6490 52.95 
6500 52.95 
6510 52.89 
6520 52.94 
6530 52.88 
6540 52.94 
6550 52.83 
6560 52.83 
6570 52.83 
6580 52.83 
6590 52.89 
6600 52.89 
6610 53 
6620 52.89 
6630 52.89 
6640 52.89 
6650 52.89 
6660 52.95 
6670 52.95 
6680 53.01 
6690 52.95 
6700 52.95 
6710 52.84 
6720 52.84 
6730 52.84 
6740 52.84 
6750 52.9 
6760 52.95 
6770 52.95 
6780 52.95 
6790 52.95 
6800 52.95 
6810 52.95 
6820 52.95 
6830 52.95 
6840 52.95 
6850 52.95 
6860 52.84 
6870 52.78 
6880 52.72 
6890 52.72 
6900 52.83 
6910 52.89 
6920 52.95 
6930 52.95 
6940 52.89 
6950 52.83 
6960 52.89 
6970 53 
6980 53.06 
6990 53.12 
7000 53.01 
7010 52.95 
7020 52.95 
7030 53.01 
7040 53.01 
7050 53.01 
7060 53.06 
7070 53.01 
7080 53.01 
7090 52.95 
7100 53.06 
7110 53.12 
7120 53.17 
7130 53.11 
7140 53.17 
7150 53.17 
7160 53.12 
7170 53.17 
7180 53.17 
7190 53.17 
7200 53.06 
7210 53 
7220 52.95 
7230 53.01 
7240 52.95 
7250 53.01 
7260 53.01 
7270 52.9 
7280 52.84 
7290 52.84 
7300 52.84 
7310 52.95 
7320 52.89 
7330 52.89 
7340 52.95 
7350 52.89 
7360 52.94 
7370 52.94 
7380 53 
7390 53 
7400 53.11 
7410 53.06 
7420 53.17 
7430 53.11 
7440 53.05 
7450 53.16 
7460 53.05 
7470 53.05 
7480 53.05 
7490 53.11 
7500 53.06 
7510 53 
7520 53 
7530 53 
7540 53 
7550 52.89 
7560 52.95 
7570 52.95 
7580 53 
7590 52.94 
7600 52.99 
7610 53.1 
7620 53.05 
7630 53.16 
7640 53.27 
7650 53.33 
7660 53.33 
7670 53.39 
7680 53.28 
7690 53.28 
7700 53.17 
7710 53.12 
7720 53.06 
7730 53.01 
7740 52.96 
7750 52.96 
7760 52.96 
7770 52.9 
7780 53.01 
7790 53.01 
7800 53.07 
7810 53.01 
7820 53.01 
7830 53.01 
7840 53.01 
7850 53.01 
7860 53.01 
7870 53.12 
7880 53.01 
7890 53.12 
7900 53.12 
7910 53.18 
7920 53.18 
7930 53.18 
7940 53.12 
7950 53.12 
7960 53.06 
7970 53.01 
7980 53.07 
7990 52.96 
8000 53.01 
8010 53.01 
8020 53.01 
8030 53.06 
8040 53.12 
8050 53.12 
8060 53.18 
8070 53.12 
8080 53.06 
8090 53.06 
8100 53.01 
8110 52.95 
8120 52.95 
8130 52.95 
8140 52.89 
8150 52.94 
8160 52.88 
8170 52.88 
8180 52.94 
8190 53 
8200 52.94 
8210 53.05 
8220 53.11 
8230 53.11 
8240 53.11 
8250 53.11 
8260 53.17 
8270 53.17 
8280 53.17 
8290 53.11 
8300 53.11 
8310 53 
8320 52.94 
8330 52.83 
8340 52.89 
8350 52.84 
8360 52.78 
8370 52.78 
8380 52.78 
8390 52.84 
8400 52.9 
8410 52.96 
8420 53.07 
8430 53.07 
8440 53.07 
8450 53.01 
8460 53.12 
8470 53.18 
8480 53.12 
8490 53.06 
8500 53.06 
8510 53 
8520 52.95 
8530 53.01 
8540 53.06 
8550 53.06 
8560 52.95 
8570 52.89 
8580 52.95 
8590 52.95 
8600 52.89 
8610 52.95 
8620 52.89 
8630 52.83 
8640 52.83 
8650 52.83 
8660 52.78 
8670 52.78 
8680 52.72 
8690 52.78 
8700 52.78 
8710 52.72 
8720 52.72 
8730 52.78 
8740 52.67 
8750 52.73 
8760 52.78 
8770 52.84 
8780 52.84 
8790 52.84 
8800 52.9 
8810 52.96 
8820 52.96 
8830 52.96 
8840 52.96 
8850 52.9 
8860 52.96 
8870 52.9 
8880 52.9 
8890 52.84 
8900 52.78 
8910 52.72 
8920 52.72 
8930 52.77 
8940 52.77 
8950 52.77 
8960 52.77 
8970 52.83 
8980 52.83 
8990 52.89 
9000 52.95 
9010 53.01 
9020 53.12 
9030 53.01 
9040 53.12 
9050 53.23 
9060 53.28 
9070 53.28 
9080 53.34 
9090 53.34 
9100 53.34 
9110 53.39 
9120 53.34 
9130 53.45 
9140 53.34 
9150 53.29 
9160 53.18 
9170 53.18 
9180 53.23 
9190 53.23 
9200 53.23 
9210 53.23 
9220 53.17 
9230 53.17 
9240 53.23 
9250 53.28 
9260 53.34 
9270 53.34 
9280 53.29 
9290 53.34 
9300 53.34 
9310 53.34 
9320 53.45 
9330 53.34 
9340 53.34 
9350 53.34 
9360 53.28 
9370 53.33 
9380 53.33 
9390 53.28 
9400 53.28 
9410 53.28 
9420 53.23 
9430 53.29 
9440 53.23 
9450 53.23 
9460 53.29 
9470 53.24 
9480 53.24 
9490 53.18 
9500 53.23 
9510 53.18 
9520 53.18 
9530 53.18 
9540 53.24 
9550 53.19 
9560 53.24 
9570 53.24 
9580 53.24 
9590 53.3 
9600 53.3 
9610 53.3 
9620 53.35 
9630 53.29 
9640 53.29 
9650 53.34 
9660 53.23 
9670 53.23 
9680 53.23 
9690 53.28 
9700 53.23 
9710 53.23 
9720 53.23 
9730 53.34 
9740 53.34 
9750 53.34 
9760 53.4 
9770 53.45 
9780 53.39 
9790 53.28 
9800 53.33 
9810 53.38 
9820 53.38 
9830 53.38 
9840 53.43 
9850 53.32 
9860 53.32 
9870 53.27 
9880 53.33 
9890 53.39 
9900 53.34 
9910 53.23 
9920 53.18 
9930 53.07 
9940 53.07 
9950 53.07 
9960 53.07 
9970 53.07 
9980 53.07 
9990 53.12 
10000 53.06 
10010 53.06 
10020 53.06 
10030 53.17 
10040 53.06 
10050 53.06 
10060 53.06 
10070 53.06 
10080 53.06 
10090 52.95 
10100 53.01 
10110 53.07 
10120 53.12 
10130 53.01 
10140 53.12 
10150 53.18 
10160 53.23 
10170 53.28 
10180 53.33 
10190 53.39 
10200 53.39 
10210 53.39 
10220 53.28 
10230 53.34 
10240 53.34 
10250 53.34 
10260 53.34 
10270 53.23 
10280 53.23 
10290 53.23 
10300 53.28 
10310 53.33 
10320 53.33 
10330 53.33 
10340 53.28 
10350 53.28 
10360 53.28 
10370 53.28 
10380 53.23 
10390 53.23 
10400 53.12 
10410 53.07 
10420 53.18 
10430 53.18 
10440 53.18 
10450 53.18 
10460 53.18 
10470 53.29 
10480 53.29 
10490 53.29 
10500 53.29 
10510 53.29 
10520 53.24 
10530 53.18 
10540 53.12 
10550 53.17 
10560 53.06 
10570 53.01 
10580 52.95 
10590 52.89 
10600 52.89 
10610 52.83 
10620 52.88 
10630 52.99 
10640 53.1 
10650 53.05 
10660 53.05 
10670 53.05 
10680 53.16 
10690 53.22 
10700 53.33 
10710 53.44 
10720 53.39 
10730 53.34 
10740 53.23 
10750 53.28 
10760 53.28 
10770 53.28 
10780 53.23 
10790 53.23 
10800 53.12 
10810 53.07 
10820 53.18 
10830 53.18 
10840 53.18 
10850 53.18 
10860 53.18 
10870 53.29 
10880 53.29 
10890 53.29 
10900 53.29 
10910 53.29 
10920 53.24 
10930 53.18 
10940 53.12 
10950 53.17 
10960 53.06 
10970 53.01 
10980 52.95 
10990 52.89 
11000 52.89 