10 45.85 
20 50.9 
30 50.69 
40 50.53 
50 50.37 
60 50.21 
70 50.15 
80 50.09 
90 50.09 
100 50.03 
110 50.03 
120 49.97 
130 50.02 
140 50.08 
150 50.08 
160 50.08 
170 50.08 
180 50.03 
190 49.92 
200 49.98 
210 49.98 
220 49.98 
230 49.98 
240 49.87 
250 49.82 
260 49.77 
270 49.77 
280 49.82 
290 49.82 
300 49.71 
310 49.6 
320 49.6 
330 49.6 
340 49.65 
350 49.65 
360 49.65 
370 49.6 
380 49.6 
390 49.6 
400 49.6 
410 49.6 
420 49.6 
430 49.55 
440 49.5 
450 49.55 
460 49.55 
470 49.55 
480 49.55 
490 49.55 
500 49.6 
510 49.6 
520 49.6 
530 49.65 
540 49.65 
550 49.65 
560 49.65 
570 49.65 
580 49.65 
590 49.65 
600 49.65 
610 49.7 
620 49.7 
630 49.65 
640 49.7 
650 49.7 
660 49.7 
670 49.75 
680 49.7 
690 49.7 
700 49.7 
710 49.7 
720 49.65 
730 49.65 
740 49.6 
750 49.6 
760 49.6 
770 49.55 
780 49.6 
790 49.6 
800 49.55 
810 49.55 
820 49.55 
830 49.6 
840 49.65 
850 49.6 
860 49.6 
870 49.65 
880 49.6 
890 49.65 
900 49.7 
910 49.7 
920 49.7 
930 49.65 
940 49.6 
950 49.65 
960 49.65 
970 49.6 
980 49.71 
990 49.66 
1000 49.61 
1010 49.61 
1020 49.66 
1030 49.66 
1040 49.66 
1050 49.61 
1060 49.66 
1070 49.66 
1080 49.55 
1090 49.6 
1100 49.65 
1110 49.65 
1120 49.6 
1130 49.65 
1140 49.7 
1150 49.7 
1160 49.76 
1170 49.76 
1180 49.76 
1190 49.71 
1200 49.71 
1210 49.66 
1220 49.71 
1230 49.66 
1240 49.66 
1250 49.66 
1260 49.55 
1270 49.55 
1280 49.55 
1290 49.6 
1300 49.55 
1310 49.6 
1320 49.55 
1330 49.66 
1340 49.66 
1350 49.66 
1360 49.71 
1370 49.71 
1380 49.76 
1390 49.76 
1400 49.81 
1410 49.81 
1420 49.86 
1430 49.8 
1440 49.8 
1450 49.85 
1460 49.85 
1470 49.9 
1480 49.9 
1490 49.9 
1500 49.9 
1510 49.9 
1520 49.9 
1530 49.96 
1540 49.96 
1550 49.96 
1560 49.96 
1570 50.02 
1580 50.08 
1590 50.08 
1600 50.03 
1610 49.98 
1620 50.04 
1630 49.98 
1640 49.98 
1650 49.98 
1660 49.98 
1670 49.92 
1680 49.81 
1690 49.87 
1700 49.98 
1710 50.09 
1720 50.09 
1730 50.09 
1740 50.15 
1750 50.21 
1760 50.27 
1770 50.27 
1780 50.38 
1790 50.38 
1800 50.38 
1810 50.32 
1820 50.21 
1830 50.16 
1840 50.16 
1850 50.16 
1860 50.16 
1870 50.16 
1880 50.1 
1890 50.04 
1900 50.04 
1910 50.1 
1920 50.15 
1930 50.2 
1940 50.14 
1950 50.08 
1960 50.08 
1970 50.08 
1980 50.14 
1990 50.2 
2000 50.2 
2010 50.2 
2020 50.26 
2030 50.26 
2040 50.26 
2050 50.26 
2060 50.2 
2070 50.2 
2080 50.2 
2090 50.2 
2100 50.09 
2110 50.09 
2120 50.03 
2130 50.09 
2140 50.09 
2150 50.09 
2160 50.15 
2170 50.21 
2180 50.1 
2190 50.04 
2200 50.15 
2210 50.15 
2220 50.21 
2230 50.21 
2240 50.27 
2250 50.27 
2260 50.21 
2270 50.21 
2280 50.32 
2290 50.38 
2300 50.38 
2310 50.38 
2320 50.32 
2330 50.32 
2340 50.32 
2350 50.32 
2360 50.38 
2370 50.38 
2380 50.38 
2390 50.38 
2400 50.32 
2410 50.32 
2420 50.38 
2430 50.38 
2440 50.32 
2450 50.32 
2460 50.26 
2470 50.26 
2480 50.26 
2490 50.26 
2500 50.32 
2510 50.26 
2520 50.26 
2530 50.26 
2540 50.32 
2550 50.38 
2560 50.44 
2570 50.44 
2580 50.44 
2590 50.44 
2600 50.38 
2610 50.44 
2620 50.44 
2630 50.38 
2640 50.38 
2650 50.32 
2660 50.32 
2670 50.26 
2680 50.26 
2690 50.26 
2700 50.32 
2710 50.26 
2720 50.26 
2730 50.26 
2740 50.26 
2750 50.26 
2760 50.26 
2770 50.26 
2780 50.26 
2790 50.26 
2800 50.26 
2810 50.26 
2820 50.26 
2830 50.26 
2840 50.2 
2850 50.2 
2860 50.2 
2870 50.26 
2880 50.26 
2890 50.26 
2900 50.26 
2910 50.26 
2920 50.2 
2930 50.2 
2940 50.2 
2950 50.2 
2960 50.2 
2970 50.2 
2980 50.14 
2990 50.14 
3000 50.14 
3010 50.14 
3020 50.14 
3030 50.2 
3040 50.2 
3050 50.2 
3060 50.14 
3070 50.14 
3080 50.14 
3090 50.14 
3100 50.14 
3110 50.2 
3120 50.2 
3130 50.09 
3140 50.09 
3150 50.09 
3160 50.15 
3170 50.15 
3180 50.1 
3190 50.04 
3200 50.04 
3210 49.98 
3220 49.98 
3230 50.03 
3240 50.09 
3250 50.09 
3260 50.03 
3270 49.97 
3280 50.08 
3290 50.14 
3300 50.08 
3310 50.14 
3320 50.14 
3330 50.09 
3340 50.03 
3350 50.09 
3360 50.09 
3370 50.15 
3380 50.15 
3390 50.04 
3400 50.1 
3410 50.04 
3420 50.1 
3430 50.21 
3440 50.21 
3450 50.15 
3460 50.1 
3470 50.1 
3480 50.04 
3490 50.15 
3500 50.09 
3510 50.09 
3520 50.03 
3530 49.97 
3540 50.03 
3550 50.09 
3560 50.14 
3570 50.08 
3580 50.14 
3590 50.14 
3600 50.2 
3610 50.2 
3620 50.2 
3630 50.2 
3640 50.2 
3650 50.2 
3660 50.2 
3670 50.26 
3680 50.26 
3690 50.2 
3700 50.2 
3710 50.26 
3720 50.32 
3730 50.32 
3740 50.32 
3750 50.32 
3760 50.38 
3770 50.32 
3780 50.32 
3790 50.38 
3800 50.32 
3810 50.32 
3820 50.26 
3830 50.32 
3840 50.26 
3850 50.2 
3860 50.09 
3870 50.09 
3880 50.09 
3890 50.03 
3900 50.09 
3910 50.09 
3920 50.09 
3930 50.09 
3940 50.15 
3950 50.21 
3960 50.26 
3970 50.32 
3980 50.32 
3990 50.38 
4000 50.32 
4010 50.21 
4020 50.27 
4030 50.21 
4040 50.15 
4050 50.09 
4060 50.15 
4070 50.15 
4080 50.15 
4090 50.15 
4100 50.21 
4110 50.26 
4120 50.26 
4130 50.26 
4140 50.26 
4150 50.26 
4160 50.26 
4170 50.26 
4180 50.2 
4190 50.14 
4200 50.14 
4210 50.2 
4220 50.14 
4230 50.2 
4240 50.2 
4250 50.2 
4260 50.2 
4270 50.2 
4280 50.26 
4290 50.21 
4300 50.15 
4310 50.09 
4320 50.15 
4330 50.15 
4340 50.21 
4350 50.21 
4360 50.21 
4370 50.21 
4380 50.15 
4390 50.2 
4400 50.26 
4410 50.26 
4420 50.2 
4430 50.14 
4440 50.14 
4450 50.14 
4460 50.14 
4470 50.08 
4480 50.08 
4490 50.14 
4500 50.08 
4510 50.14 
4520 50.14 
4530 50.2 
4540 50.2 
4550 50.2 
4560 50.2 
4570 50.26 
4580 50.26 
4590 50.26 
4600 50.32 
4610 50.26 
4620 50.32 
4630 50.32 
4640 50.26 
4650 50.32 
4660 50.26 
4670 50.26 
4680 50.21 
4690 50.15 
4700 50.15 
4710 50.21 
4720 50.15 
4730 50.15 
4740 50.21 
4750 50.21 
4760 50.27 
4770 50.27 
4780 50.32 
4790 50.32 
4800 50.32 
4810 50.21 
4820 50.21 
4830 50.21 
4840 50.15 
4850 50.15 
4860 50.15 
4870 50.15 
4880 50.21 
4890 50.21 
4900 50.15 
4910 50.15 
4920 50.21 
4930 50.15 
4940 50.21 
4950 50.21 
4960 50.21 
4970 50.21 
4980 50.21 
4990 50.27 
5000 50.33 
5010 50.44 
5020 50.44 
5030 50.44 
5040 50.44 
5050 50.33 
5060 50.27 
5070 50.21 
5080 50.15 
5090 50.15 
5100 50.09 
5110 49.98 
5120 49.92 
5130 49.92 
5140 49.86 
5150 49.97 
5160 50.03 
5170 50.09 
5180 50.04 
5190 49.98 
5200 49.98 
5210 50.03 
5220 49.98 
5230 50.04 
5240 50.04 
5250 50.04 
5260 49.93 
5270 49.87 
5280 49.92 
5290 49.92 
5300 49.92 
5310 49.92 
5320 50.03 
5330 50.03 
5340 50.03 
5350 50.03 
5360 50.14 
5370 50.14 
5380 50.2 
5390 50.26 
5400 50.26 
5410 50.32 
5420 50.32 
5430 50.32 
5440 50.38 
5450 50.32 
5460 50.26 
5470 50.32 
5480 50.26 
5490 50.2 
5500 50.2 
5510 50.14 
5520 50.08 
5530 49.97 
5540 49.91 
5550 49.91 
5560 49.97 
5570 49.91 
5580 49.91 
5590 49.97 
5600 50.03 
5610 50.03 
5620 50.09 
5630 50.2 
5640 50.2 
5650 50.26 
5660 50.26 
5670 50.26 
5680 50.26 
5690 50.15 
5700 50.15 
5710 50.21 
5720 50.21 
5730 50.21 
5740 50.21 
5750 50.21 
5760 50.1 
5770 50.16 
5780 50.11 
5790 50.22 
5800 50.22 
5810 50.16 
5820 50.16 
5830 50.1 
5840 50.16 
5850 50.1 
5860 50.21 
5870 50.15 
5880 50.26 
5890 50.2 
5900 50.2 
5910 50.26 
5920 50.26 
5930 50.32 
5940 50.32 
5950 50.32 
5960 50.26 
5970 50.26 
5980 50.2 
5990 50.26 
6000 50.2 
6010 50.2 
6020 50.2 
6030 50.2 
6040 50.2 
6050 50.26 
6060 50.32 
6070 50.38 
6080 50.33 
6090 50.27 
6100 50.27 
6110 50.21 
6120 50.1 
6130 50.1 
6140 50.04 
6150 49.93 
6160 49.93 
6170 49.93 
6180 50.04 
6190 49.99 
6200 50.05 
6210 50.05 
6220 50.16 
6230 50.1 
6240 50.1 
6250 50.15 
6260 50.15 
6270 50.09 
6280 50.03 
6290 50.14 
6300 50.14 
6310 50.14 
6320 50.14 
6330 50.14 
6340 50.14 
6350 50.09 
6360 50.09 
6370 50.09 
6380 50.15 
6390 50.04 
6400 50.04 
6410 49.99 
6420 49.93 
6430 49.93 
6440 49.93 
6450 49.98 
6460 49.87 
6470 49.87 
6480 49.81 
6490 49.86 
6500 49.75 
6510 49.8 
6520 49.8 
6530 49.8 
6540 49.8 
6550 49.8 
6560 49.91 
6570 49.91 
6580 49.97 
6590 50.03 
6600 50.14 
6610 50.2 
6620 50.2 
6630 50.15 
6640 50.21 
6650 50.27 
6660 50.21 
6670 50.21 
6680 50.15 
6690 50.15 
6700 50.15 
6710 50.15 
6720 50.15 
6730 50.26 
6740 50.26 
6750 50.26 
6760 50.32 
6770 50.32 
6780 50.27 
6790 50.27 
6800 50.16 
6810 50.16 
6820 50.16 
6830 50.16 
6840 50.16 
6850 50.1 
6860 50.04 
6870 50.1 
6880 50.21 
6890 50.15 
6900 50.2 
6910 50.2 
6920 50.2 
6930 50.2 
6940 50.14 
6950 50.2 
6960 50.26 
6970 50.26 
6980 50.26 
6990 50.26 
7000 50.32 
7010 50.26 
7020 50.26 
7030 50.2 
7040 50.2 
7050 50.2 
7060 50.14 
7070 50.08 
7080 50.08 
7090 50.14 
7100 50.08 
7110 50.08 
7120 50.08 
7130 50.08 
7140 50.14 
7150 50.08 
7160 50.14 
7170 50.2 
7180 50.14 
7190 50.14 
7200 50.2 
7210 50.26 
7220 50.26 
7230 50.21 
7240 50.21 
7250 50.21 
7260 50.21 
7270 50.21 
7280 50.27 
7290 50.27 
7300 50.27 
7310 50.27 
7320 50.33 
7330 50.38 
7340 50.38 
7350 50.38 
7360 50.32 
7370 50.21 
7380 50.15 
7390 50.15 
7400 50.09 
7410 50.03 
7420 50.03 
7430 50.09 
7440 50.09 
7450 50.15 
7460 50.21 
7470 50.26 
7480 50.26 
7490 50.26 
7500 50.32 
7510 50.38 
7520 50.38 
7530 50.38 
7540 50.27 
7550 50.27 
7560 50.21 
7570 50.21 
7580 50.27 
7590 50.27 
7600 50.27 
7610 50.27 
7620 50.21 
7630 50.21 
7640 50.32 
7650 50.26 
7660 50.21 
7670 50.27 
7680 50.21 
7690 50.21 
7700 50.21 
7710 50.21 
7720 50.21 
7730 50.21 
7740 50.15 
7750 50.21 
7760 50.32 
7770 50.32 
7780 50.38 
7790 50.38 
7800 50.32 
7810 50.21 
7820 50.21 
7830 50.21 
7840 50.27 
7850 50.27 
7860 50.21 
7870 50.21 
7880 50.21 
7890 50.21 
7900 50.27 
7910 50.38 
7920 50.44 
7930 50.38 
7940 50.32 
7950 50.26 
7960 50.21 
7970 50.21 
7980 50.1 
7990 50.04 
8000 50.04 
8010 49.98 
8020 50.03 
8030 50.09 
8040 50.04 
8050 50.04 
8060 50.09 
8070 50.09 
8080 50.2 
8090 50.2 
8100 50.2 
8110 50.26 
8120 50.21 
8130 50.21 
8140 50.32 
8150 50.32 
8160 50.32 
8170 50.26 
8180 50.26 
8190 50.32 
8200 50.32 
8210 50.32 
8220 50.32 
8230 50.26 
8240 50.26 
8250 50.32 
8260 50.38 
8270 50.44 
8280 50.44 
8290 50.44 
8300 50.44 
8310 50.44 
8320 50.44 
8330 50.39 
8340 50.33 
8350 50.27 
8360 50.21 
8370 50.15 
8380 50.09 
8390 50.09 
8400 50.09 
8410 50.09 
8420 50.03 
8430 50.08 
8440 50.14 
8450 50.2 
8460 50.26 
8470 50.32 
8480 50.38 
8490 50.32 
8500 50.32 
8510 50.26 
8520 50.21 
8530 50.21 
8540 50.21 
8550 50.21 
8560 50.21 
8570 50.15 
8580 50.15 
8590 50.21 
8600 50.21 
8610 50.21 
8620 50.26 
8630 50.26 
8640 50.26 
8650 50.26 
8660 50.15 
8670 50.15 
8680 50.04 
8690 49.98 
8700 49.92 
8710 49.98 
8720 50.04 
8730 50.1 
8740 50.04 
8750 49.93 
8760 49.98 
8770 50.04 
8780 50.09 
8790 50.09 
8800 50.15 
8810 50.09 
8820 50.09 
8830 50.03 
8840 50.03 
8850 50.08 
8860 50.08 
8870 50.02 
8880 50.08 
8890 50.14 
8900 50.14 
8910 50.2 
8920 50.14 
8930 50.2 
8940 50.26 
8950 50.26 
8960 50.32 
8970 50.32 
8980 50.32 
8990 50.32 
9000 50.32 
9010 50.32 
9020 50.38 
9030 50.38 
9040 50.32 
9050 50.32 
9060 50.32 
9070 50.38 
9080 50.32 
9090 50.32 
9100 50.32 
9110 50.26 
9120 50.26 
9130 50.26 
9140 50.32 
9150 50.38 
9160 50.38 
9170 50.38 
9180 50.44 
9190 50.38 
9200 50.32 
9210 50.38 
9220 50.38 
9230 50.38 
9240 50.32 
9250 50.32 
9260 50.26 
9270 50.26 
9280 50.2 
9290 50.26 
9300 50.26 
9310 50.2 
9320 50.2 
9330 50.14 
9340 50.2 
9350 50.25 
9360 50.25 
9370 50.25 
9380 50.31 
9390 50.31 
9400 50.31 
9410 50.37 
9420 50.37 
9430 50.43 
9440 50.43 
9450 50.32 
9460 50.38 
9470 50.32 
9480 50.26 
9490 50.26 
9500 50.32 
9510 50.26 
9520 50.26 
9530 50.26 
9540 50.26 
9550 50.32 
9560 50.32 
9570 50.32 
9580 50.38 
9590 50.32 
9600 50.32 
9610 50.38 
9620 50.38 
9630 50.38 
9640 50.32 
9650 50.32 
9660 50.32 
9670 50.32 
9680 50.32 
9690 50.38 
9700 50.32 
9710 50.26 
9720 50.26 
9730 50.26 
9740 50.26 
9750 50.2 
9760 50.14 
9770 50.2 
9780 50.2 
9790 50.2 
9800 50.26 
9810 50.32 
9820 50.32 
9830 50.32 
9840 50.38 
9850 50.44 
9860 50.5 
9870 50.5 
9880 50.5 
9890 50.5 
9900 50.5 
9910 50.5 
9920 50.5 
9930 50.5 
9940 50.5 
9950 50.44 
9960 50.38 
9970 50.38 
9980 50.38 
9990 50.38 
10000 50.38 
10010 50.38 
10020 50.38 
10030 50.32 
10040 50.26 
10050 50.32 
10060 50.38 
10070 50.38 
10080 50.38 
10090 50.38 
10100 50.38 
10110 50.38 
10120 50.38 
10130 50.38 
10140 50.44 
10150 50.38 
10160 50.38 
10170 50.38 
10180 50.32 
10190 50.26 
10200 50.26 
10210 50.26 
10220 50.26 
10230 50.32 
10240 50.32 
10250 50.38 
10260 50.38 
10270 50.38 
10280 50.44 
10290 50.44 
10300 50.44 
10310 50.44 
10320 50.44 
10330 50.44 
10340 50.44 
10350 50.44 
10360 50.44 
10370 50.44 
10380 50.44 
10390 50.5 
10400 50.44 
10410 50.44 
10420 50.44 
10430 50.44 
10440 50.44 
10450 50.44 
10460 50.44 
10470 50.44 
10480 50.38 
10490 50.38 
10500 50.44 
10510 50.44 
10520 50.44 
10530 50.38 
10540 50.38 
10550 50.32 
10560 50.32 
10570 50.32 
10580 50.32 
10590 50.32 
10600 50.32 
10610 50.32 
10620 50.32 
10630 50.38 
10640 50.38 
10650 50.44 
10660 50.49 
10670 50.49 
10680 50.6 
10690 50.65 
10700 50.65 
10710 50.65 
10720 50.65 
10730 50.65 
10740 50.65 
10750 50.65
10760 50.44 
10770 50.44 
10780 50.44 
10790 50.44 
10800 50.44 
10810 50.44 
10820 50.44 
10830 50.38 
10840 50.38 
10850 50.44 
10860 50.44 
10870 50.44 
10880 50.38 
10890 50.38 
10900 50.32 
10910 50.32 
10920 50.32 
10930 50.32 
10940 50.32 
10950 50.32 
10960 50.32 
10970 50.32 
10980 50.38 
10990 50.38 
11000 50.44 
