1 46.2 
2 47.2 
3 47.2 
4 46.7 
5 47.2 
6 46.7 
7 46.7 
8 46.2 
9 46.2 
10 46.2 
11 47.2 
12 46.7 
13 47.2 
14 46.2 
15 46.2 
16 46.7 
17 46.7 
18 46.2 
19 46.2 
20 46.2 
21 47.2 
22 46.2 
23 46.2 
24 46.2 
25 46.2 
26 46.2 
27 46.2 
28 46.2 
29 46.7 
30 45.6 
31 46.2 
32 46.2 
33 46.2 
34 46.7 
35 46.2 
36 45.6 
37 45.6 
38 46.2 
39 46.2 
40 46.2 
41 46.2 
42 46.2 
43 46.2 
44 45.6 
45 45.6 
46 46.2 
47 45.1 
48 45.6 
49 45.6 
50 45.6 
51 46.2 
52 45.6 
53 45.6 
54 46.2 
55 45.6 
56 45.1 
57 45.6 
58 46.2 
59 45.6 
60 46.2 
61 46.2 
62 45.6 
63 45.6 
64 46.2 
65 45.6 
66 46.2 
67 46.2 
68 45.6 
69 45.6 
70 45.1 
71 46.2 
72 45.6 
73 46.2 
74 45.6 
75 45.6 
76 45.6 
77 46.2 
78 45.1 
79 46.2 
80 45.6 
81 45.6 
82 45.6 
83 45.6 
84 45.1 
85 46.2 
86 45.1 
87 45.1 
88 45.1 
89 45.1 
90 45.1 
91 45.1 
92 46.2 
93 45.6 
94 45.1 
95 45.1 
96 46.2 
97 45.6 
98 45.1 
99 45.1 
100 45.1 
101 45.6 
102 46.2 
103 45.6 
104 45.1 
105 45.1 
106 45.6 
107 45.6 
108 45.6 
109 45.1 
110 45.1 
111 45.1 
112 45.6 
113 45.6 
114 45.1 
115 45.1 
116 45.6 
117 45.6 
118 45.1 
119 45.1 
120 45.1 
121 45.1 
122 45.6 
123 45.1 
124 45.1 
125 45.1 
126 45.6 
127 45.6 
128 45.1 
129 45.6 
130 45.1 
131 45.1 
132 45.1 
133 45.1 
134 45.6 
135 45.6 
136 45.1 
137 45.6 
138 45.1 
139 45.1 
140 45.6 
141 45.6 
142 45.6 
143 45.1 
144 45.6 
145 45.1 
146 45.1 
147 45.1 
148 45.6 
149 45.1 
150 45.1 
151 45.1 
152 45.6 
153 45.1 
154 45.1 
155 45.1 
156 45.1 
157 45.1 
158 45.1 
159 45.1 
160 45.1 
161 45.1 
162 45.1 
163 45.6 
164 45.1 
165 45.1 
166 45.1 
167 45.1 
168 45.1 
169 46.2 
170 45.1 
171 45.1 
172 45.1 
173 45.6 
174 45.6 
175 45.1 
176 45.6 
177 45.1 
178 45.1 
179 45.6 
180 45.1 
181 45.1 
182 45.1 
183 45.1 
184 45.1 
185 45.6 
186 45.6 
187 45.6 
188 45.6 
189 45.1 
190 45.1 
191 45.1 
192 45.6 
193 45.6 
194 45.1 
195 45.6 
196 45.1 
197 45.1 
198 45.1 
199 45.1 
200 45.1 
201 45.6 
202 45.1 
203 45.1 
204 45.1 
205 45.6 
206 45.1 
207 45.1 
208 45.6 
209 45.1 
210 45.1 
211 45.1 
212 45.1 
213 45.1 
214 45.1 
215 45.1 
216 45.6 
217 46.2 
218 45.1 
219 45.6 
220 45.1 
221 45.1 
222 45.1 
223 45.1 
224 45.1 
225 45.1 
226 45.1 
227 45.1 
228 45.1 
229 45.1 
230 45.1 
231 45.1 
232 45.6 
233 45.6 
234 45.1 
235 45.6 
236 45.1 
237 45.1 
238 45.1 
239 45.1 
240 45.1 
241 45.1 
242 45.1 
243 45.1 
244 45.6 
245 45.1 
246 45.1 
247 45.1 
248 44 
249 45.1 
250 45.1 
251 45.1 
252 45.1 
253 45.1 
254 45.1 
255 45.1 
256 45.1 
257 45.1 
258 45.1 
259 45.1 
260 45.1 
261 45.1 
262 45.1 
263 45.1 
264 45.1 
265 45.1 
266 45.1 
267 45.1 
268 45.1 
269 45.1 
270 45.1 
271 45.1 
272 45.1 
273 45.1 
274 45.1 
275 45.1 
276 45.1 
277 45.1 
278 45.1 
279 45.1 
280 45.1 
281 45.1 
282 45.1 
283 45.1 
284 45.1 
285 45.1 
286 45.1 
287 45.1 
288 45.1 
289 45.1 
290 45.1 
291 45.1 
292 44.5 
293 45.1 
294 45.1 
295 45.1 
296 45.1 
297 45.1 
298 45.1 
299 45.1 
300 45.1 
301 45.1 
302 45.1 
303 45.1 
304 45.1 
305 45.1 
306 45.1 
307 44.5 
308 45.1 
309 45.1 
310 45.1 
311 45.1 
312 45.1 
313 45.1 
314 45.1 
315 45.1 
316 44.5 
317 45.1 
318 45.1 
319 45.1 
320 45.1 
321 45.1 
322 45.1 
323 45.1 
324 45.1 
325 45.1 
326 45.1 
327 45.1 
328 44.5 
329 45.1 
330 45.1 
331 45.6 
332 45.1 
333 45.1 
334 45.1 
335 45.1 
336 45.1 
337 45.1 
338 45.1 
339 45.1 
340 45.1 
341 45.1 
342 45.1 
343 45.1 
344 45.1 
345 45.1 
346 45.1 
347 45.1 
348 45.1 
349 44.5 
350 45.1 
351 44.5 
352 45.1 
353 45.1 
354 45.1 
355 44.5 
356 45.1 
357 44 
358 45.1 
359 44 
360 45.1 
361 45.1 
362 44.5 
363 44.5 
364 45.1 
365 45.1 
366 45.1 
367 45.1 
368 44.5 
369 44.5 
370 45.1 
371 44 
372 44.5 
373 44 
374 45.1 
375 45.1 
376 45.1 
377 44.5 
378 45.1 
379 45.1 
380 45.1 
381 44.5 
382 45.1 
383 45.1 
384 44.5 
385 45.1 
386 45.1 
387 45.1 
388 45.1 
389 44.5 
390 44 
391 45.1 
392 45.1 
393 44.5 
394 45.1 
395 45.1 
396 45.1 
397 44.5 
398 44.5 
399 44.5 
400 45.1 
401 44.5 
402 44.5 
403 45.1 
404 44.5 
405 45.1 
406 44 
407 44 
408 44.5 
409 44 
410 44.5 
411 45.1 
412 44 
413 44.5 
414 45.1 
415 45.1 
416 44.5 
417 45.1 
418 44.5 
419 45.1 
420 44.5 
421 45.1 
422 44.5 
423 45.1 
424 44.5 
425 44.5 
426 44.5 
427 44.5 
428 45.1 
429 45.1 
430 44 
431 44.5 
432 45.1 
433 44.5 
434 45.1 
435 44.5 
436 44.5 
437 44.5 
438 44 
439 44.5 
440 44.5 
441 44.5 
442 44.5 
443 44.5 
444 44 
445 45.1 
446 45.1 
447 45.1 
448 44 
449 45.1 
450 44.5 
451 44.5 
452 44.5 
453 44.5 
454 45.1 
455 44 
456 45.1 
457 44 
458 44 
459 44 
460 44 
461 44.5 
462 45.1 
463 44.5 
464 44.5 
465 44.5 
466 44.5 
467 44.5 
468 44.5 
469 44.5 
470 44.5 
471 44 
472 44 
473 44.5 
474 44.5 
475 45.1 
476 44.5 
477 44.5 
478 45.1 
479 44.5 
480 45.1 
481 45.1 
482 44 
483 44 
484 44.5 
485 44.5 
486 44.5 
487 44.5 
488 44.5 
489 44.5 
490 44 
491 44.5 
492 44.5 
493 44.5 
494 45.1 
495 44.5 
496 44 
497 44.5 
498 45.1 
499 44.5 
500 44.5 
501 44 
502 45.1 
503 44.5 
504 45.1 
505 44 
506 44 
507 44.5 
508 44.5 
509 44 
510 45.1 
511 44.5 
512 44 
513 44 
514 44.5 
515 44 
516 44.5 
517 44 
518 44 
519 45.1 
520 44.5 
521 45.1 
522 45.1 
523 44.5 
524 45.1 
525 44.5 
526 44.5 
527 44.5 
528 44.5 
529 44 
530 44.5 
531 44.5 
532 44.5 
533 44.5 
534 44 
535 44 
536 44.5 
537 44.5 
538 44.5 
539 44 
540 44.5 
541 44.5 
542 44 
543 44 
544 44.5 
545 44.5 
546 44 
547 45.1 
548 44 
549 44.5 
550 44 
551 44 
552 44 
553 44 
554 44.5 
555 44 
556 44.5 
557 44 
558 45.1 
559 44.5 
560 45.1 
561 44 
562 44.5 
563 43.5 
564 44 
565 44 
566 45.1 
567 44 
568 44.5 
569 44 
570 45.1 
571 44.5 
572 44.5 
573 44 
574 44 
575 44 
576 44.5 
577 45.1 
578 44.5 
579 44 
580 45.1 
581 44 
582 44 
583 44.5 
584 44.5 
585 44 
586 44.5 
587 44 
588 44 
589 44.5 
590 44.5 
591 44 
592 44.5 
593 44.5 
594 44.5 
595 44 
596 44 
597 44 
598 44.5 
599 44 
600 44 
601 44 
602 44 
603 44.5 
604 44 
605 44.5 
606 44 
607 44.5 
608 44 
609 44.5 
610 44 
611 44 
612 44 
613 44.5 
614 44 
615 44 
616 44.5 
617 44 
618 44.5 
619 44.5 
620 44.5 
621 44.5 
622 44 
623 44 
624 44.5 
625 44.5 
626 44 
627 44 
628 44 
629 44.5 
630 44 
631 44.5 
632 44 
633 44 
634 44 
635 44.5 
636 44 
637 44.5 
638 44.5 
639 44.5 
640 44 
641 45.1 
642 44 
643 44.5 
644 44 
645 44 
646 44.5 
647 45.1 
648 44.5 
649 44.5 
650 44 
651 44 
652 44.5 
653 44.5 
654 44 
655 44 
656 44 
657 44 
658 44 
659 44 
660 44 
661 44 
662 44.5 
663 44.5 
664 44 
665 44.5 
666 44 
667 44 
668 44.5 
669 44 
670 44.5 
671 44.5 
672 44.5 
673 44 
674 45.1 
675 44 
676 44 
677 44 
678 44.5 
679 44.5 
680 44 
681 44.5 
682 44.5 
683 44 
684 44.5 
685 44 
686 44 
687 44.5 
688 44 
689 44 
690 44 
691 44.5 
692 44 
693 44 
694 44.5 
695 44 
696 44 
697 44 
698 44 
699 44 
700 44.5 
701 44 
702 44 
703 44.5 
704 43.5 
705 44 
706 44 
707 44 
708 44 
709 44 
710 44.5 
711 44 
712 44 
713 44.5 
714 44 
715 44.5 
716 45.1 
717 44.5 
718 44 
719 44.5 
720 44 
721 44 
722 45.1 
723 44 
724 44 
725 44 
726 45.1 
727 44 
728 44 
729 44 
730 44 
731 44 
732 44.5 
733 44 
734 44 
735 44 
736 44 
737 44 
738 44.5 
739 44 
740 44 
741 44 
742 44 
743 44 
744 44.5 
745 44 
746 44.5 
747 44 
748 44.5 
749 44 
750 44 
751 44 
752 44 
753 44 
754 44 
755 44 
756 44 
757 44 
758 44 
759 44 
760 44 
761 44 
762 44 
763 44.5 
764 44 
765 44 
766 44.5 
767 44.5 
768 44.5 
769 44.5 
770 45.1 
771 44 
772 44 
773 44 
774 44 
775 44.5 
776 44 
777 44 
778 44.5 
779 44 
780 44.5 
781 44 
782 44 
783 44.5 
784 44.5 
785 44 
786 44 
787 44 
788 45.1 
789 44 
790 44 
791 44.5 
792 44.5 
793 44 
794 44.5 
795 44 
796 44 
797 44.5 
798 44 
799 44.5 
800 44.5 
801 44 
802 44.5 
803 44 
804 44.5 
805 44 
806 44.5 
807 44.5 
808 44 
809 44.5 
810 44.5 
811 44.5 
812 44.5 
813 44.5 
814 44.5 
815 45.1 
816 44.5 
817 44.5 
818 44.5 
819 44 
820 44 
821 44.5 
822 44 
823 44 
824 44.5 
825 44 
826 45.1 
827 44 
828 44 
829 44 
830 44.5 
831 44 
832 45.1 
833 44.5 
834 44.5 
835 44.5 
836 44.5 
837 44.5 
838 44.5 
839 44 
840 45.1 
841 44.5 
842 44.5 
843 45.1 
844 44 
845 44 
846 44.5 
847 44.5 
848 44 
849 44 
850 44.5 
851 44 
852 45.1 
853 45.1 
854 44.5 
855 45.1 
856 45.1 
857 44.5 
858 44.5 
859 45.1 
860 45.1 
861 44.5 
862 44 
863 44.5 
864 44 
865 44 
866 44.5 
867 44.5 
868 44.5 
869 45.1 
870 44.5 
871 44.5 
872 45.1 
873 44 
874 44.5 
875 45.1 
876 44.5 
877 45.1 
878 44 
879 44 
880 45.1 
881 44 
882 45.1 
883 44.5 
884 44.5 
885 44 
886 45.1 
887 45.1 
888 45.1 
889 44.5 
890 44.5 
891 45.1 
892 45.1 
893 45.1 
894 44 
895 44 
896 44 
897 45.1 
898 45.1 
899 45.1 
900 45.1 
901 44.5 
902 44 
903 45.1 
904 44 
905 45.1 
906 44.5 
907 44.5 
908 45.1 
909 45.1 
910 45.1 
911 44.5 
912 45.1 
913 44.5 
914 45.1 
915 44.5 
916 45.1 
917 44.5 
918 44.5 
919 44.5 
920 44.5 
921 45.1 
922 44.5 
923 44 
924 44 
925 44.5 
926 45.1 
927 45.1 
928 45.1 
929 44.5 
930 45.1 
931 45.1 
932 44 
933 45.1 
934 45.1 
935 44.5 
936 45.1 
937 44 
938 45.1 
939 44.5 
940 45.1 
941 45.1 
942 45.1 
943 45.1 
944 45.1 
945 45.1 
946 45.1 
947 45.1 
948 45.1 
949 45.1 
950 45.1 
951 45.1 
952 45.1 
953 45.1 
954 45.1 
955 45.1 
956 44.5 
957 45.1 
958 45.1 
959 45.1 
960 45.1 
961 45.1 
962 45.1 
963 45.1 
964 44.5 
965 45.1 
966 44.5 
967 44.5 
968 45.1 
969 45.1 
970 45.1 
971 45.1 
972 45.1 
973 45.1 
974 44.5 
975 45.1 
976 45.1 
977 45.1 
978 45.1 
979 45.1 
980 45.1 
981 45.1 
982 45.1 
983 45.1 
984 45.1 
985 44.5 
986 45.1 
987 45.1 
988 45.1 
989 45.1 
990 45.1 
991 45.1 
992 45.1 
993 45.1 
994 45.1 
995 44.5 
996 45.1 
997 45.1 
998 45.1 
999 45.1 
1000 45.1 
1001 45.1 
1002 45.1 
1003 45.1 
1004 45.1 
1005 45.1 
1006 45.1 
1007 44.5 
1008 45.1 
1009 45.1 
1010 45.1 
1011 45.1 
1012 45.1 
1013 45.1 
1014 45.1 
1015 45.1 
1016 45.1 
1017 45.1 
1018 44.5 
1019 45.1 
1020 45.1 
1021 45.1 
1022 45.6 
1023 45.1 
1024 45.1 
1025 45.1 
1026 45.1 
1027 45.1 
1028 44.5 
1029 45.1 
1030 45.1 
1031 45.1 
1032 45.1 
1033 45.1 
1034 45.1 
1035 45.1 
1036 45.1 
1037 45.1 
1038 45.1 
1039 45.1 
1040 45.1 
1041 45.1 
1042 45.1 
1043 45.1 
1044 45.1 
1045 45.1 
1046 45.1 
1047 45.1 
1048 45.1 
1049 45.1 
1050 45.1 
1051 45.1 
1052 45.1 
1053 45.1 
1054 45.1 
1055 45.1 
1056 45.1 
1057 45.6 
1058 45.1 
1059 45.1 
1060 45.1 
1061 45.1 
1062 45.1 
1063 45.1 
1064 45.1 
1065 45.1 
1066 45.1 
1067 45.1 
1068 45.1 
1069 45.1 
1070 45.1 
1071 45.6 
1072 45.1 
1073 45.1 
1074 45.1 
1075 45.6 
1076 45.1 
1077 45.1 
1078 45.1 
1079 45.1 
1080 45.1 
1081 45.1 
1082 45.6 
1083 45.1 
1084 45.1 
1085 45.6 
1086 45.1 
1087 45.1 
1088 45.1 
1089 45.1 
1090 45.1 
1091 45.1 
1092 45.1 
1093 45.1 
1094 45.1 
1095 45.6 
1096 45.1 
1097 45.1 
1098 45.1 
1099 45.1 
1100 45.6 
1101 45.1 
1102 45.1 
1103 45.1 
1104 45.1 
1105 45.1 
1106 45.6 
1107 45.1 
1108 45.1 
1109 45.1 
1110 45.1 
1111 45.1 
1112 45.1 
1113 45.1 
1114 45.6 
1115 45.1 
1116 45.1 
1117 45.6 
1118 46.2 
1119 45.1 
1120 45.6 
1121 45.1 
1122 45.1 
1123 45.1 
1124 45.6 
1125 45.1 
1126 45.1 
1127 45.1 
1128 45.6 
1129 45.1 
1130 45.1 
1131 45.6 
1132 45.6 
1133 45.1 
1134 45.6 
1135 45.6 
1136 45.6 
1137 45.1 
1138 45.1 
1139 45.6 
1140 45.1 
1141 45.1 
1142 45.1 
1143 45.1 
1144 45.6 
1145 45.6 
1146 45.6 
1147 45.6 
1148 45.1 
1149 45.1 
1150 45.1 
1151 45.6 
1152 45.6 
1153 45.1 
1154 45.1 
1155 45.6 
1156 45.1 
1157 45.6 
1158 45.1 
1159 45.6 
1160 45.1 
1161 45.1 
1162 45.6 
1163 45.1 
1164 45.6 
1165 45.1 
1166 45.1 
1167 45.6 
1168 45.1 
1169 45.6 
1170 45.1 
1171 45.1 
1172 45.6 
1173 45.6 
1174 45.1 
1175 45.6 
1176 45.6 
1177 45.6 
1178 45.1 
1179 46.2 
1180 45.6 
1181 45.1 
1182 46.2 
1183 45.6 
1184 45.6 
1185 45.6 
1186 45.1 
1187 45.6 
1188 45.6 
1189 45.1 
1190 45.1 
1191 45.6 
1192 45.1 
1193 45.1 
1194 45.6 
1195 45.6 
1196 45.6 
1197 45.1 
1198 45.1 
1199 46.2 
1200 45.6 
1201 46.2 
1202 45.6 
1203 45.1 
1204 45.1 
1205 45.1 
1206 45.6 
1207 45.6 
1208 45.6 
1209 45.1 
1210 45.6 
1211 45.6 
1212 45.1 
1213 45.1 
1214 45.1 
1215 45.1 
1216 45.1 
1217 46.2 
1218 45.6 
1219 45.6 
1220 45.6 
1221 45.1 
1222 46.2 
1223 46.2 
1224 45.6 
1225 45.6 
1226 46.2 
1227 45.6 
1228 45.1 
1229 45.6 
1230 45.1 
1231 45.6 
1232 45.1 
1233 45.6 
1234 45.1 
1235 45.6 
1236 45.1 
1237 45.6 
1238 45.1 
1239 45.6 
1240 45.6 
1241 45.6 
1242 45.6 
1243 45.6 
1244 46.2 
1245 45.6 
1246 45.1 
1247 45.1 
1248 45.1 
1249 46.2 
1250 45.6 
1251 45.6 
1252 45.6 
1253 46.2 
1254 45.1 
1255 45.1 
1256 45.1 
1257 45.6 
1258 45.6 
1259 46.2 
1260 45.6 
1261 45.1 
1262 45.6 
1263 45.1 
1264 45.1 
1265 45.6 
1266 45.1 
1267 45.1 
1268 46.2 
1269 45.6 
1270 45.6 
1271 45.1 
1272 46.2 
1273 45.6 
1274 46.2 
1275 45.1 
1276 45.6 
1277 45.6 
1278 45.6 
1279 45.1 
1280 45.1 
1281 45.6 
1282 45.1 
1283 45.1 
1284 45.6 
1285 45.6 
1286 45.6 
1287 45.6 
1288 45.1 
1289 45.6 
1290 45.6 
1291 45.1 
1292 46.2 
1293 45.1 
1294 45.1 
1295 45.6 
1296 45.1 
1297 45.6 
1298 45.1 
1299 45.6 
1300 46.2 
1301 46.2 
1302 45.6 
1303 45.6 
1304 45.6 
1305 45.1 
1306 45.6 
1307 45.1 
1308 45.1 
1309 46.2 
1310 45.6 
1311 45.6 
1312 45.6 
1313 45.1 
1314 45.6 
1315 45.6 
1316 45.6 
1317 46.2 
1318 45.6 
1319 45.1 
1320 45.6 
1321 46.2 
1322 46.2 
1323 45.1 
1324 46.2 
1325 46.2 
1326 45.1 
1327 46.2 
1328 45.1 
1329 45.6 
1330 45.6 
1331 45.6 
1332 45.1 
1333 45.1 
1334 45.6 
1335 45.1 
1336 45.6 
1337 45.6 
1338 45.1 
1339 45.1 
1340 45.1 
1341 45.1 
1342 45.6 
1343 45.1 
1344 45.6 
1345 45.6 
1346 45.6 
1347 45.1 
1348 45.6 
1349 45.6 
1350 45.6 
1351 45.6 
1352 45.6 
1353 45.6 
1354 45.6 
1355 45.1 
1356 45.6 
1357 45.6 
1358 46.2 
1359 45.6 
1360 46.2 
1361 46.2 
1362 45.6 
1363 45.6 
1364 45.1 
1365 45.6 
1366 46.2 
1367 45.6 
1368 45.1 
1369 45.6 
1370 46.2 
1371 46.2 
1372 46.2 
1373 45.1 
1374 45.6 
1375 45.1 
1376 45.6 
1377 45.6 
1378 45.6 
1379 45.6 
1380 45.6 
1381 45.1 
1382 45.6 
1383 45.6 
1384 45.6 
1385 45.1 
1386 45.1 
1387 45.1 
1388 45.1 
1389 45.6 
1390 45.1 
1391 46.2 
1392 45.6 
1393 45.1 
1394 45.6 
1395 45.1 
1396 45.6 
1397 45.6 
1398 46.2 
1399 45.6 
1400 45.6 