1 50.5 
2 49.9 
3 51 
4 51 
5 51.5 
6 51.5 
7 51 
8 51.5 
9 51.5 
10 51.5 
11 51.5 
12 51.5 
13 51.5 
14 51 
15 51.5 
16 51.5 
17 51.5 
18 51.5 
19 51.5 
20 51.5 
21 51.5 
22 51.5 
23 51.5 
24 50.5 
25 50.5 
26 50.5 
27 50.5 
28 50.5 
29 50.5 
30 50.5 
31 49.9 
32 51 
33 50.5 
34 49.9 
35 50.5 
36 49.9 
37 50.5 
38 50.5 
39 50.5 
40 50.5 
41 50.5 
42 50.5 
43 50.5 
44 50.5 
45 49.9 
46 49.9 
47 49.9 
48 50.5 
49 49.4 
50 50.5 
51 50.5 
52 50.5 
53 50.5 
54 49.9 
55 50.5 
56 50.5 
57 50.5 
58 50.5 
59 49.9 
60 49.9 
61 50.5 
62 50.5 
63 50.5 
64 50.5 
65 49.9 
66 50.5 
67 50.5 
68 49.9 
69 50.5 
70 50.5 
71 50.5 
72 49.9 
73 50.5 
74 50.5 
75 49.9 
76 49.4 
77 49.9 
78 49.4 
79 50.5 
80 49.4 
81 50.5 
82 50.5 
83 49.9 
84 49.9 
85 50.5 
86 49.9 
87 49.4 
88 49.4 
89 49.4 
90 49.9 
91 49.9 
92 50.5 
93 50.5 
94 49.9 
95 49.9 
96 50.5 
97 49.9 
98 49.9 
99 49.9 
100 49.4 
101 49.9 
102 49.4 
103 49.9 
104 49.9 
105 49.4 
106 49.9 
107 49.4 
108 49.4 
109 49.9 
110 49.9 
111 49.9 
112 49.4 
113 49.4 
114 49.9 
115 49.9 
116 49.4 
117 49.9 
118 49.9 
119 49.9 
120 49.9 
121 49.9 
122 49.4 
123 49.4 
124 49.4 
125 49.4 
126 49.9 
127 49.4 
128 50.5 
129 49.9 
130 49.4 
131 49.4 
132 49.4 
133 49.9 
134 49.9 
135 49.9 
136 49.4 
137 49.9 
138 49.4 
139 49.4 
140 49.4 
141 49.4 
142 49.4 
143 49.9 
144 49.4 
145 49.4 
146 49.4 
147 49.4 
148 49.9 
149 49.4 
150 49.9 
151 49.4 
152 49.4 
153 49.4 
154 49.4 
155 49.9 
156 49.4 
157 49.4 
158 49.4 
159 49.4 
160 49.9 
161 49.4 
162 49.4 
163 49.4 
164 49.4 
165 49.9 
166 49.4 
167 49.4 
168 49.9 
169 49.4 
170 49.4 
171 49.4 
172 49.4 
173 49.9 
174 49.4 
175 49.4 
176 49.4 
177 49.9 
178 49.4 
179 49.4 
180 49.4 
181 49.4 
182 49.4 
183 49.4 
184 49.4 
185 49.4 
186 49.4 
187 49.9 
188 49.4 
189 49.4 
190 49.4 
191 49.9 
192 49.4 
193 49.4 
194 49.4 
195 49.4 
196 49.4 
197 49.4 
198 49.4 
199 49.4 
200 48.9 
201 49.9 
202 49.4 
203 49.4 
204 49.4 
205 49.4 
206 49.4 
207 49.4 
208 49.4 
209 49.4 
210 49.4 
211 49.4 
212 49.4 
213 49.9 
214 49.4 
215 49.4 
216 49.4 
217 49.4 
218 49.4 
219 49.4 
220 49.4 
221 49.4 
222 49.4 
223 49.4 
224 49.9 
225 49.4 
226 49.4 
227 49.4 
228 49.4 
229 49.9 
230 49.4 
231 49.4 
232 49.4 
233 49.4 
234 49.4 
235 49.4 
236 49.4 
237 49.4 
238 49.4 
239 49.4 
240 49.4 
241 49.4 
242 49.4 
243 49.4 
244 49.4 
245 49.4 
246 49.4 
247 49.4 
248 49.9 
249 49.4 
250 49.4 
251 49.4 
252 49.4 
253 49.4 
254 49.4 
255 49.4 
256 49.4 
257 49.4 
258 49.4 
259 49.4 
260 49.4 
261 49.9 
262 49.4 
263 49.4 
264 49.4 
265 49.4 
266 49.4 
267 49.4 
268 49.4 
269 49.9 
270 49.4 
271 49.4 
272 49.4 
273 49.4 
274 49.9 
275 49.4 
276 49.4 
277 49.4 
278 49.4 
279 49.4 
280 49.4 
281 49.4 
282 49.4 
283 49.4 
284 49.4 
285 49.4 
286 49.4 
287 49.4 
288 49.4 
289 49.4 
290 49.4 
291 49.4 
292 49.4 
293 49.4 
294 49.4 
295 49.4 
296 49.4 
297 49.4 
298 49.4 
299 49.4 
300 49.4 
301 49.4 
302 49.4 
303 49.4 
304 49.4 
305 49.4 
306 48.9 
307 49.4 
308 49.4 
309 49.4 
310 49.4 
311 49.4 
312 49.4 
313 49.4 
314 49.4 
315 49.4 
316 49.4 
317 49.4 
318 49.4 
319 49.4 
320 49.4 
321 49.4 
322 49.4 
323 49.4 
324 49.4 
325 49.4 
326 49.4 
327 49.4 
328 49.4 
329 48.9 
330 49.4 
331 49.4 
332 49.4 
333 49.4 
334 49.4 
335 49.4 
336 49.4 
337 49.4 
338 49.4 
339 49.4 
340 48.3 
341 49.4 
342 48.9 
343 48.3 
344 49.4 
345 48.3 
346 48.9 
347 48.3 
348 48.9 
349 48.3 
350 48.3 
351 49.4 
352 48.3 
353 49.4 
354 48.9 
355 49.4 
356 48.3 
357 48.3 
358 48.9 
359 48.3 
360 48.3 
361 49.4 
362 48.3 
363 48.3 
364 48.3 
365 48.3 
366 48.3 
367 49.4 
368 49.4 
369 49.4 
370 48.3 
371 49.4 
372 48.3 
373 49.4 
374 48.3 
375 48.3 
376 49.4 
377 48.9 
378 48.3 
379 48.3 
380 48.9 
381 48.3 
382 48.9 
383 48.9 
384 48.9 
385 48.9 
386 48.9 
387 48.9 
388 48.3 
389 48.3 
390 48.3 
391 48.9 
392 48.3 
393 48.3 
394 48.3 
395 48.3 
396 48.3 
397 48.3 
398 48.9 
399 48.3 
400 48.3 
401 48.3 
402 48.3 
403 48.3 
404 48.9 
405 48.3 
406 48.9 
407 49.4 
408 48.9 
409 48.9 
410 48.9 
411 48.3 
412 48.9 
413 49.4 
414 48.3 
415 48.3 
416 48.3 
417 48.3 
418 48.9 
419 48.3 
420 48.3 
421 48.3 
422 48.3 
423 48.9 
424 48.9 
425 48.3 
426 48.9 
427 48.9 
428 48.3 
429 48.9 
430 48.3 
431 48.3 
432 48.3 
433 48.3 
434 48.9 
435 48.3 
436 48.3 
437 48.3 
438 49.4 
439 48.3 
440 48.9 
441 48.3 
442 48.3 
443 48.3 
444 48.3 
445 48.3 
446 48.3 
447 48.3 
448 48.3 
449 48.3 
450 48.9 
451 48.3 
452 48.3 
453 48.3 
454 48.9 
455 48.3 
456 48.9 
457 48.3 
458 48.3 
459 48.3 
460 48.3 
461 48.3 
462 48.9 
463 49.4 
464 48.3 
465 48.9 
466 48.3 
467 48.3 
468 48.3 
469 48.3 
470 48.3 
471 48.3 
472 48.3 
473 48.3 
474 48.3 
475 48.3 
476 48.9 
477 49.4 
478 48.9 
479 48.9 
480 48.3 
481 48.9 
482 48.3 
483 49.4 
484 48.3 
485 48.3 
486 48.3 
487 48.3 
488 48.3 
489 48.3 
490 48.3 
491 48.3 
492 48.3 
493 48.3 
494 48.3 
495 48.3 
496 48.3 
497 48.3 
498 48.3 
499 48.3 
500 48.3 
501 48.3 
502 48.3 
503 48.3 
504 48.3 
505 48.3 
506 48.3 
507 48.3 
508 48.3 
509 48.3 
510 48.3 
511 48.3 
512 48.3 
513 48.3 
514 48.3 
515 48.3 
516 48.3 
517 48.3 
518 48.3 
519 48.9 
520 48.3 
521 48.3 
522 48.9 
523 48.3 
524 48.3 
525 48.3 
526 47.8 
527 48.3 
528 48.3 
529 48.3 
530 48.3 
531 48.3 
532 48.9 
533 48.3 
534 48.3 
535 48.3 
536 48.3 
537 48.3 
538 48.3 
539 48.3 
540 48.3 
541 48.3 
542 48.3 
543 48.3 
544 48.3 
545 48.3 
546 48.3 
547 47.2 
548 48.3 
549 48.3 
550 47.8 
551 48.3 
552 48.3 
553 48.3 
554 48.3 
555 48.3 
556 48.3 
557 48.3 
558 48.3 
559 48.3 
560 48.3 
561 48.3 
562 48.3 
563 48.3 
564 48.3 
565 48.3 
566 48.3 
567 48.3 
568 48.3 
569 48.3 
570 48.3 
571 48.3 
572 48.3 
573 48.3 
574 48.3 
575 48.3 
576 47.8 
577 48.3 
578 48.3 
579 48.3 
580 48.3 
581 48.3 
582 48.3 
583 48.3 
584 48.3 
585 48.3 
586 48.3 
587 48.3 
588 48.3 
589 48.3 
590 48.3 
591 48.3 
592 48.3 
593 47.8 
594 48.3 
595 48.3 
596 47.8 
597 48.3 
598 47.8 
599 48.3 
600 48.3 
601 48.3 
602 48.3 
603 48.3 
604 48.3 
605 48.3 
606 48.3 
607 48.3 
608 48.3 
609 48.3 
610 48.3 
611 48.3 
612 48.3 
613 48.3 
614 48.3 
615 48.3 
616 48.3 
617 48.3 
618 48.3 
619 47.8 
620 47.8 
621 48.3 
622 48.3 
623 48.3 
624 48.3 
625 48.3 
626 48.3 
627 48.3 
628 47.8 
629 48.3 
630 48.3 
631 48.3 
632 48.3 
633 48.3 
634 47.8 
635 48.3 
636 48.3 
637 48.3 
638 48.3 
639 48.3 
640 48.3 
641 47.8 
642 48.3 
643 48.3 
644 47.8 
645 48.3 
646 48.3 
647 48.9 
648 48.3 
649 48.3 
650 48.3 
651 48.3 
652 48.3 
653 48.3 
654 48.3 
655 47.8 
656 48.3 
657 48.3 
658 48.3 
659 48.3 
660 48.3 
661 48.3 
662 48.3 
663 48.3 
664 47.8 
665 48.3 
666 48.3 
667 48.3 
668 48.3 
669 47.8 
670 48.3 
671 48.3 
672 47.8 
673 48.9 
674 48.3 
675 48.3 
676 47.8 
677 48.3 
678 48.3 
679 48.3 
680 48.3 
681 47.8 
682 48.3 
683 48.3 
684 47.8 
685 48.3 
686 48.3 
687 48.3 
688 48.3 
689 48.3 
690 48.3 
691 48.3 
692 48.3 
693 48.3 
694 48.3 
695 48.3 
696 47.8 
697 48.3 
698 48.3 
699 47.8 
700 48.3 
701 48.3 
702 48.3 
703 48.3 
704 48.3 
705 48.3 
706 48.3 
707 48.3 
708 48.3 
709 48.3 
710 48.3 
711 48.3 
712 48.3 
713 48.3 
714 48.3 
715 47.8 
716 48.3 
717 48.3 
718 48.3 
719 48.3 
720 48.3 
721 47.8 
722 48.3 
723 48.3 
724 48.3 
725 48.3 
726 48.3 
727 47.8 
728 48.3 
729 48.3 
730 47.8 
731 48.3 
732 47.8 
733 48.3 
734 47.8 
735 48.3 
736 48.3 
737 48.3 
738 48.3 
739 48.3 
740 48.9 
741 48.3 
742 48.3 
743 48.3 
744 48.3 
745 48.3 
746 48.3 
747 48.3 
748 48.3 
749 48.3 
750 48.3 
751 48.3 
752 48.3 
753 48.3 
754 48.3 
755 48.3 
756 48.3 
757 48.3 
758 47.8 
759 48.3 
760 48.3 
761 48.3 
762 48.3 
763 48.3 
764 48.3 
765 48.3 
766 48.3 
767 48.3 
768 48.3 
769 48.3 
770 48.3 
771 48.3 
772 48.3 
773 48.3 
774 48.3 
775 48.3 
776 48.3 
777 48.3 
778 48.9 
779 48.3 
780 48.3 
781 48.3 
782 48.3 
783 48.3 
784 48.3 
785 48.3 
786 47.8 
787 48.3 
788 48.3 
789 48.3 
790 48.3 
791 48.3 
792 48.3 
793 48.3 
794 47.8 
795 48.3 
796 48.3 
797 48.3 
798 48.3 
799 48.3 
800 48.3 
801 48.3 
802 48.3 
803 48.3 
804 48.3 
805 48.3 
806 48.3 
807 48.3 
808 48.3 
809 48.3 
810 48.3 
811 48.3 
812 48.3 
813 48.3 
814 48.3 
815 48.3 
816 47.8 
817 48.3 
818 48.3 
819 48.3 
820 47.8 
821 48.3 
822 48.3 
823 48.3 
824 47.8 
825 48.3 
826 48.3 
827 48.3 
828 48.3 
829 47.8 
830 48.3 
831 48.3 
832 48.9 
833 48.3 
834 48.3 
835 48.9 
836 48.9 
837 48.3 
838 48.3 
839 48.3 
840 48.3 
841 48.3 
842 48.3 
843 48.3 
844 48.3 
845 48.3 
846 48.3 
847 48.3 
848 48.3 
849 48.3 
850 48.3 
851 48.3 
852 48.3 
853 48.3 
854 48.3 
855 48.3 
856 48.3 
857 48.3 
858 47.8 
859 47.8 
860 48.3 
861 48.3 
862 48.3 
863 48.3 
864 48.3 
865 48.3 
866 48.3 
867 48.3 
868 47.8 
869 48.3 
870 48.9 
871 48.9 
872 48.3 
873 48.3 
874 48.9 
875 48.3 
876 48.3 
877 48.3 
878 48.3 
879 48.3 
880 48.3 
881 48.3 
882 48.3 
883 48.3 
884 48.9 
885 48.3 
886 48.3 
887 48.3 
888 48.3 
889 48.9 
890 48.3 
891 49.4 
892 48.3 
893 48.3 
894 48.3 
895 48.3 
896 48.3 
897 48.9 
898 48.3 
899 48.3 
900 48.3 
901 48.3 
902 48.3 
903 48.3 
904 48.3 
905 48.3 
906 48.3 
907 48.3 
908 48.3 
909 48.3 
910 48.3 
911 48.3 
912 49.4 
913 48.3 
914 48.3 
915 48.3 
916 48.9 
917 48.3 
918 48.9 
919 48.9 
920 48.9 
921 48.3 
922 48.3 
923 48.3 
924 48.3 
925 48.3 
926 48.3 
927 48.3 
928 48.9 
929 48.9 
930 48.3 
931 48.3 
932 48.3 
933 48.9 
934 48.3 
935 48.3 
936 48.9 
937 48.3 
938 48.9 
939 48.9 
940 48.3 
941 48.9 
942 48.3 
943 48.3 
944 48.3 
945 48.9 
946 48.3 
947 48.3 
948 48.3 
949 48.9 
950 48.3 
951 48.3 
952 48.3 
953 48.3 
954 48.3 
955 48.9 
956 48.3 
957 48.3 
958 48.3 
959 48.3 
960 48.3 
961 48.9 
962 48.3 
963 48.3 
964 48.3 
965 48.9 
966 48.9 
967 48.9 
968 48.3 
969 48.9 
970 49.4 
971 48.3 
972 48.9 
973 48.3 
974 48.3 
975 48.9 
976 49.4 
977 48.9 
978 48.3 
979 48.9 
980 48.3 
981 48.3 
982 48.3 
983 48.3 
984 49.4 
985 48.3 
986 49.4 
987 48.9 
988 48.3 
989 48.3 
990 48.3 
991 48.3 
992 49.4 
993 48.9 
994 49.4 
995 48.9 
996 48.9 
997 49.4 
998 48.3 
999 48.9 
1000 48.3 
1001 48.3 
1002 49.4 
1003 49.4 
1004 48.9 
1005 49.4 
1006 49.4 
1007 48.9 
1008 49.4 
1009 48.9 
1010 48.9 
1011 48.3 
1012 48.3 
1013 48.3 
1014 48.3 
1015 48.3 
1016 48.9 
1017 48.9 
1018 48.3 
1019 48.3 
1020 48.9 
1021 48.9 
1022 49.4 
1023 48.9 
1024 48.3 
1025 49.4 
1026 49.4 
1027 48.9 
1028 48.3 
1029 48.9 
1030 48.3 
1031 49.4 
1032 49.4 
1033 49.4 
1034 48.3 
1035 49.4 
1036 48.3 
1037 48.3 
1038 48.3 
1039 48.3 
1040 48.9 
1041 49.4 
1042 49.4 
1043 49.4 
1044 48.9 
1045 48.3 
1046 49.4 
1047 49.4 
1048 49.4 
1049 49.4 
1050 48.9 
1051 48.9 
1052 48.9 
1053 49.4 
1054 48.9 
1055 48.9 
1056 48.9 
1057 48.3 
1058 49.4 
1059 49.4 
1060 48.3 
1061 49.4 
1062 49.4 
1063 48.3 
1064 49.4 
1065 49.4 
1066 49.4 
1067 49.4 
1068 48.9 
1069 49.4 
1070 49.4 
1071 48.3 
1072 48.9 
1073 49.4 
1074 49.4 
1075 49.4 
1076 48.3 
1077 49.4 
1078 49.4 
1079 48.3 
1080 49.4 
1081 49.4 
1082 49.4 
1083 49.4 
1084 49.4 
1085 48.9 
1086 48.9 
1087 49.4 
1088 49.4 
1089 48.9 
1090 48.3 
1091 48.9 
1092 49.4 
1093 49.4 
1094 49.4 
1095 49.4 
1096 49.4 
1097 49.4 
1098 49.4 
1099 49.4 
1100 49.4 
1101 49.4 
1102 49.4 
1103 48.9 
1104 49.4 
1105 49.4 
1106 49.4 
1107 49.4 
1108 48.9 
1109 49.4 
1110 49.4 
1111 49.4 
1112 48.9 
1113 48.9 
1114 49.4 
1115 48.9 
1116 49.4 
1117 49.4 
1118 49.4 
1119 49.4 
1120 48.9 
1121 48.9 
1122 49.4 
1123 49.4 
1124 48.9 
1125 49.4 
1126 48.9 
1127 49.4 
1128 49.4 
1129 49.4 
1130 49.4 
1131 49.4 
1132 49.4 
1133 49.4 
1134 49.4 
1135 49.4 
1136 49.4 
1137 49.4 
1138 49.4 
1139 49.4 
1140 49.4 
1141 49.4 
1142 49.4 
1143 49.4 
1144 49.4 
1145 49.4 
1146 49.4 
1147 49.4 
1148 49.4 
1149 49.4 
1150 49.4 
1151 49.4 
1152 49.4 
1153 49.4 
1154 49.4 
1155 48.9 
1156 49.4 
1157 49.4 
1158 49.4 
1159 49.4 
1160 49.4 
1161 49.4 
1162 48.9 
1163 49.4 
1164 49.4 
1165 49.4 
1166 49.4 
1167 49.4 
1168 49.4 
1169 48.3 
1170 48.9 
1171 49.4 
1172 49.4 
1173 49.4 
1174 49.4 
1175 49.4 
1176 49.4 
1177 49.4 
1178 49.4 
1179 49.4 
1180 49.4 
1181 49.4 
1182 49.4 
1183 49.4 
1184 49.4 
1185 49.4 
1186 49.4 
1187 49.4 
1188 49.4 
1189 49.4 
1190 49.4 
1191 49.4 
1192 49.9 
1193 49.4 
1194 49.4 
1195 49.4 
1196 49.9 
1197 49.4 
1198 49.4 
1199 49.4 
1200 49.4 
1201 49.4 
1202 49.4 
1203 49.4 
1204 49.4 
1205 49.4 
1206 49.4 
1207 49.4 
1208 49.9 
1209 49.4 
1210 49.4 
1211 49.4 
1212 49.4 
1213 49.4 
1214 49.4 
1215 49.4 
1216 49.4 
1217 49.4 
1218 49.4 
1219 48.9 
1220 49.4 
1221 49.4 
1222 49.4 
1223 49.4 
1224 49.4 
1225 49.9 
1226 49.4 
1227 49.4 
1228 49.4 
1229 49.4 
1230 49.4 
1231 49.4 
1232 49.4 
1233 49.9 
1234 49.4 
1235 49.9 
1236 49.4 
1237 49.4 
1238 49.4 
1239 49.4 
1240 49.4 
1241 49.4 
1242 49.4 
1243 49.4 
1244 49.4 
1245 49.4 
1246 49.9 
1247 49.9 
1248 49.4 
1249 49.4 
1250 49.4 
1251 49.4 
1252 49.4 
1253 49.4 
1254 49.4 
1255 49.4 
1256 49.4 
1257 49.4 
1258 49.4 
1259 49.4 
1260 49.4 
1261 49.4 
1262 49.4 
1263 49.9 
1264 49.4 
1265 49.4 
1266 49.4 
1267 49.4 
1268 49.4 
1269 49.4 
1270 49.9 
1271 49.4 
1272 49.4 
1273 49.4 
1274 49.4 
1275 49.4 
1276 49.4 
1277 49.4 
1278 49.4 
1279 49.4 
1280 49.4 
1281 49.4 
1282 49.4 
1283 49.4 
1284 49.9 
1285 49.4 
1286 49.4 
1287 49.4 
1288 49.9 
1289 49.4 
1290 49.4 
1291 49.4 
1292 49.4 
1293 49.4 
1294 49.4 
1295 49.4 
1296 49.4 
1297 49.4 
1298 49.4 
1299 49.9 
1300 49.4 
1301 49.4 
1302 49.4 
1303 49.4 
1304 49.4 
1305 49.4 
1306 49.4 
1307 49.4 
1308 49.4 
1309 49.4 
1310 49.4 
1311 49.4 
1312 49.4 
1313 49.9 
1314 49.4 
1315 49.4 
1316 49.4 
1317 49.4 
1318 49.4 
1319 48.9 
1320 49.4 
1321 49.4 
1322 49.4 
1323 49.4 
1324 49.4 
1325 49.4 
1326 49.4 
1327 49.4 
1328 49.4 
1329 49.4 
1330 49.4 
1331 49.4 
1332 49.4 
1333 49.4 
1334 49.4 
1335 49.4 
1336 49.4 
1337 48.9 
1338 49.4 
1339 49.4 
1340 49.4 
1341 49.4 
1342 49.4 
1343 49.4 
1344 49.4 
1345 49.4 
1346 49.4 
1347 49.4 
1348 49.9 
1349 49.4 
1350 48.9 
1351 49.9 
1352 49.4 
1353 49.4 
1354 49.4 
1355 49.4 
1356 49.4 
1357 49.4 
1358 49.4 
1359 49.4 
1360 49.9 
1361 49.4 
1362 49.4 
1363 49.4 
1364 49.4 
1365 49.4 
1366 49.4 
1367 49.4 
1368 49.4 
1369 49.4 
1370 49.4 
1371 49.4 
1372 49.4 
1373 49.4 
1374 49.4 
1375 49.4 
1376 49.4 
1377 49.9 
1378 49.4 
1379 49.9 
1380 49.4 
1381 49.4 
1382 49.9 
1383 49.4 
1384 49.4 
1385 49.4 
1386 49.4 
1387 49.4 
1388 49.4 
1389 49.4 
1390 49.4 
1391 49.4 
1392 49.4 
1393 49.4 
1394 49.9 
1395 49.4 
1396 49.4 
1397 49.9 
1398 49.4 
1399 49.4 
1400 49.4