1 53.7 
2 53.2 
3 52.6 
4 52.6 
5 52.6 
6 52.6 
7 52.6 
8 53.2 
9 53.2 
10 52.1 
11 52.6 
12 52.6 
13 52.6 
14 52.1 
15 53.2 
16 53.2 
17 53.2 
18 53.2 
19 52.6 
20 52.6 
21 52.6 
22 52.6 
23 52.6 
24 52.6 
25 52.1 
26 52.1 
27 52.6 
28 52.1 
29 52.1 
30 51.5 
31 51.5 
32 51.5 
33 52.1 
34 52.6 
35 51.5 
36 51.5 
37 51.5 
38 52.1 
39 52.1 
40 52.1 
41 52.1 
42 52.1 
43 51.5 
44 51.5 
45 52.1 
46 52.1 
47 51.5 
48 51.5 
49 51.5 
50 52.1 
51 51.5 
52 51.5 
53 51.5 
54 52.1 
55 52.1 
56 52.1 
57 51.5 
58 52.1 
59 52.1 
60 52.1 
61 52.1 
62 52.1 
63 52.1 
64 51.5 
65 51.5 
66 51.5 
67 51.5 
68 52.1 
69 51.5 
70 52.1 
71 51.5 
72 51.5 
73 51.5 
74 51.5 
75 51.5 
76 51.5 
77 51.5 
78 51.5 
79 51.5 
80 51.5 
81 52.1 
82 51.5 
83 51 
84 51.5 
85 51.5 
86 51.5 
87 51.5 
88 51.5 
89 51.5 
90 51.5 
91 50.5 
92 51.5 
93 51.5 
94 51 
95 51.5 
96 51.5 
97 51.5 
98 51 
99 51.5 
100 51 
101 51.5 
102 51.5 
103 51 
104 51.5 
105 51.5 
106 51.5 
107 51.5 
108 51.5 
109 51.5 
110 51.5 
111 51.5 
112 51.5 
113 51.5 
114 51 
115 51 
116 51.5 
117 51.5 
118 51.5 
119 51.5 
120 51.5 
121 51.5 
122 51.5 
123 51.5 
124 51.5 
125 50.5 
126 51.5 
127 51 
128 51.5 
129 51.5 
130 51 
131 50.5 
132 51 
133 51.5 
134 51.5 
135 51.5 
136 51 
137 51.5 
138 50.5 
139 50.5 
140 51 
141 51 
142 51 
143 51.5 
144 51 
145 51 
146 51.5 
147 51 
148 51.5 
149 51.5 
150 51.5 
151 51 
152 51 
153 51.5 
154 50.5 
155 51.5 
156 51.5 
157 51 
158 51.5 
159 51.5 
160 51.5 
161 51 
162 51.5 
163 51 
164 51.5 
165 50.5 
166 51.5 
167 51 
168 51.5 
169 51.5 
170 51.5 
171 51.5 
172 51.5 
173 51.5 
174 51 
175 51.5 
176 51 
177 50.5 
178 51 
179 50.5 
180 51.5 
181 51 
182 50.5 
183 51.5 
184 51.5 
185 51.5 
186 51 
187 51.5 
188 50.5 
189 51.5 
190 51.5 
191 51 
192 51 
193 51.5 
194 51 
195 51 
196 51 
197 50.5 
198 50.5 
199 51 
200 51 
201 50.5 
202 51 
203 51 
204 51.5 
205 50.5 
206 50.5 
207 50.5 
208 51.5 
209 51 
210 51 
211 51.5 
212 50.5 
213 50.5 
214 51.5 
215 51 
216 50.5 
217 51 
218 51 
219 51.5 
220 51 
221 51 
222 50.5 
223 50.5 
224 51.5 
225 51 
226 51.5 
227 51.5 
228 51 
229 50.5 
230 51.5 
231 51.5 
232 51 
233 51 
234 51.5 
235 51 
236 50.5 
237 51 
238 50.5 
239 51 
240 50.5 
241 51.5 
242 51 
243 50.5 
244 51 
245 51.5 
246 51.5 
247 51 
248 51 
249 51 
250 50.5 
251 50.5 
252 51 
253 51.5 
254 50.5 
255 51 
256 51 
257 50.5 
258 51.5 
259 50.5 
260 51.5 
261 51 
262 51 
263 51 
264 51.5 
265 51.5 
266 51 
267 50.5 
268 51.5 
269 51.5 
270 50.5 
271 50.5 
272 50.5 
273 50.5 
274 51.5 
275 50.5 
276 51.5 
277 50.5 
278 50.5 
279 51 
280 50.5 
281 50.5 
282 50.5 
283 51.5 
284 51 
285 51 
286 51 
287 50.5 
288 50.5 
289 50.5 
290 51 
291 50.5 
292 51.5 
293 50.5 
294 51 
295 51 
296 50.5 
297 50.5 
298 51.5 
299 50.5 
300 50.5 
301 50.5 
302 50.5 
303 50.5 
304 51.5 
305 50.5 
306 50.5 
307 50.5 
308 51 
309 50.5 
310 50.5 
311 50.5 
312 50.5 
313 50.5 
314 50.5 
315 50.5 
316 50.5 
317 50.5 
318 51 
319 50.5 
320 51 
321 51.5 
322 50.5 
323 51.5 
324 51 
325 51.5 
326 50.5 
327 51.5 
328 51.5 
329 51 
330 51 
331 51 
332 50.5 
333 51 
334 51.5 
335 50.5 
336 51 
337 50.5 
338 51 
339 50.5 
340 50.5 
341 51 
342 51 
343 50.5 
344 51 
345 51 
346 50.5 
347 51 
348 50.5 
349 51.5 
350 50.5 
351 51 
352 51 
353 50.5 
354 50.5 
355 50.5 
356 51 
357 50.5 
358 50.5 
359 51 
360 51.5 
361 51.5 
362 50.5 
363 51 
364 50.5 
365 50.5 
366 50.5 
367 50.5 
368 51.5 
369 49.9 
370 50.5 
371 50.5 
372 50.5 
373 51 
374 51 
375 51.5 
376 50.5 
377 51 
378 51.5 
379 51 
380 51.5 
381 51.5 
382 51.5 
383 50.5 
384 50.5 
385 50.5 
386 50.5 
387 51 
388 51 
389 50.5 
390 51.5 
391 51 
392 51 
393 51 
394 50.5 
395 51 
396 50.5 
397 50.5 
398 50.5 
399 51 
400 51 
401 51 
402 51 
403 51.5 
404 51.5 
405 51 
406 51 
407 49.9 
408 50.5 
409 51 
410 50.5 
411 50.5 
412 51 
413 50.5 
414 50.5 
415 50.5 
416 50.5 
417 51 
418 50.5 
419 50.5 
420 50.5 
421 50.5 
422 50.5 
423 50.5 
424 50.5 
425 50.5 
426 50.5 
427 50.5 
428 50.5 
429 51 
430 50.5 
431 51.5 
432 51 
433 51 
434 50.5 
435 50.5 
436 51.5 
437 50.5 
438 51 
439 50.5 
440 50.5 
441 50.5 
442 50.5 
443 50.5 
444 50.5 
445 50.5 
446 51 
447 50.5 
448 50.5 
449 51 
450 51 
451 51 
452 50.5 
453 50.5 
454 50.5 
455 50.5 
456 51.5 
457 50.5 
458 50.5 
459 50.5 
460 51 
461 51.5 
462 50.5 
463 50.5 
464 51 
465 50.5 
466 51 
467 50.5 
468 51.5 
469 50.5 
470 50.5 
471 50.5 
472 50.5 
473 51 
474 51 
475 50.5 
476 51 
477 50.5 
478 49.9 
479 50.5 
480 51 
481 50.5 
482 49.9 
483 50.5 
484 50.5 
485 50.5 
486 50.5 
487 50.5 
488 50.5 
489 51 
490 50.5 
491 49.9 
492 50.5 
493 50.5 
494 50.5 
495 50.5 
496 50.5 
497 50.5 
498 50.5 
499 50.5 
500 50.5 
501 50.5 
502 50.5 
503 50.5 
504 50.5 
505 50.5 
506 50.5 
507 50.5 
508 50.5 
509 50.5 
510 50.5 
511 50.5 
512 50.5 
513 50.5 
514 51 
515 51 
516 51 
517 50.5 
518 50.5 
519 50.5 
520 50.5 
521 50.5 
522 50.5 
523 50.5 
524 50.5 
525 50.5 
526 50.5 
527 51 
528 51 
529 50.5 
530 51.5 
531 50.5 
532 50.5 
533 50.5 
534 49.9 
535 50.5 
536 50.5 
537 50.5 
538 49.9 
539 51 
540 50.5 
541 50.5 
542 50.5 
543 50.5 
544 50.5 
545 50.5 
546 50.5 
547 50.5 
548 50.5 
549 49.9 
550 50.5 
551 50.5 
552 50.5 
553 50.5 
554 50.5 
555 50.5 
556 50.5 
557 50.5 
558 50.5 
559 51 
560 50.5 
561 50.5 
562 50.5 
563 50.5 
564 50.5 
565 49.9 
566 49.9 
567 49.9 
568 50.5 
569 50.5 
570 50.5 
571 50.5 
572 50.5 
573 50.5 
574 50.5 
575 50.5 
576 50.5 
577 50.5 
578 50.5 
579 50.5 
580 49.9 
581 49.9 
582 49.9 
583 50.5 
584 50.5 
585 50.5 
586 50.5 
587 50.5 
588 50.5 
589 50.5 
590 50.5 
591 50.5 
592 50.5 
593 51 
594 51 
595 49.9 
596 50.5 
597 50.5 
598 50.5 
599 49.9 
600 50.5 
601 50.5 
602 50.5 
603 50.5 
604 50.5 
605 49.9 
606 50.5 
607 50.5 
608 50.5 
609 50.5 
610 50.5 
611 50.5 
612 50.5 
613 50.5 
614 50.5 
615 49.9 
616 50.5 
617 51 
618 49.9 
619 49.9 
620 49.9 
621 49.9 
622 49.9 
623 50.5 
624 50.5 
625 50.5 
626 50.5 
627 50.5 
628 49.9 
629 49.9 
630 50.5 
631 50.5 
632 50.5 
633 49.9 
634 50.5 
635 49.9 
636 50.5 
637 50.5 
638 50.5 
639 49.9 
640 50.5 
641 50.5 
642 49.9 
643 50.5 
644 50.5 
645 50.5 
646 49.9 
647 49.4 
648 50.5 
649 49.9 
650 50.5 
651 50.5 
652 50.5 
653 50.5 
654 49.9 
655 50.5 
656 50.5 
657 50.5 
658 50.5 
659 50.5 
660 50.5 
661 49.9 
662 50.5 
663 50.5 
664 50.5 
665 50.5 
666 49.9 
667 49.9 
668 50.5 
669 49.9 
670 50.5 
671 49.9 
672 50.5 
673 50.5 
674 49.9 
675 49.9 
676 49.9 
677 49.9 
678 50.5 
679 49.9 
680 49.9 
681 50.5 
682 50.5 
683 50.5 
684 49.9 
685 50.5 
686 50.5 
687 51 
688 49.9 
689 50.5 
690 50.5 
691 50.5 
692 50.5 
693 50.5 
694 49.4 
695 49.9 
696 50.5 
697 50.5 
698 49.9 
699 50.5 
700 50.5 
701 50.5 
702 50.5 
703 50.5 
704 50.5 
705 50.5 
706 49.9 
707 50.5 
708 50.5 
709 50.5 
710 50.5 
711 50.5 
712 49.9 
713 50.5 
714 50.5 
715 50.5 
716 50.5 
717 50.5 
718 50.5 
719 50.5 
720 49.9 
721 50.5 
722 49.9 
723 49.9 
724 50.5 
725 50.5 
726 49.4 
727 50.5 
728 50.5 
729 49.9 
730 50.5 
731 50.5 
732 50.5 
733 50.5 
734 50.5 
735 50.5 
736 50.5 
737 50.5 
738 50.5 
739 49.9 
740 50.5 
741 50.5 
742 50.5 
743 50.5 
744 50.5 
745 50.5 
746 50.5 
747 50.5 
748 50.5 
749 50.5 
750 49.9 
751 50.5 
752 50.5 
753 49.9 
754 50.5 
755 50.5 
756 50.5 
757 50.5 
758 50.5 
759 49.4 
760 49.9 
761 50.5 
762 50.5 
763 49.9 
764 49.9 
765 50.5 
766 50.5 
767 50.5 
768 49.9 
769 50.5 
770 50.5 
771 50.5 
772 50.5 
773 50.5 
774 50.5 
775 50.5 
776 50.5 
777 50.5 
778 50.5 
779 49.4 
780 50.5 
781 49.4 
782 50.5 
783 50.5 
784 50.5 
785 51 
786 50.5 
787 50.5 
788 50.5 
789 51 
790 50.5 
791 50.5 
792 50.5 
793 50.5 
794 50.5 
795 50.5 
796 50.5 
797 51 
798 50.5 
799 50.5 
800 50.5 
801 50.5 
802 50.5 
803 50.5 
804 49.4 
805 50.5 
806 50.5 
807 50.5 
808 50.5 
809 49.9 
810 50.5 
811 50.5 
812 50.5 
813 50.5 
814 50.5 
815 50.5 
816 50.5 
817 50.5 
818 49.9 
819 50.5 
820 50.5 
821 51 
822 49.9 
823 50.5 
824 49.9 
825 50.5 
826 50.5 
827 50.5 
828 49.9 
829 51 
830 50.5 
831 50.5 
832 50.5 
833 49.4 
834 50.5 
835 50.5 
836 49.9 
837 50.5 
838 50.5 
839 50.5 
840 50.5 
841 50.5 
842 50.5 
843 50.5 
844 50.5 
845 50.5 
846 51 
847 50.5 
848 50.5 
849 50.5 
850 49.9 
851 50.5 
852 50.5 
853 50.5 
854 50.5 
855 50.5 
856 50.5 
857 50.5 
858 50.5 
859 50.5 
860 50.5 
861 50.5 
862 50.5 
863 50.5 
864 50.5 
865 50.5 
866 50.5 
867 51 
868 50.5 
869 50.5 
870 51 
871 50.5 
872 50.5 
873 51.5 
874 50.5 
875 50.5 
876 50.5 
877 50.5 
878 50.5 
879 50.5 
880 50.5 
881 50.5 
882 49.9 
883 50.5 
884 51 
885 50.5 
886 49.9 
887 49.9 
888 50.5 
889 50.5 
890 50.5 
891 50.5 
892 50.5 
893 49.9 
894 50.5 
895 50.5 
896 50.5 
897 50.5 
898 50.5 
899 50.5 
900 50.5 
901 50.5 
902 49.9 
903 50.5 
904 50.5 
905 50.5 
906 50.5 
907 50.5 
908 49.9 
909 50.5 
910 50.5 
911 50.5 
912 50.5 
913 50.5 
914 50.5 
915 50.5 
916 50.5 
917 50.5 
918 50.5 
919 50.5 
920 51.5 
921 50.5 
922 50.5 
923 50.5 
924 50.5 
925 50.5 
926 50.5 
927 50.5 
928 50.5 
929 50.5 
930 50.5 
931 50.5 
932 50.5 
933 50.5 
934 50.5 
935 50.5 
936 50.5 
937 51 
938 50.5 
939 51 
940 49.9 
941 50.5 
942 50.5 
943 51 
944 51 
945 50.5 
946 50.5 
947 50.5 
948 50.5 
949 50.5 
950 50.5 
951 51.5 
952 50.5 
953 50.5 
954 51 
955 51 
956 50.5 
957 50.5 
958 50.5 
959 50.5 
960 50.5 
961 51 
962 50.5 
963 51 
964 50.5 
965 50.5 
966 50.5 
967 51.5 
968 51 
969 51 
970 50.5 
971 50.5 
972 50.5 
973 50.5 
974 50.5 
975 51 
976 50.5 
977 50.5 
978 50.5 
979 50.5 
980 50.5 
981 50.5 
982 50.5 
983 51 
984 51 
985 50.5 
986 51.5 
987 50.5 
988 50.5 
989 50.5 
990 50.5 
991 50.5 
992 50.5 
993 51 
994 50.5 
995 51 
996 50.5 
997 51 
998 51 
999 50.5 
1000 50.5 
1001 50.5 
1002 51 
1003 50.5 
1004 50.5 
1005 51 
1006 50.5 
1007 50.5 
1008 50.5 
1009 50.5 
1010 50.5 
1011 51 
1012 51 
1013 50.5 
1014 50.5 
1015 51.5 
1016 51.5 
1017 51 
1018 51.5 
1019 50.5 
1020 50.5 
1021 51.5 
1022 50.5 
1023 50.5 
1024 51.5 
1025 50.5 
1026 51 
1027 51 
1028 50.5 
1029 51.5 
1030 50.5 
1031 51 
1032 51.5 
1033 50.5 
1034 51.5 
1035 51.5 
1036 50.5 
1037 51 
1038 51.5 
1039 51.5 
1040 51.5 
1041 51 
1042 51.5 
1043 51.5 
1044 50.5 
1045 50.5 
1046 51.5 
1047 50.5 
1048 51.5 
1049 51.5 
1050 51.5 
1051 50.5 
1052 50.5 
1053 51 
1054 51.5 
1055 50.5 
1056 51.5 
1057 51.5 
1058 51 
1059 51.5 
1060 51.5 
1061 50.5 
1062 51.5 
1063 51 
1064 51.5 
1065 51.5 
1066 51.5 
1067 51.5 
1068 51.5 
1069 51.5 
1070 52.1 
1071 51.5 
1072 51.5 
1073 51.5 
1074 50.5 
1075 51.5 
1076 51.5 
1077 50.5 
1078 51 
1079 51.5 
1080 51.5 
1081 51 
1082 51.5 
1083 51.5 
1084 51.5 
1085 51.5 
1086 51.5 
1087 51.5 
1088 51 
1089 51.5 
1090 51.5 
1091 51.5 
1092 51.5 
1093 51.5 
1094 51.5 
1095 51.5 
1096 51.5 
1097 51 
1098 50.5 
1099 51 
1100 51.5 
1101 51.5 
1102 51 
1103 51.5 
1104 51.5 
1105 51.5 
1106 51.5 
1107 51.5 
1108 51.5 
1109 51.5 
1110 51.5 
1111 51.5 
1112 51.5 
1113 51.5 
1114 51.5 
1115 50.5 
1116 51.5 
1117 51.5 
1118 51.5 
1119 50.5 
1120 51.5 
1121 51 
1122 51.5 
1123 51.5 
1124 50.5 
1125 51.5 
1126 51.5 
1127 51.5 
1128 51 
1129 51.5 
1130 51.5 
1131 51.5 
1132 51.5 
1133 51.5 
1134 50.5 
1135 51.5 
1136 52.1 
1137 51.5 
1138 51.5 
1139 51.5 
1140 51.5 
1141 50.5 
1142 51 
1143 51.5 
1144 51.5 
1145 51.5 
1146 51.5 
1147 51.5 
1148 51.5 
1149 51.5 
1150 51.5 
1151 51.5 
1152 51 
1153 51.5 
1154 51.5 
1155 51.5 
1156 51.5 
1157 51.5 
1158 51.5 
1159 51.5 
1160 51 
1161 51.5 
1162 51.5 
1163 51.5 
1164 51.5 
1165 51.5 
1166 51.5 
1167 51.5 
1168 51.5 
1169 51.5 
1170 51.5 
1171 51.5 
1172 51.5 
1173 51.5 
1174 51.5 
1175 51.5 
1176 51.5 
1177 52.1 
1178 51.5 
1179 51.5 
1180 51.5 
1181 51.5 
1182 51.5 
1183 51.5 
1184 51.5 
1185 51.5 
1186 51.5 
1187 51.5 
1188 52.1 
1189 51.5 
1190 51.5 
1191 51.5 
1192 51.5 
1193 51.5 
1194 51.5 
1195 51.5 
1196 51.5 
1197 51.5 
1198 51.5 
1199 51.5 
1200 51.5 
1201 51.5 
1202 52.1 
1203 51.5 
1204 51.5 
1205 51.5 
1206 51.5 
1207 51.5 
1208 51.5 
1209 51.5 
1210 51 
1211 51.5 
1212 51.5 
1213 51.5 
1214 51.5 
1215 51.5 
1216 51.5 
1217 51.5 
1218 51.5 
1219 51.5 
1220 51.5 
1221 51.5 
1222 52.1 
1223 51.5 
1224 51.5 
1225 51 
1226 51.5 
1227 51.5 
1228 52.1 
1229 51.5 
1230 51.5 
1231 51.5 
1232 51.5 
1233 51.5 
1234 51.5 
1235 51.5 
1236 52.1 
1237 51.5 
1238 51 
1239 52.1 
1240 51.5 
1241 51.5 
1242 52.1 
1243 51.5 
1244 51.5 
1245 51.5 
1246 51.5 
1247 52.1 
1248 52.1 
1249 51.5 
1250 51.5 
1251 51.5 
1252 51.5 
1253 52.1 
1254 51.5 
1255 52.1 
1256 51.5 
1257 51.5 
1258 52.1 
1259 51.5 
1260 51.5 
1261 51.5 
1262 51.5 
1263 51.5 
1264 52.1 
1265 52.1 
1266 51.5 
1267 51.5 
1268 51.5 
1269 51.5 
1270 51 
1271 51.5 
1272 51.5 
1273 50.5 
1274 51.5 
1275 51.5 
1276 51.5 
1277 51.5 
1278 51.5 
1279 52.1 
1280 51.5 
1281 51.5 
1282 51.5 
1283 52.1 
1284 51.5 
1285 51.5 
1286 51.5 
1287 51.5 
1288 51.5 
1289 51.5 
1290 51.5 
1291 51.5 
1292 51.5 
1293 51.5 
1294 52.1 
1295 51.5 
1296 51.5 
1297 52.1 
1298 51.5 
1299 51.5 
1300 51.5 
1301 51.5 
1302 51.5 
1303 51.5 
1304 51 
1305 51.5 
1306 51.5 
1307 51.5 
1308 51.5 
1309 51.5 
1310 51.5 
1311 51.5 
1312 51.5 
1313 51.5 
1314 51.5 
1315 51.5 
1316 51 
1317 51.5 
1318 51.5 
1319 51.5 
1320 51.5 
1321 51.5 
1322 51.5 
1323 51.5 
1324 52.1 
1325 51.5 
1326 51.5 
1327 51.5 
1328 51.5 
1329 51.5 
1330 51 
1331 51.5 
1332 51.5 
1333 51.5 
1334 51.5 
1335 52.1 
1336 51.5 
1337 51.5 
1338 51.5 
1339 51.5 
1340 52.1 
1341 51.5 
1342 51.5 
1343 52.1 
1344 51.5 
1345 51.5 
1346 50.5 
1347 51.5 
1348 51.5 
1349 51.5 
1350 51.5 
1351 51.5 
1352 51.5 
1353 51.5 
1354 51.5 
1355 51.5 
1356 51.5 
1357 51.5 
1358 51.5 
1359 52.1 
1360 51.5 
1361 51.5 
1362 51.5 
1363 51.5 
1364 51.5 
1365 51.5 
1366 51.5 
1367 52.1 
1368 51.5 
1369 51.5 
1370 51.5 
1371 51.5 
1372 51.5 
1373 51.5 
1374 51.5 
1375 51.5 
1376 51 
1377 51.5 
1378 51.5 
1379 51.5 
1380 51.5 
1381 51.5 
1382 51.5 
1383 51.5 
1384 51.5 
1385 51.5 
1386 51 
1387 51 
1388 51.5 
1389 51.5 
1390 51 
1391 51.5 
1392 51.5 
1393 52.1 
1394 51.5 
1395 51 
1396 51.5 
1397 51 
1398 51.5 
1399 50.5 
1400 51.5 