10 46,2 53,7 51,5 46,2 52,1 50,5 
20 44,0 53,2 53,7 47,2 52,1 49,9 
30 42,9 52,6 53,7 47,2 52,6 51,0 
40 42,9 52,6 54,2 46,7 52,6 51,0 
50 42,9 52,6 53,7 47,2 52,6 51,5 
60 42,9 52,6 53,7 46,7 52,6 51,5 
70 42,9 52,6 53,7 46,7 53,2 51,0 
80 42,4 53,2 53,7 46,2 52,6 51,5 
90 42,4 53,2 53,7 46,2 52,6 51,5 
100 41,9 52,1 53,2 46,2 52,6 51,5 
110 42,9 52,6 53,7 47,2 52,6 51,5 
120 42,9 52,6 53,7 46,7 53,2 51,5 
130 42,9 52,6 53,2 47,2 53,2 51,5 
140 42,9 52,1 52,6 46,2 52,1 51,0 
150 42,4 53,2 53,7 46,2 52,6 51,5 
160 42,9 53,2 53,7 46,7 52,6 51,5 
170 42,9 53,2 53,2 46,7 52,6 51,5 
180 41,9 53,2 53,7 46,2 53,2 51,5 
190 42,9 52,6 53,7 46,2 53,2 51,5 
200 42,9 52,6 53,7 46,2 52,6 51,5 
210 42,9 52,6 53,7 47,2 52,6 51,5 
220 42,9 52,6 54,2 46,2 52,6 51,5 
230 42,9 52,6 53,2 46,2 52,6 51,5 
240 42,4 52,6 53,7 46,2 52,6 50,5 
250 42,9 52,1 53,7 46,2 52,6 50,5 
260 42,9 52,1 53,7 46,2 52,6 50,5 
270 41,9 52,6 53,7 46,2 52,1 50,5 
280 42,4 52,1 53,7 46,2 52,1 50,5 
290 42,4 52,1 52,6 46,7 52,1 50,5 
300 42,4 51,5 53,2 45,6 52,1 50,5 
310 42,4 51,5 53,2 46,2 52,1 49,9 
320 42,9 51,5 53,2 46,2 52,1 51,0 
330 42,4 52,1 52,6 46,2 52,1 50,5 
340 41,9 52,6 52,6 46,7 52,1 49,9 
350 41,9 51,5 53,2 46,2 51,5 50,5 
360 41,9 51,5 53,2 45,6 51,5 49,9 
370 42,9 51,5 53,2 45,6 52,1 50,5 
380 41,9 52,1 53,2 46,2 51,5 50,5 
390 41,9 52,1 52,6 46,2 52,1 50,5 
400 41,9 52,1 53,2 46,2 51,5 50,5 
410 41,9 52,1 52,6 46,2 51,5 50,5 
420 42,4 52,1 52,6 46,2 51,5 50,5 
430 41,9 51,5 52,6 46,2 51,5 50,5 
440 41,9 51,5 52,6 45,6 51,5 50,5 
450 41,9 52,1 52,6 45,6 52,1 49,9 
460 42,9 52,1 53,2 46,2 51,5 49,9 
470 42,4 51,5 53,2 45,1 51,5 49,9 
480 41,9 51,5 52,6 45,6 52,1 50,5 
490 41,9 51,5 52,6 45,6 51,5 49,4 
500 42,4 52,1 53,2 45,6 51,5 50,5 
510 41,9 51,5 52,6 46,2 51,5 50,5 
520 42,4 51,5 52,6 45,6 51,5 50,5 
530 42,9 51,5 53,7 45,6 51,5 50,5 
540 41,9 52,1 53,2 46,2 52,1 49,9 
550 42,4 52,1 52,6 45,6 51,5 50,5 
560 41,9 52,1 52,6 45,1 52,1 50,5 
570 41,9 51,5 52,6 45,6 51,5 50,5 
580 42,4 52,1 52,6 46,2 51,5 50,5 
590 41,9 52,1 53,2 45,6 51,5 49,9 
600 42,4 52,1 53,2 46,2 51,5 49,9 
610 42,4 52,1 53,2 46,2 51,5 50,5 
620 42,9 52,1 52,6 45,6 51,5 50,5 
630 42,9 52,1 52,6 45,6 51,5 50,5 
640 41,9 51,5 52,6 46,2 52,1 50,5 
650 41,9 51,5 52,6 45,6 51,5 49,9 
660 42,4 51,5 52,6 46,2 51,5 50,5 
670 41,9 51,5 52,6 46,2 51,5 50,5 
680 41,9 52,1 52,6 45,6 52,1 49,9 
690 41,9 51,5 52,6 45,6 51,5 50,5 
700 41,9 52,1 52,6 45,1 51,5 50,5 
710 41,9 51,5 52,6 46,2 51,5 50,5 
720 41,9 51,5 52,6 45,6 51,5 49,9 
730 41,9 51,5 52,6 46,2 51,5 50,5 
740 41,9 51,5 53,2 45,6 51,5 50,5 
750 42,4 51,5 52,6 45,6 52,1 49,9 
760 41,9 51,5 52,6 45,6 51,5 49,4 
770 41,9 51,5 52,6 46,2 51,5 49,9 
780 41,9 51,5 53,2 45,1 51,5 49,4 
790 41,9 51,5 53,2 46,2 51,5 50,5 
800 42,9 51,5 52,6 45,6 51,5 49,4 
810 41,3 52,1 52,6 45,6 51,5 50,5 
820 41,9 51,5 52,6 45,6 51,5 50,5 
830 41,9 51,0 52,6 45,6 51,0 49,9 
840 41,9 51,5 52,6 45,1 52,1 49,9 
850 41,9 51,5 52,6 46,2 51,5 50,5 
860 41,9 51,5 52,6 45,1 51,5 49,9 
870 41,9 51,5 52,6 45,1 52,1 49,4 
880 41,9 51,5 52,6 45,1 51,5 49,4 
890 41,9 51,5 52,6 45,1 51,5 49,4 
900 41,9 51,5 53,2 45,1 51,5 49,9 
910 42,4 50,5 52,6 45,1 52,1 49,9 
920 41,9 51,5 52,6 46,2 51,5 50,5 
930 41,9 51,5 52,6 45,6 51,5 50,5 
940 42,4 51,0 52,6 45,1 51,5 49,9 
950 41,9 51,5 52,6 45,1 51,5 49,9 
960 41,9 51,5 52,6 46,2 51,5 50,5 
970 41,9 51,5 52,6 45,6 51,5 49,9 
980 42,4 51,0 52,6 45,1 51,5 49,9 
990 41,3 51,5 52,6 45,1 51,5 49,9 
1000 41,9 51,0 52,6 45,1 51,5 49,4 
1010 41,9 51,5 52,6 45,6 51,5 49,9 
1020 41,9 51,5 52,6 46,2 51,5 49,4 
1030 41,9 51,0 52,1 45,6 51,0 49,9 
1040 41,9 51,5 52,6 45,1 51,5 49,9 
1050 42,4 51,5 52,6 45,1 51,5 49,4 
1060 41,3 51,5 52,6 45,6 51,5 49,9 
1070 41,9 51,5 52,6 45,6 52,1 49,4 
1080 41,9 51,5 52,6 45,6 51,5 49,4 
1090 41,3 51,5 52,6 45,1 50,5 49,9 
1100 41,9 51,5 52,6 45,1 51,5 49,9 
1110 41,9 51,5 52,6 45,1 51,0 49,9 
1120 41,9 51,5 52,1 45,6 52,1 49,4 
1130 41,3 51,5 52,6 45,6 51,5 49,4 
1140 41,9 51,0 52,6 45,1 51,5 49,9 
1150 41,9 51,0 52,6 45,1 51,5 49,9 
1160 41,3 51,5 52,6 45,6 51,5 49,4 
1170 41,9 51,5 52,6 45,6 51,5 49,9 
1180 41,9 51,5 52,1 45,1 51,5 49,9 
1190 41,9 51,5 52,1 45,1 51,5 49,9 
1200 41,9 51,5 52,1 45,1 51,5 49,9 
1210 41,9 51,5 52,6 45,1 51,5 49,9 
1220 41,9 51,5 52,1 45,6 51,5 49,4 
1230 41,9 51,5 52,6 45,1 51,5 49,4 
1240 41,3 51,5 52,1 45,1 51,0 49,4 
1250 41,9 50,5 52,6 45,1 50,5 49,4 
1260 41,3 51,5 52,6 45,6 50,5 49,9 
1270 41,3 51,0 52,1 45,6 51,0 49,4 
1280 41,9 51,5 52,6 45,1 51,5 50,5 
1290 41,9 51,5 52,6 45,6 51,5 49,9 
1300 41,3 51,0 52,6 45,1 50,5 49,4 
1310 41,3 50,5 52,6 45,1 51,5 49,4 
1320 41,9 51,0 52,6 45,1 51,0 49,4 
1330 41,9 51,5 52,6 45,1 50,5 49,9 
1340 41,3 51,5 52,6 45,6 51,5 49,9 
1350 41,9 51,5 52,6 45,6 51,5 49,9 
1360 41,3 51,0 52,1 45,1 50,5 49,4 
1370 41,3 51,5 52,1 45,6 51,5 49,9 
1380 41,9 50,5 52,6 45,1 51,5 49,4 
1390 41,9 50,5 52,6 45,1 51,0 49,4 
1400 41,9 51,0 52,6 45,6 51,0 49,4 
1410 42,4 51,0 52,6 45,6 50,5 49,4 
1420 41,9 51,0 52,6 45,6 51,0 49,4 
1430 41,9 51,5 52,1 45,1 51,0 49,9 
1440 41,9 51,0 52,6 45,6 50,5 49,4 
1450 41,9 51,0 52,1 45,1 51,0 49,4 
1460 41,9 51,5 52,6 45,1 51,0 49,4 
1470 41,9 51,0 52,6 45,1 51,5 49,4 
1480 41,3 51,5 52,6 45,6 51,5 49,9 
1490 41,3 51,5 52,1 45,1 51,5 49,4 
1500 41,3 51,5 52,1 45,1 51,5 49,9 
1510 41,3 51,0 52,6 45,1 51,5 49,4 
1520 41,9 51,0 52,6 45,6 51,5 49,4 
1530 41,9 51,5 52,6 45,1 51,5 49,4 
1540 41,3 50,5 52,6 45,1 51,0 49,4 
1550 41,9 51,5 52,6 45,1 50,5 49,9 
1560 41,3 51,5 52,6 45,1 51,5 49,4 
1570 41,9 51,0 52,6 45,1 50,5 49,4 
1580 41,3 51,5 52,6 45,1 51,5 49,4 
1590 41,9 51,5 52,6 45,1 51,0 49,4 
1600 41,9 51,5 52,6 45,1 51,0 49,9 
1610 41,3 51,0 52,6 45,1 51,0 49,4 
1620 41,9 51,5 52,1 45,1 50,5 49,4 
1630 41,9 51,0 52,6 45,6 51,5 49,4 
1640 41,3 51,5 52,1 45,1 50,5 49,4 
1650 41,3 50,5 52,1 45,1 51,0 49,9 
1660 41,9 51,5 52,1 45,1 51,5 49,4 
1670 41,9 51,0 52,1 45,1 51,0 49,4 
1680 41,3 51,5 52,6 45,1 51,5 49,9 
1690 41,9 51,5 52,1 46,2 51,5 49,4 
1700 41,9 51,5 52,1 45,1 51,0 49,4 
1710 41,3 51,5 52,6 45,1 51,5 49,4 
1720 41,3 51,5 52,6 45,1 51,0 49,4 
1730 41,3 51,5 52,6 45,6 51,5 49,9 
1740 41,3 51,0 52,6 45,6 51,5 49,4 
1750 41,9 51,5 52,6 45,1 51,5 49,4 
1760 41,3 51,0 52,1 45,6 51,0 49,4 
1770 41,3 50,5 52,1 45,1 50,5 49,9 
1780 41,9 51,0 52,1 45,1 51,0 49,4 
1790 41,9 50,5 52,6 45,6 51,5 49,4 
1800 41,9 51,5 52,1 45,1 51,0 49,4 
1810 41,9 51,0 52,1 45,1 51,5 49,4 
1820 41,3 50,5 52,6 45,1 50,5 49,4 
1830 41,9 51,5 52,6 45,1 51,5 49,4 
1840 41,9 51,5 52,6 45,1 50,5 49,4 
1850 41,3 51,5 52,1 45,6 51,0 49,4 
1860 41,3 51,0 52,6 45,6 51,0 49,4 
1870 41,3 51,5 52,6 45,6 51,5 49,9 
1880 41,3 50,5 52,6 45,6 51,5 49,4 
1890 41,3 51,5 52,1 45,1 51,5 49,4 
1900 41,3 51,5 52,1 45,1 51,5 49,4 
1910 40,8 51,0 52,1 45,1 50,5 49,9 
1920 41,9 51,0 52,1 45,6 51,0 49,4 
1930 41,3 51,5 52,1 45,6 51,5 49,4 
1940 41,9 51,0 52,1 45,1 50,5 49,4 
1950 41,3 51,0 52,6 45,6 50,5 49,4 
1960 41,3 51,0 52,1 45,1 51,5 49,4 
1970 40,8 50,5 52,1 45,1 51,5 49,4 
1980 41,3 50,5 51,5 45,1 51,5 49,4 
1990 41,3 51,0 52,1 45,1 50,5 49,4 
2000 41,9 51,0 52,1 45,1 50,5 48,9 
2010 41,9 50,5 52,6 45,6 51,5 49,9 
2020 41,9 51,0 52,1 45,1 50,5 49,4 
2030 41,9 51,0 52,6 45,1 51,0 49,4 
2040 41,9 51,5 52,1 45,1 51,0 49,4 
2050 41,9 50,5 52,6 45,6 51,5 49,4 
2060 41,3 50,5 52,6 45,1 51,0 49,4 
2070 40,8 50,5 51,5 45,1 51,5 49,4 
2080 41,3 51,5 52,6 45,6 51,0 49,4 
2090 40,8 51,0 52,1 45,1 50,5 49,4 
2100 41,9 51,0 52,6 45,1 51,5 49,4 
2110 41,3 51,5 52,1 45,1 50,5 49,4 
2120 40,8 50,5 52,1 45,1 50,5 49,4 
2130 40,8 50,5 52,1 45,1 51,5 49,9 
2140 41,3 51,5 52,6 45,1 51,0 49,4 
2150 41,3 51,0 52,1 45,1 50,5 49,4 
2160 41,9 50,5 52,1 45,6 50,5 49,4 
2170 40,8 51,0 52,1 46,2 51,5 49,4 
2180 41,3 51,0 52,1 45,1 50,5 49,4 
2190 41,9 51,5 52,6 45,6 51,0 49,4 
2200 41,3 51,0 52,1 45,1 50,5 49,4 
2210 41,3 51,0 52,1 45,1 50,5 49,4 
2220 41,9 50,5 52,6 45,1 51,0 49,4 
2230 41,9 50,5 52,6 45,1 50,5 49,4 
2240 40,8 51,5 51,5 45,1 50,5 49,9 
2250 40,8 51,0 52,1 45,1 50,5 49,4 
2260 41,3 51,5 52,6 45,1 51,5 49,4 
2270 40,8 51,5 52,6 45,1 50,5 49,4 
2280 41,3 51,0 52,1 45,1 51,0 49,4 
2290 41,9 50,5 52,1 45,1 51,5 49,9 
2300 40,8 51,5 52,6 45,1 51,5 49,4 
2310 41,3 51,5 52,6 45,1 50,5 49,4 
2320 41,3 51,0 52,6 45,6 51,0 49,4 
2330 41,3 51,0 51,5 45,6 50,5 49,4 
2340 40,8 51,5 52,1 45,1 50,5 49,4 
2350 41,3 51,0 51,5 45,6 51,0 49,4 
2360 41,3 50,5 52,1 45,1 51,5 49,4 
2370 40,8 51,0 51,5 45,1 51,0 49,4 
2380 41,3 50,5 52,1 45,1 51,5 49,4 
2390 41,3 51,0 52,1 45,1 51,0 49,4 
2400 41,3 50,5 52,6 45,1 50,5 49,4 
2410 41,3 51,5 52,1 45,1 51,5 49,4 
2420 41,3 51,0 52,1 45,1 50,5 49,4 
2430 41,3 50,5 52,1 45,1 50,5 49,4 
2440 41,3 51,0 52,1 45,6 51,0 49,4 
2450 41,3 51,5 52,1 45,1 51,5 49,4 
2460 41,3 51,5 52,1 45,1 50,5 49,4 
2470 40,8 51,0 52,1 45,1 51,0 49,4 
2480 41,3 51,0 52,6 44,0 50,5 49,9 
2490 41,3 51,0 52,1 45,1 50,5 49,4 
2500 41,3 50,5 52,1 45,1 50,5 49,4 
2510 41,3 50,5 52,6 45,1 51,5 49,4 
2520 41,3 51,0 52,1 45,1 50,5 49,4 
2530 41,9 51,5 52,1 45,1 51,5 49,4 
2540 41,9 50,5 52,1 45,1 51,0 49,4 
2550 41,3 51,0 51,5 45,1 51,0 49,4 
2560 41,9 51,0 51,5 45,1 51,0 49,4 
2570 41,3 50,5 51,5 45,1 51,0 49,4 
2580 40,8 51,5 52,1 45,1 51,5 49,4 
2590 41,3 50,5 51,5 45,1 51,5 49,4 
2600 41,3 51,5 52,1 45,1 51,5 49,4 
2610 41,3 51,0 51,5 45,1 50,5 49,9 
2620 41,3 51,0 51,5 45,1 51,5 49,4 
2630 41,3 51,0 52,1 45,1 50,5 49,4 
2640 40,8 51,5 51,5 45,1 50,5 49,4 
2650 40,8 51,5 52,1 45,1 50,5 49,4 
2660 40,8 51,0 52,1 45,1 50,5 49,4 
2670 41,3 50,5 52,1 45,1 50,5 49,4 
2680 40,8 51,5 52,1 45,1 50,5 49,4 
2690 40,8 51,5 52,1 45,1 51,5 49,9 
2700 41,3 50,5 52,6 45,1 51,5 49,4 
2710 40,8 50,5 52,1 45,1 50,5 49,4 
2720 40,8 50,5 52,1 45,1 50,5 49,4 
2730 41,3 50,5 52,1 45,1 50,5 49,4 
2740 41,3 51,5 51,5 45,1 51,5 49,9 
2750 41,3 50,5 51,5 45,1 50,5 49,4 
2760 41,3 51,5 52,1 45,1 50,5 49,4 
2770 41,9 50,5 52,1 45,1 50,5 49,4 
2780 41,3 50,5 51,5 45,1 50,5 49,4 
2790 41,9 51,0 51,5 45,1 51,0 49,4 
2800 40,8 50,5 51,5 45,1 50,5 49,4 
2810 41,3 50,5 52,1 45,1 50,5 49,4 
2820 40,8 50,5 52,1 45,1 50,5 49,4 
2830 41,3 51,5 52,1 45,1 50,5 49,4 
2840 40,8 51,0 51,5 45,1 51,0 49,4 
2850 41,3 51,0 51,5 45,1 50,5 49,4 
2860 40,8 51,0 52,1 45,1 51,5 49,4 
2870 41,3 50,5 51,5 45,1 51,0 49,4 
2880 40,8 50,5 52,1 45,1 51,5 49,4 
2890 41,3 50,5 51,5 45,1 51,0 49,4 
2900 41,3 51,0 51,5 45,1 51,0 49,4 
2910 41,3 50,5 52,1 45,1 51,0 49,4 
2920 40,8 51,5 52,1 44,5 51,0 49,4 
2930 41,3 50,5 52,1 45,1 50,5 49,4 
2940 40,8 51,0 52,1 45,1 50,5 49,4 
2950 41,3 51,0 52,1 45,1 51,0 49,4 
2960 41,3 50,5 51,5 45,1 50,5 49,4 
2970 40,8 50,5 52,1 45,1 50,5 49,4 
2980 40,8 51,5 51,5 45,1 50,5 49,4 
2990 41,3 50,5 52,1 45,1 50,5 49,4 
3000 40,8 50,5 52,1 45,1 51,5 49,4 
3010 40,8 50,5 52,1 45,1 51,0 49,4 
3020 41,3 50,5 52,1 45,1 51,5 49,4 
3030 40,8 50,5 51,5 45,1 50,5 49,4 
3040 40,8 51,5 51,5 45,1 50,5 49,4 
3050 41,9 50,5 51,5 45,1 50,5 49,4 
3060 41,3 50,5 51,5 45,1 51,0 48,9 
3070 41,3 50,5 51,5 44,5 50,5 49,4 
3080 41,3 51,0 52,1 45,1 50,5 49,4 
3090 40,8 50,5 51,5 45,1 50,5 49,4 
3100 40,8 50,5 52,1 45,1 51,0 49,4 
3110 40,8 50,5 52,1 45,1 50,5 49,4 
3120 40,8 50,5 52,1 45,1 50,5 49,4 
3130 40,8 50,5 51,5 45,1 50,5 49,4 
3140 40,8 50,5 51,5 45,1 50,5 49,4 
3150 41,3 50,5 52,1 45,1 50,5 49,4 
3160 40,8 50,5 52,6 44,5 51,5 49,4 
3170 40,8 50,5 52,1 45,1 49,9 49,4 
3180 41,3 51,0 52,6 45,1 50,5 49,4 
3190 41,3 50,5 51,5 45,1 50,5 49,4 
3200 41,3 51,0 52,1 45,1 50,5 49,4 
3210 41,3 51,5 52,1 45,1 51,5 49,4 
3220 41,3 50,5 52,1 45,1 50,5 49,4 
3230 40,8 51,5 52,1 45,1 50,5 49,4 
3240 41,3 51,0 52,1 45,1 50,5 49,4 
3250 41,3 51,5 51,5 45,1 50,5 49,4 
3260 41,3 50,5 52,1 45,1 50,5 49,4 
3270 40,8 51,5 52,6 45,1 50,5 49,4 
3280 40,8 51,5 51,5 44,5 50,5 49,4 
3290 40,8 51,0 52,6 45,1 50,5 48,9 
3300 40,8 51,0 52,1 45,1 50,5 49,4 
3310 41,3 51,0 52,1 45,6 50,5 49,4 
3320 41,3 50,5 52,1 45,1 50,5 49,4 
3330 41,3 51,0 52,6 45,1 50,5 49,4 
3340 41,3 51,5 52,1 45,1 50,5 49,4 
3350 41,3 50,5 52,1 45,1 50,5 49,4 
3360 40,8 51,0 52,1 45,1 50,5 49,4 
3370 41,3 50,5 51,5 45,1 50,5 49,4 
3380 41,3 51,0 52,1 45,1 50,5 49,4 
3390 40,8 50,5 52,6 45,1 50,5 49,4 
3400 41,3 50,5 52,1 45,1 50,5 48,3 
3410 41,3 51,0 52,1 45,1 50,5 49,4 
3420 41,3 51,0 52,1 45,1 50,5 48,9 
3430 41,3 50,5 51,5 45,1 50,5 48,3 
3440 40,8 51,0 52,1 45,1 49,4 49,4 
3450 40,8 51,0 52,1 45,1 51,0 48,3 
3460 40,8 50,5 52,1 45,1 49,9 48,9 
3470 41,3 51,0 52,6 45,1 50,5 48,3 
3480 40,8 50,5 52,1 45,1 50,5 48,9 
3490 40,8 51,5 52,1 44,5 50,5 48,3 
3500 41,3 50,5 52,1 45,1 50,5 48,3 
3510 40,8 51,0 52,1 44,5 49,9 49,4 
3520 41,3 51,0 52,6 45,1 49,9 48,3 
3530 41,3 50,5 52,1 45,1 49,4 49,4 
3540 41,9 50,5 52,1 45,1 49,4 48,9 
3550 41,3 50,5 52,1 44,5 50,5 49,4 
3560 41,3 51,0 52,1 45,1 50,5 48,3 
3570 41,9 50,5 52,1 44,0 50,5 48,3 
3580 40,8 50,5 51,5 45,1 50,5 48,9 
3590 41,3 51,0 52,1 44,0 50,5 48,3 
3600 40,8 51,5 52,1 45,1 50,5 48,3 
3610 41,3 51,5 51,5 45,1 50,5 49,4 
3620 40,8 50,5 52,1 44,5 49,9 48,3 
3630 40,8 51,0 51,5 44,5 49,4 48,3 
3640 41,9 50,5 51,5 45,1 49,9 48,3 
3650 40,8 50,5 51,5 45,1 50,5 48,3 
3660 40,8 50,5 52,1 45,1 50,5 48,3 
3670 40,8 50,5 52,1 45,1 50,5 49,4 
3680 40,8 51,5 52,1 44,5 50,5 49,4 
3690 40,8 49,9 51,5 44,5 49,9 49,4 
3700 41,3 50,5 52,1 45,1 49,9 48,3 
3710 40,8 50,5 51,5 44,0 49,9 49,4 
3720 40,8 50,5 52,1 44,5 49,9 48,3 
3730 41,3 51,0 51,5 44,0 49,9 49,4 
3740 40,8 51,0 52,1 45,1 50,5 48,3 
3750 41,3 51,5 52,1 45,1 50,5 48,3 
3760 40,8 50,5 51,5 45,1 50,5 49,4 
3770 41,3 51,0 52,1 44,5 50,5 48,9 
3780 40,8 51,5 52,1 45,1 49,9 48,3 
3790 41,9 51,0 51,5 45,1 49,4 48,3 
3800 41,3 51,5 51,5 45,1 50,5 48,9 
3810 41,3 51,5 51,5 44,5 50,5 48,3 
3820 41,3 51,5 52,1 45,1 49,9 48,9 
3830 40,8 50,5 52,1 45,1 50,5 48,9 
3840 40,8 50,5 52,1 44,5 49,4 48,9 
3850 41,3 50,5 52,1 45,1 49,9 48,9 
3860 41,3 50,5 52,1 45,1 50,5 48,9 
3870 40,8 51,0 51,5 45,1 50,5 48,9 
3880 41,3 51,0 52,1 45,1 49,9 48,3 
3890 41,3 50,5 52,6 44,5 50,5 48,3 
3900 40,8 51,5 52,1 44,0 50,5 48,3 
3910 41,3 51,0 52,1 45,1 49,9 48,9 
3920 40,8 51,0 52,1 45,1 50,5 48,3 
3930 40,8 51,0 51,5 44,5 50,5 48,3 
3940 40,8 50,5 51,5 45,1 49,9 48,3 
3950 40,8 51,0 52,1 45,1 50,5 48,3 
3960 40,8 50,5 52,1 45,1 50,5 48,3 
3970 40,8 50,5 51,5 44,5 49,9 48,3 
3980 40,8 50,5 52,1 44,5 49,9 48,9 
3990 40,8 51,0 52,1 44,5 49,9 48,3 
4000 40,8 51,0 51,5 45,1 50,5 48,3 
4010 40,8 51,0 51,5 44,5 50,5 48,3 
4020 40,8 51,0 52,1 44,5 49,4 48,3 
4030 40,8 51,5 51,5 45,1 49,9 48,3 
4040 40,8 51,5 51,5 44,5 49,9 48,9 
4050 40,8 51,0 51,5 45,1 50,5 48,3 
4060 40,8 51,0 52,1 44,0 50,5 48,9 
4070 40,8 49,9 52,1 44,0 50,5 49,4 
4080 40,8 50,5 52,1 44,5 49,9 48,9 
4090 40,8 51,0 51,5 44,0 50,5 48,9 
4100 41,3 50,5 51,5 44,5 50,5 48,9 
4110 40,8 50,5 51,5 45,1 49,9 48,3 
4120 40,8 51,0 52,1 44,0 50,5 48,9 
4130 40,8 50,5 52,1 44,5 50,5 49,4 
4140 40,8 50,5 51,5 45,1 49,9 48,3 
4150 40,8 50,5 51,5 45,1 50,5 48,3 
4160 40,8 50,5 51,5 44,5 50,5 48,3 
4170 40,8 51,0 52,1 45,1 49,9 48,3 
4180 40,8 50,5 52,1 44,5 50,5 48,9 
4190 40,8 50,5 51,5 45,1 49,9 48,3 
4200 41,3 50,5 52,1 44,5 50,5 48,3 
4210 41,9 50,5 51,5 45,1 49,9 48,3 
4220 41,3 50,5 52,1 44,5 49,4 48,3 
4230 41,3 50,5 51,5 45,1 50,5 48,9 
4240 40,8 50,5 52,1 44,5 50,5 48,9 
4250 41,3 50,5 52,1 44,5 49,9 48,3 
4260 41,3 50,5 51,5 44,5 49,9 48,9 
4270 41,3 50,5 52,1 44,5 50,5 48,9 
4280 40,8 50,5 51,5 45,1 49,9 48,3 
4290 41,3 51,0 51,5 45,1 49,9 48,9 
4300 40,8 50,5 51,5 44,0 49,4 48,3 
4310 40,8 51,5 51,5 44,5 49,9 48,3 
4320 40,8 51,0 51,5 45,1 50,5 48,3 
4330 40,8 51,0 51,5 44,5 50,5 48,3 
4340 41,3 50,5 51,5 45,1 49,9 48,9 
4350 40,8 50,5 52,1 44,5 49,9 48,3 
4360 41,3 51,5 51,5 44,5 50,5 48,3 
4370 40,8 50,5 51,5 44,5 50,5 48,3 
4380 40,8 51,0 52,1 44,0 50,5 49,4 
4390 41,3 50,5 51,5 44,5 49,9 48,3 
4400 40,8 50,5 51,5 44,5 49,9 48,9 
4410 40,8 50,5 51,5 44,5 50,5 48,3 
4420 40,8 50,5 51,5 44,5 49,4 48,3 
4430 40,8 50,5 51,5 44,5 49,9 48,3 
4440 40,8 50,5 51,5 44,0 50,5 48,3 
4450 41,3 50,5 51,5 45,1 49,9 48,3 
4460 40,8 51,0 51,5 45,1 49,9 48,3 
4470 41,3 50,5 52,1 45,1 50,5 48,3 
4480 40,8 50,5 51,5 44,0 50,5 48,3 
4490 40,8 51,0 51,5 45,1 49,4 48,3 
4500 40,8 51,0 51,5 44,5 50,5 48,9 
4510 40,8 51,0 51,5 44,5 49,4 48,3 
4520 41,3 50,5 51,5 44,5 49,9 48,3 
4530 41,3 50,5 51,5 44,5 50,5 48,3 
4540 41,3 50,5 51,5 45,1 49,4 48,9 
4550 41,3 50,5 51,5 44,0 49,9 48,3 
4560 40,8 51,5 51,5 45,1 50,5 48,9 
4570 40,8 50,5 51,5 44,0 49,9 48,3 
4580 41,9 50,5 52,1 44,0 49,9 48,3 
4590 40,8 50,5 51,5 44,0 49,9 48,3 
4600 40,8 51,0 51,5 44,0 49,9 48,3 
4610 40,8 51,5 51,5 44,5 49,9 48,3 
4620 41,3 50,5 52,1 45,1 49,9 48,9 
4630 40,8 50,5 51,5 44,5 49,4 49,4 
4640 41,3 51,0 51,5 44,5 49,4 48,3 
4650 40,8 50,5 51,5 44,5 49,9 48,9 
4660 40,8 51,0 51,5 44,5 50,5 48,3 
4670 40,8 50,5 52,1 44,5 49,9 48,3 
4680 40,8 51,5 52,1 44,5 49,9 48,3 
4690 40,8 50,5 51,5 44,5 50,5 48,3 
4700 40,8 50,5 51,5 44,5 49,4 48,3 
4710 40,8 50,5 51,5 44,0 50,5 48,3 
4720 40,8 50,5 51,5 44,0 49,9 48,3 
4730 40,8 51,0 51,5 44,5 49,9 48,3 
4740 40,8 51,0 51,5 44,5 49,4 48,3 
4750 41,3 50,5 51,5 45,1 50,5 48,3 
4760 41,3 51,0 51,5 44,5 50,5 48,9 
4770 41,3 50,5 51,5 44,5 49,4 49,4 
4780 40,8 49,9 52,1 45,1 49,9 48,9 
4790 40,8 50,5 52,1 44,5 50,5 48,9 
4800 40,8 51,0 51,5 45,1 50,5 48,3 
4810 40,8 50,5 52,1 45,1 49,4 48,9 
4820 40,8 49,9 51,5 44,0 49,9 48,3 
4830 40,8 50,5 51,5 44,0 50,5 49,4 
4840 40,8 50,5 51,5 44,5 50,5 48,3 
4850 40,8 50,5 52,1 44,5 49,9 48,3 
4860 41,3 50,5 51,5 44,5 49,4 48,3 
4870 40,8 50,5 51,5 44,5 49,4 48,3 
4880 40,8 50,5 51,5 44,5 49,4 48,3 
4890 40,8 51,0 51,5 44,5 49,4 48,3 
4900 40,8 50,5 51,5 44,0 49,9 48,3 
4910 40,8 49,9 51,5 44,5 49,4 48,3 
4920 40,8 50,5 51,5 44,5 49,9 48,3 
4930 40,8 50,5 51,5 44,5 49,4 48,3 
4940 40,8 50,5 52,1 45,1 49,9 48,3 
4950 40,8 50,5 52,1 44,5 49,9 48,3 
4960 40,8 50,5 52,1 44,0 49,9 48,3 
4970 40,8 50,5 51,5 44,5 49,4 48,3 
4980 40,8 50,5 52,1 45,1 49,9 48,3 
4990 40,8 50,5 51,5 44,5 49,9 48,3 
5000 40,8 50,5 51,5 44,5 49,4 48,3 
5010 40,8 50,5 52,1 44,0 50,5 48,3 
5020 40,8 50,5 51,5 45,1 49,9 48,3 
5030 41,3 50,5 51,5 44,5 50,5 48,3 
5040 40,8 50,5 51,5 45,1 49,4 48,3 
5050 40,8 50,5 51,5 44,0 49,9 48,3 
5060 40,8 50,5 51,5 44,0 49,9 48,3 
5070 40,8 50,5 51,5 44,5 49,4 48,3 
5080 40,8 50,5 51,5 44,5 49,4 48,3 
5090 40,8 50,5 51,5 44,0 49,9 48,3 
5100 40,8 50,5 51,5 45,1 50,5 48,3 
5110 40,8 50,5 51,5 44,5 49,4 48,3 
5120 40,8 50,5 52,1 44,0 49,9 48,3 
5130 40,8 50,5 51,5 44,0 49,4 48,3 
5140 40,8 51,0 51,5 44,5 49,9 48,3 
5150 41,3 51,0 51,5 44,0 49,9 48,3 
5160 40,8 51,0 51,5 44,5 49,9 48,3 
5170 40,8 50,5 51,5 44,0 49,9 48,3 
5180 40,8 50,5 51,5 44,0 50,5 48,3 
5190 40,8 50,5 52,1 45,1 49,9 48,9 
5200 40,8 50,5 51,5 44,5 50,5 48,3 
5210 40,8 50,5 51,5 45,1 49,9 48,3 
5220 40,8 50,5 52,1 45,1 49,4 48,9 
5230 41,3 50,5 51,5 44,5 49,9 48,3 
5240 40,8 50,5 51,5 45,1 49,9 48,3 
5250 40,8 50,5 52,1 44,5 49,4 48,3 
5260 40,8 50,5 51,0 44,5 50,5 47,8 
5270 40,8 51,0 52,1 44,5 49,9 48,3 
5280 40,8 51,0 51,5 44,5 49,9 48,3 
5290 40,8 50,5 51,5 44,0 49,4 48,3 
5300 40,8 51,5 51,5 44,5 49,9 48,3 
5310 40,8 50,5 52,1 44,5 49,9 48,3 
5320 40,8 50,5 52,1 44,5 49,4 48,9 
5330 40,8 50,5 51,5 44,5 50,5 48,3 
5340 40,8 49,9 51,5 44,0 49,9 48,3 
5350 40,8 50,5 51,5 44,0 49,4 48,3 
5360 41,3 50,5 51,5 44,5 49,4 48,3 
5370 40,8 50,5 51,5 44,5 50,5 48,3 
5380 40,8 49,9 51,5 44,5 49,4 48,3 
5390 40,8 51,0 51,5 44,0 49,4 48,3 
5400 40,8 50,5 51,5 44,5 49,9 48,3 
5410 40,8 50,5 51,5 44,5 50,5 48,3 
5420 40,8 50,5 52,1 44,0 49,9 48,3 
5430 40,8 50,5 51,5 44,0 49,9 48,3 
5440 40,8 50,5 51,5 44,5 49,9 48,3 
5450 40,2 50,5 51,5 44,5 50,5 48,3 
5460 39,7 50,5 51,5 44,0 49,4 48,3 
5470 40,8 50,5 51,5 45,1 49,9 47,2 
5480 40,8 50,5 51,5 44,0 49,4 48,3 
5490 40,8 49,9 52,1 44,5 49,4 48,3 
5500 40,8 50,5 51,5 44,0 49,9 47,8 
5510 40,8 50,5 52,1 44,0 50,5 48,3 
5520 40,8 50,5 51,5 44,0 49,9 48,3 
5530 40,8 50,5 51,5 44,0 49,9 48,3 
5540 40,8 50,5 51,5 44,5 50,5 48,3 
5550 40,8 50,5 51,5 44,0 49,4 48,3 
5560 40,8 50,5 51,5 44,5 49,4 48,3 
5570 40,8 50,5 51,5 44,0 49,4 48,3 
5580 40,8 50,5 51,5 45,1 49,9 48,3 
5590 40,8 51,0 51,5 44,5 49,9 48,3 
5600 40,8 50,5 51,5 45,1 49,4 48,3 
5610 40,8 50,5 51,5 44,0 49,9 48,3 
5620 40,8 50,5 51,5 44,5 49,4 48,3 
5630 40,8 50,5 51,5 43,5 49,4 48,3 
5640 40,8 50,5 52,1 44,0 49,4 48,3 
5650 40,8 49,9 51,0 44,0 49,4 48,3 
5660 40,8 49,9 52,1 45,1 50,5 48,3 
5670 40,8 49,9 51,5 44,0 50,5 48,3 
5680 40,8 50,5 51,5 44,5 49,4 48,3 
5690 40,2 50,5 51,5 44,0 49,9 48,3 
5700 40,8 50,5 52,1 45,1 49,9 48,3 
5710 40,8 50,5 51,0 44,5 49,9 48,3 
5720 40,8 50,5 51,5 44,5 49,4 48,3 
5730 40,8 50,5 51,5 44,0 49,4 48,3 
5740 40,8 50,5 51,5 44,0 49,4 48,3 
5750 40,8 50,5 51,0 44,0 49,4 48,3 
5760 40,2 50,5 51,5 44,5 49,9 47,8 
5770 40,8 50,5 51,5 45,1 49,9 48,3 
5780 40,8 50,5 51,5 44,5 49,4 48,3 
5790 40,8 50,5 51,5 44,0 49,4 48,3 
5800 40,8 49,9 51,5 45,1 50,5 48,3 
5810 40,8 49,9 51,5 44,0 49,9 48,3 
5820 40,8 49,9 51,5 44,0 49,4 48,3 
5830 40,8 50,5 51,5 44,5 49,4 48,3 
5840 40,8 50,5 51,5 44,5 49,4 48,3 
5850 40,8 50,5 51,5 44,0 49,9 48,3 
5860 40,8 50,5 51,5 44,5 49,4 48,3 
5870 40,8 50,5 52,1 44,0 49,9 48,3 
5880 40,8 50,5 51,5 44,0 49,9 48,3 
5890 40,8 50,5 51,5 44,5 49,9 48,3 
5900 40,8 50,5 51,0 44,5 49,4 48,3 
5910 40,8 50,5 51,5 44,0 49,4 48,3 
5920 40,8 50,5 51,5 44,5 49,9 48,3 
5930 40,8 51,0 51,0 44,5 49,4 47,8 
5940 40,8 51,0 51,0 44,5 49,4 48,3 
5950 40,8 49,9 51,0 44,0 49,9 48,3 
5960 40,8 50,5 51,0 44,0 49,9 47,8 
5970 40,8 50,5 51,5 44,0 49,9 48,3 
5980 40,8 50,5 51,5 44,5 49,9 47,8 
5990 40,8 49,9 51,5 44,0 49,4 48,3 
6000 40,8 50,5 51,5 44,0 49,9 48,3 
6010 40,8 50,5 51,5 44,0 49,4 48,3 
6020 40,8 50,5 51,5 44,0 49,4 48,3 
6030 40,8 50,5 51,5 44,5 49,4 48,3 
6040 40,8 50,5 51,0 44,0 49,4 48,3 
6050 40,8 49,9 51,5 44,5 49,4 48,3 
6060 40,8 50,5 51,5 44,0 49,4 48,3 
6070 40,8 50,5 51,5 44,5 49,4 48,3 
6080 41,3 50,5 51,5 44,0 50,5 48,3 
6090 40,8 50,5 51,5 44,5 50,5 48,3 
6100 40,8 50,5 51,5 44,0 49,4 48,3 
6110 40,8 50,5 51,5 44,0 49,9 48,3 
6120 40,8 50,5 51,5 44,0 49,9 48,3 
6130 40,8 50,5 51,5 44,5 49,4 48,3 
6140 40,8 50,5 51,5 44,0 49,9 48,3 
6150 40,8 49,9 51,5 44,0 49,4 48,3 
6160 40,8 50,5 51,5 44,5 49,4 48,3 
6170 40,8 51,0 51,5 44,0 49,4 48,3 
6180 40,8 49,9 51,5 44,5 49,4 48,3 
6190 40,8 49,9 51,5 44,5 49,4 47,8 
6200 40,8 49,9 51,5 44,5 50,5 47,8 
6210 40,8 49,9 52,1 44,5 49,9 48,3 
6220 40,8 49,9 51,5 44,0 49,4 48,3 
6230 40,8 50,5 51,5 44,0 49,4 48,3 
6240 40,8 50,5 51,5 44,5 49,9 48,3 
6250 40,8 50,5 51,5 44,5 49,4 48,3 
6260 40,8 50,5 51,5 44,0 49,4 48,3 
6270 40,8 50,5 52,1 44,0 49,9 48,3 
6280 41,3 49,9 51,5 44,0 49,9 47,8 
6290 40,8 49,9 51,5 44,5 49,9 48,3 
6300 40,8 50,5 51,5 44,0 49,4 48,3 
6310 40,8 50,5 51,5 44,5 49,9 48,3 
6320 40,2 50,5 51,5 44,0 49,9 48,3 
6330 40,8 49,9 51,5 44,0 49,4 48,3 
6340 40,2 50,5 51,5 44,0 49,4 47,8 
6350 39,7 49,9 52,1 44,5 49,4 48,3 
6360 40,8 50,5 51,5 44,0 49,4 48,3 
6370 40,8 50,5 51,5 44,5 50,5 48,3 
6380 40,8 50,5 51,5 44,5 49,4 48,3 
6390 40,8 49,9 52,1 44,5 49,4 48,3 
6400 40,2 50,5 52,1 44,0 49,4 48,3 
6410 40,8 50,5 51,5 45,1 49,9 47,8 
6420 40,8 49,9 52,1 44,0 49,9 48,3 
6430 40,8 50,5 51,5 44,5 49,4 48,3 
6440 40,8 50,5 51,5 44,0 49,4 47,8 
6450 40,8 50,5 51,5 44,0 49,4 48,3 
6460 40,8 49,9 51,5 44,5 49,4 48,3 
6470 40,8 49,4 51,5 45,1 49,4 48,9 
6480 40,8 50,5 51,5 44,5 49,4 48,3 
6490 40,8 49,9 51,5 44,5 49,9 48,3 
6500 40,8 50,5 51,5 44,0 49,4 48,3 
6510 40,8 50,5 51,5 44,0 49,4 48,3 
6520 40,8 50,5 51,5 44,5 49,9 48,3 
6530 40,8 50,5 51,5 44,5 49,4 48,3 
6540 40,8 49,9 50,5 44,0 49,9 48,3 
6550 40,2 50,5 51,5 44,0 49,4 47,8 
6560 40,2 50,5 51,5 44,0 49,4 48,3 
6570 40,8 50,5 50,5 44,0 49,9 48,3 
6580 40,8 50,5 51,5 44,0 49,4 48,3 
6590 40,8 50,5 51,0 44,0 49,9 48,3 
6600 40,8 50,5 51,5 44,0 49,4 48,3 
6610 40,8 49,9 51,5 44,0 49,4 48,3 
6620 40,8 50,5 51,5 44,5 49,9 48,3 
6630 40,8 50,5 51,5 44,5 49,4 48,3 
6640 40,8 50,5 51,5 44,0 49,4 47,8 
6650 40,8 50,5 51,5 44,5 49,4 48,3 
6660 40,8 49,9 52,1 44,0 49,9 48,3 
6670 40,8 49,9 51,5 44,0 49,4 48,3 
6680 40,8 50,5 51,5 44,5 49,4 48,3 
6690 40,8 49,9 51,5 44,0 49,9 47,8 
6700 40,8 50,5 51,5 44,5 49,4 48,3 
6710 40,2 49,9 51,5 44,5 49,4 48,3 
6720 40,8 50,5 51,5 44,5 49,9 47,8 
6730 40,8 50,5 51,0 44,0 49,4 48,9 
6740 40,8 49,9 51,0 45,1 49,4 48,3 
6750 40,2 49,9 51,5 44,0 49,9 48,3 
6760 40,8 49,9 51,5 44,0 49,9 47,8 
6770 40,8 49,9 51,5 44,0 49,9 48,3 
6780 40,8 50,5 51,5 44,5 49,4 48,3 
6790 40,8 49,9 51,5 44,5 49,4 48,3 
6800 40,8 49,9 52,1 44,0 49,4 48,3 
6810 40,2 50,5 50,5 44,5 49,4 47,8 
6820 40,8 50,5 51,0 44,5 49,4 48,3 
6830 40,8 50,5 51,5 44,0 49,4 48,3 
6840 40,8 49,9 51,0 44,5 49,4 47,8 
6850 40,8 50,5 51,5 44,0 49,4 48,3 
6860 40,8 50,5 51,5 44,0 50,5 48,3 
6870 40,8 51,0 51,5 44,5 49,9 48,3 
6880 40,8 49,9 51,5 44,0 49,9 48,3 
6890 40,8 50,5 51,5 44,0 49,4 48,3 
6900 40,8 50,5 51,5 44,0 49,9 48,3 
6910 40,8 50,5 51,0 44,5 49,4 48,3 
6920 40,8 50,5 51,5 44,0 49,4 48,3 
6930 40,2 50,5 51,5 44,0 49,4 48,3 
6940 40,8 49,4 51,5 44,5 49,9 48,3 
6950 40,8 49,9 51,5 44,0 49,4 48,3 
6960 40,8 50,5 51,5 44,0 49,4 47,8 
6970 40,8 50,5 51,5 44,0 49,4 48,3 
6980 39,7 49,9 51,5 44,0 49,4 48,3 
6990 40,8 50,5 51,5 44,0 49,4 47,8 
7000 40,8 50,5 51,5 44,5 49,9 48,3 
7010 40,8 50,5 51,5 44,0 49,4 48,3 
7020 40,8 50,5 51,5 44,0 49,4 48,3 
7030 40,8 50,5 51,0 44,5 49,4 48,3 
7040 40,8 50,5 51,5 43,5 49,9 48,3 
7050 40,8 50,5 51,5 44,0 49,4 48,3 
7060 40,8 49,9 51,5 44,0 49,4 48,3 
7070 40,8 50,5 51,5 44,0 49,4 48,3 
7080 40,2 50,5 51,5 44,0 49,9 48,3 
7090 40,2 50,5 51,5 44,0 49,4 48,3 
7100 40,8 50,5 51,0 44,5 49,9 48,3 
7110 39,7 50,5 51,5 44,0 49,9 48,3 
7120 40,8 49,9 51,5 44,0 49,4 48,3 
7130 40,8 50,5 51,5 44,5 49,4 48,3 
7140 40,8 50,5 51,5 44,0 49,4 48,3 
7150 40,8 50,5 51,5 44,5 49,9 47,8 
7160 40,8 50,5 51,5 45,1 49,4 48,3 
7170 40,8 50,5 51,5 44,5 49,4 48,3 
7180 40,8 50,5 51,5 44,0 49,4 48,3 
7190 40,8 50,5 51,5 44,5 49,4 48,3 
7200 40,8 49,9 51,5 44,0 49,4 48,3 
7210 40,2 50,5 51,5 44,0 50,5 47,8 
7220 40,2 49,9 51,5 45,1 49,9 48,3 
7230 40,8 49,9 51,5 44,0 49,4 48,3 
7240 40,8 50,5 51,5 44,0 49,4 48,3 
7250 40,8 50,5 51,5 44,0 49,9 48,3 
7260 40,8 49,4 51,0 45,1 49,4 48,3 
7270 40,8 50,5 51,5 44,0 49,9 47,8 
7280 40,8 50,5 51,5 44,0 49,4 48,3 
7290 41,3 49,9 51,5 44,0 49,4 48,3 
7300 40,8 50,5 51,5 44,0 49,4 47,8 
7310 40,8 50,5 51,5 44,0 49,4 48,3 
7320 40,8 50,5 51,5 44,5 49,4 47,8 
7330 40,8 50,5 51,5 44,0 49,9 48,3 
7340 40,8 50,5 51,5 44,0 49,4 47,8 
7350 40,2 50,5 51,5 44,0 49,4 48,3 
7360 40,8 50,5 51,5 44,0 49,4 48,3 
7370 40,8 50,5 51,5 44,0 49,4 48,3 
7380 40,8 50,5 51,5 44,5 49,4 48,3 
7390 41,3 49,9 51,0 44,0 49,4 48,3 
7400 40,8 50,5 52,1 44,0 49,9 48,9 
7410 40,8 50,5 51,0 44,0 49,4 48,3 
7420 40,8 50,5 51,0 44,0 49,4 48,3 
7430 40,8 50,5 51,5 44,0 49,4 48,3 
7440 40,8 50,5 51,5 44,5 49,9 48,3 
7450 40,8 50,5 51,5 44,0 49,4 48,3 
7460 40,8 50,5 51,0 44,5 49,9 48,3 
7470 40,8 50,5 51,5 44,0 49,4 48,3 
7480 40,8 50,5 51,5 44,5 49,4 48,3 
7490 39,7 50,5 51,5 44,0 50,5 48,3 
7500 40,8 49,9 51,5 44,0 50,5 48,3 
7510 40,8 50,5 51,5 44,0 49,4 48,3 
7520 40,8 50,5 51,5 44,0 49,9 48,3 
7530 40,8 49,9 51,5 44,0 49,9 48,3 
7540 40,8 50,5 51,5 44,0 49,4 48,3 
7550 40,8 50,5 51,5 44,0 49,9 48,3 
7560 40,8 50,5 51,5 44,0 49,4 48,3 
7570 40,2 50,5 51,5 44,0 50,5 48,3 
7580 40,8 50,5 51,5 44,0 49,4 47,8 
7590 40,8 49,4 51,5 44,0 49,4 48,3 
7600 40,8 49,9 51,5 44,0 50,5 48,3 
7610 41,3 50,5 51,5 44,0 49,4 48,3 
7620 40,8 50,5 51,0 44,0 49,4 48,3 
7630 40,8 49,9 51,5 44,5 49,4 48,3 
7640 40,8 49,9 51,5 44,0 49,4 48,3 
7650 40,2 50,5 51,5 44,0 49,4 48,3 
7660 40,8 50,5 51,5 44,5 49,4 48,3 
7670 40,8 50,5 51,5 44,5 49,4 48,3 
7680 40,8 49,9 51,5 44,5 49,9 48,3 
7690 40,8 50,5 51,5 44,5 49,9 48,3 
7700 40,8 50,5 51,5 45,1 49,9 48,3 
7710 40,8 50,5 52,1 44,0 49,9 48,3 
7720 41,3 50,5 51,5 44,0 50,5 48,3 
7730 40,8 50,5 51,5 44,0 49,4 48,3 
7740 40,8 50,5 51,0 44,0 49,4 48,3 
7750 40,8 50,5 51,5 44,5 49,9 48,3 
7760 40,8 50,5 51,5 44,0 49,9 48,3 
7770 40,8 50,5 51,0 44,0 49,4 48,3 
7780 40,8 50,5 51,5 44,5 50,5 48,9 
7790 40,8 49,4 51,5 44,0 49,4 48,3 
7800 40,8 50,5 51,5 44,5 49,4 48,3 
7810 40,2 49,4 51,5 44,0 49,9 48,3 
7820 40,8 50,5 51,5 44,0 50,5 48,3 
7830 40,8 50,5 51,5 44,5 49,4 48,3 
7840 40,8 50,5 51,5 44,5 49,9 48,3 
7850 40,8 51,0 51,5 44,0 49,9 48,3 
7860 40,8 50,5 51,0 44,0 49,9 47,8 
7870 40,8 50,5 51,5 44,0 49,9 48,3 
7880 40,2 50,5 51,5 45,1 49,9 48,3 
7890 40,8 51,0 51,5 44,0 49,9 48,3 
7900 40,8 50,5 51,5 44,0 49,4 48,3 
7910 40,8 50,5 51,5 44,5 49,9 48,3 
7920 40,2 50,5 51,5 44,5 49,4 48,3 
7930 40,8 50,5 51,5 44,0 50,5 48,3 
7940 40,8 50,5 51,5 44,5 49,4 47,8 
7950 40,8 50,5 51,5 44,0 49,9 48,3 
7960 40,8 50,5 51,5 44,0 49,9 48,3 
7970 40,8 51,0 51,0 44,5 49,4 48,3 
7980 40,8 50,5 51,0 44,0 49,9 48,3 
7990 40,8 50,5 51,5 44,5 49,9 48,3 
8000 41,3 50,5 51,5 44,5 49,9 48,3 
8010 40,8 50,5 51,5 44,0 49,9 48,3 
8020 40,8 50,5 51,5 44,5 49,9 48,3 
8030 40,8 50,5 51,5 44,0 49,9 48,3 
8040 40,8 49,4 51,0 44,5 50,5 48,3 
8050 40,8 50,5 51,5 44,0 49,4 48,3 
8060 40,8 50,5 51,0 44,5 49,9 48,3 
8070 40,8 50,5 51,5 44,5 49,4 48,3 
8080 40,8 50,5 51,5 44,0 49,9 48,3 
8090 40,8 49,9 51,5 44,5 49,9 48,3 
8100 40,8 50,5 51,5 44,5 49,4 48,3 
8110 40,8 50,5 51,5 44,5 49,4 48,3 
8120 40,8 50,5 51,5 44,5 50,5 48,3 
8130 40,8 50,5 51,5 44,5 50,5 48,3 
8140 40,8 50,5 51,5 44,5 49,9 48,3 
8150 40,8 50,5 51,5 45,1 49,4 48,3 
8160 40,8 50,5 51,5 44,5 50,5 47,8 
8170 40,8 50,5 51,5 44,5 49,9 48,3 
8180 40,8 49,9 51,5 44,5 49,9 48,3 
8190 40,8 50,5 51,5 44,0 49,9 48,3 
8200 40,8 50,5 51,5 44,0 49,4 47,8 
8210 40,8 51,0 51,5 44,5 50,5 48,3 
8220 40,8 49,9 51,5 44,0 49,9 48,3 
8230 40,8 50,5 51,5 44,0 49,9 48,3 
8240 40,8 49,9 51,5 44,5 49,9 47,8 
8250 40,8 50,5 51,5 44,0 49,9 48,3 
8260 40,8 50,5 51,5 45,1 49,9 48,3 
8270 40,8 50,5 52,1 44,0 49,9 48,3 
8280 40,8 49,9 51,5 44,0 49,4 48,3 
8290 40,8 51,0 51,5 44,0 49,9 47,8 
8300 41,3 50,5 51,5 44,5 49,9 48,3 
8310 40,8 50,5 51,5 44,0 49,9 48,3 
8320 39,7 50,5 51,5 45,1 49,9 48,9 
8330 40,8 49,4 51,5 44,5 50,5 48,3 
8340 41,3 50,5 51,5 44,5 49,9 48,3 
8350 40,8 50,5 51,5 44,5 48,3 48,9 
8360 40,8 49,9 51,5 44,5 49,9 48,9 
8370 40,8 50,5 51,5 44,5 49,9 48,3 
8380 40,8 50,5 51,5 44,5 49,9 48,3 
8390 40,8 50,5 51,5 44,0 49,9 48,3 
8400 40,8 50,5 51,5 45,1 49,4 48,3 
8410 40,8 50,5 51,5 44,5 49,9 48,3 
8420 40,8 50,5 51,5 44,5 49,4 48,3 
8430 41,3 50,5 51,5 45,1 49,4 48,3 
8440 40,8 50,5 51,5 44,0 49,9 48,3 
8450 40,8 50,5 51,5 44,0 49,4 48,3 
8460 40,8 51,0 51,5 44,5 49,9 48,3 
8470 40,8 50,5 51,5 44,5 49,9 48,3 
8480 40,8 50,5 51,0 44,0 50,5 48,3 
8490 40,2 50,5 52,1 44,0 49,9 48,3 
8500 40,8 49,9 51,5 44,5 49,9 48,3 
8510 40,8 50,5 51,5 44,0 50,5 48,3 
8520 40,8 50,5 51,5 45,1 49,4 48,3 
8530 40,8 50,5 51,5 45,1 49,9 48,3 
8540 40,8 50,5 51,5 44,5 49,4 48,3 
8550 40,8 50,5 51,5 45,1 49,9 48,3 
8560 40,8 50,5 51,5 45,1 50,5 48,3 
8570 40,8 50,5 51,5 44,5 49,9 48,3 
8580 40,8 50,5 51,5 44,5 50,5 47,8 
8590 41,3 50,5 51,5 45,1 50,5 47,8 
8600 40,8 50,5 52,1 45,1 49,9 48,3 
8610 40,8 50,5 52,1 44,5 50,5 48,3 
8620 40,2 50,5 51,5 44,0 49,9 48,3 
8630 40,8 50,5 51,5 44,5 49,9 48,3 
8640 40,8 50,5 51,5 44,0 49,9 48,3 
8650 40,8 50,5 51,5 44,0 50,5 48,3 
8660 40,8 50,5 51,5 44,5 49,9 48,3 
8670 40,8 51,0 51,5 44,5 49,9 48,3 
8680 40,8 50,5 51,5 44,5 49,9 47,8 
8690 41,3 50,5 51,5 45,1 49,9 48,3 
8700 40,8 51,0 51,5 44,5 49,4 48,9 
8710 41,3 50,5 51,5 44,5 50,5 48,9 
8720 40,8 50,5 51,5 45,1 50,5 48,3 
8730 40,8 51,5 51,5 44,0 50,5 48,3 
8740 40,8 50,5 51,5 44,5 50,5 48,9 
8750 40,8 50,5 51,5 45,1 49,9 48,3 
8760 40,8 50,5 51,5 44,5 50,5 48,3 
8770 41,3 50,5 51,5 45,1 49,9 48,3 
8780 41,3 50,5 51,5 44,0 50,5 48,3 
8790 40,8 50,5 51,5 44,0 49,4 48,3 
8800 40,8 50,5 51,5 45,1 50,5 48,3 
8810 40,8 50,5 51,5 44,0 49,4 48,3 
8820 40,8 49,9 51,5 45,1 49,4 48,3 
8830 40,8 50,5 51,5 44,5 49,4 48,3 
8840 40,8 51,0 51,5 44,5 49,9 48,9 
8850 40,8 50,5 51,5 44,0 50,5 48,3 
8860 40,8 49,9 51,5 45,1 49,9 48,3 
8870 40,8 49,9 51,5 45,1 50,5 48,3 
8880 40,8 50,5 51,5 45,1 50,5 48,3 
8890 40,8 50,5 51,5 44,5 49,9 48,9 
8900 40,8 50,5 51,5 44,5 49,9 48,3 
8910 40,8 50,5 51,5 45,1 49,9 49,4 
8920 40,8 50,5 51,5 45,1 50,5 48,3 
8930 41,3 49,9 51,5 45,1 50,5 48,3 
8940 40,2 50,5 52,1 44,0 49,9 48,3 
8950 40,8 50,5 51,5 44,0 49,4 48,3 
8960 40,8 50,5 51,5 44,0 49,4 48,3 
8970 40,8 50,5 51,5 45,1 49,9 48,9 
8980 40,8 50,5 51,5 45,1 50,5 48,3 
8990 40,8 50,5 51,5 45,1 49,9 48,3 
9000 40,8 50,5 51,5 45,1 49,9 48,3 
9010 40,8 50,5 51,5 44,5 50,5 48,3 
9020 40,8 49,9 51,5 44,0 50,5 48,3 
9030 40,8 50,5 51,5 45,1 49,4 48,3 
9040 40,8 50,5 51,5 44,0 49,9 48,3 
9050 40,8 50,5 51,5 45,1 49,9 48,3 
9060 40,8 50,5 51,0 44,5 49,4 48,3 
9070 40,8 50,5 50,5 44,5 50,5 48,3 
9080 40,8 49,9 52,1 45,1 50,5 48,3 
9090 40,8 50,5 51,5 45,1 50,5 48,3 
9100 41,3 50,5 51,5 45,1 49,9 48,3 
9110 40,8 50,5 52,1 44,5 50,5 48,3 
9120 40,8 50,5 51,5 45,1 50,5 49,4 
9130 40,2 50,5 51,5 44,5 49,9 48,3 
9140 40,8 50,5 52,1 45,1 50,5 48,3 
9150 40,8 50,5 51,5 44,5 49,4 48,3 
9160 41,3 50,5 51,5 45,1 50,5 48,9 
9170 41,3 50,5 52,1 44,5 49,4 48,3 
9180 40,8 50,5 51,5 44,5 49,9 48,9 
9190 40,8 50,5 51,5 44,5 49,9 48,9 
9200 40,8 51,5 52,1 44,5 49,9 48,9 
9210 40,8 50,5 51,5 45,1 50,5 48,3 
9220 40,8 50,5 51,5 44,5 50,5 48,3 
9230 40,8 50,5 51,5 44,0 49,9 48,3 
9240 41,3 50,5 51,5 44,0 50,5 48,3 
9250 40,8 50,5 51,5 44,5 50,5 48,3 
9260 40,8 50,5 52,1 45,1 49,9 48,3 
9270 40,8 50,5 51,5 45,1 49,9 48,3 
9280 40,8 50,5 51,5 45,1 50,5 48,9 
9290 40,8 50,5 52,1 44,5 50,5 48,9 
9300 40,8 50,5 51,5 45,1 49,9 48,3 
9310 40,8 50,5 51,5 45,1 49,9 48,3 
9320 40,8 50,5 51,5 44,0 50,5 48,3 
9330 40,8 50,5 52,1 45,1 49,9 48,9 
9340 40,8 50,5 51,5 45,1 49,9 48,3 
9350 40,8 50,5 51,5 44,5 49,9 48,3 
9360 40,8 50,5 52,1 45,1 49,9 48,9 
9370 40,8 51,0 51,5 44,0 50,5 48,3 
9380 40,8 50,5 51,5 45,1 50,5 48,9 
9390 40,8 51,0 52,1 44,5 49,9 48,9 
9400 40,8 49,9 51,5 45,1 49,9 48,3 
9410 40,8 50,5 51,5 45,1 50,5 48,9 
9420 40,8 50,5 51,5 45,1 50,5 48,3 
9430 40,8 51,0 52,1 45,1 50,5 48,3 
9440 40,8 51,0 51,5 45,1 49,4 48,3 
9450 40,8 50,5 52,1 45,1 49,4 48,9 
9460 40,8 50,5 51,5 45,1 49,9 48,3 
9470 40,8 50,5 51,5 45,1 50,5 48,3 
9480 41,3 50,5 51,5 45,1 50,5 48,3 
9490 40,8 50,5 51,5 45,1 49,9 48,9 
9500 40,8 50,5 52,1 45,1 49,9 48,3 
9510 40,8 51,5 52,1 45,1 49,4 48,3 
9520 40,8 50,5 52,1 45,1 50,5 48,3 
9530 40,8 50,5 51,5 45,1 50,5 48,3 
9540 40,8 51,0 51,5 45,1 50,5 48,3 
9550 40,8 51,0 52,1 45,1 50,5 48,9 
9560 41,3 50,5 51,5 44,5 50,5 48,3 
9570 40,8 50,5 51,5 45,1 50,5 48,3 
9580 41,3 50,5 52,1 45,1 50,5 48,3 
9590 40,8 50,5 51,5 45,1 50,5 48,3 
9600 40,8 50,5 51,5 45,1 49,9 48,3 
9610 40,8 51,0 51,5 45,1 50,5 48,9 
9620 40,8 50,5 51,5 45,1 50,5 48,3 
9630 40,8 51,0 51,5 45,1 50,5 48,3 
9640 40,8 50,5 51,5 44,5 50,5 48,3 
9650 40,8 50,5 51,5 45,1 51,0 48,9 
9660 40,8 50,5 52,6 44,5 49,9 48,9 
9670 40,8 51,5 51,5 44,5 49,9 48,9 
9680 40,8 51,0 51,5 45,1 50,5 48,3 
9690 40,8 51,0 51,5 45,1 50,5 48,9 
9700 40,8 50,5 52,1 45,1 50,5 49,4 
9710 40,8 50,5 52,1 45,1 49,9 48,3 
9720 40,8 50,5 51,5 45,1 50,5 48,9 
9730 40,8 50,5 52,1 45,1 50,5 48,3 
9740 40,8 50,5 52,1 44,5 50,5 48,3 
9750 41,3 51,0 51,5 45,1 50,5 48,9 
9760 41,3 50,5 51,5 45,1 49,9 49,4 
9770 40,8 50,5 52,1 45,1 50,5 48,9 
9780 40,8 50,5 52,1 45,1 50,5 48,3 
9790 41,3 50,5 51,5 45,1 50,5 48,9 
9800 40,8 50,5 52,1 45,1 50,5 48,3 
9810 40,8 50,5 52,1 45,1 50,5 48,3 
9820 40,8 50,5 52,6 45,1 50,5 48,3 
9830 40,8 51,0 52,1 45,1 50,5 48,3 
9840 41,3 51,0 52,1 45,1 50,5 49,4 
9850 40,8 50,5 51,5 44,5 50,5 48,3 
9860 40,8 51,5 51,5 45,1 50,5 49,4 
9870 40,8 50,5 52,1 45,1 49,4 48,9 
9880 40,8 50,5 52,1 45,1 50,5 48,3 
9890 40,8 50,5 51,5 45,1 50,5 48,3 
9900 41,9 50,5 52,1 45,1 49,9 48,3 
9910 41,3 50,5 51,5 45,1 50,5 48,3 
9920 41,3 50,5 52,1 45,1 49,9 49,4 
9930 40,8 51,0 52,1 45,1 50,5 48,9 
9940 40,8 50,5 52,1 45,1 50,5 49,4 
9950 40,8 51,0 52,1 44,5 50,5 48,9 
9960 40,8 50,5 52,1 45,1 50,5 48,9 
9970 40,8 51,0 51,5 45,1 50,5 49,4 
9980 40,8 51,0 52,1 45,1 50,5 48,3 
9990 41,3 50,5 52,1 45,1 50,5 48,9 
10000 40,8 50,5 52,1 45,1 50,5 48,3 
10010 40,8 50,5 52,1 45,1 50,5 48,3 
10020 41,3 51,0 51,5 45,1 50,5 49,4 
10030 41,3 50,5 52,1 45,1 50,5 49,4 
10040 41,3 50,5 51,5 45,1 50,5 48,9 
10050 41,3 51,0 52,1 45,1 50,5 49,4 
10060 41,3 50,5 52,1 45,1 50,5 49,4 
10070 41,3 50,5 52,1 44,5 49,9 48,9 
10080 41,3 50,5 51,5 45,1 50,5 49,4 
10090 40,8 50,5 52,1 45,1 50,5 48,9 
10100 40,8 50,5 52,1 45,1 50,5 48,9 
10110 40,8 51,0 51,5 45,1 50,5 48,3 
10120 41,3 51,0 52,1 45,1 50,5 48,3 
10130 40,8 50,5 52,6 45,1 50,5 48,3 
10140 41,3 50,5 51,5 45,1 50,5 48,3 
10150 40,8 51,5 52,1 45,1 50,5 48,3 
10160 40,8 51,5 52,6 45,1 50,5 48,9 
10170 41,9 51,0 52,1 45,1 49,9 48,9 
10180 41,3 51,5 52,1 44,5 50,5 48,3 
10190 41,3 50,5 51,5 45,1 50,5 48,3 
10200 40,8 50,5 52,1 45,1 50,5 48,9 
10210 40,8 51,5 51,5 45,1 50,5 48,9 
10220 41,3 50,5 51,5 45,6 50,5 49,4 
10230 41,3 50,5 52,1 45,1 49,9 48,9 
10240 40,8 51,5 51,5 45,1 50,5 48,3 
10250 41,3 50,5 51,5 45,1 50,5 49,4 
10260 40,8 51,0 52,1 45,1 50,5 49,4 
10270 41,9 51,0 51,5 45,1 50,5 48,9 
10280 41,3 50,5 52,6 44,5 49,9 48,3 
10290 40,8 51,5 52,1 45,1 50,5 48,9 
10300 41,3 50,5 52,1 45,1 50,5 48,3 
10310 41,3 51,0 52,1 45,1 51,5 49,4 
10320 41,3 51,5 52,1 45,1 49,9 49,4 
10330 41,3 50,5 52,1 45,1 50,5 49,4 
10340 40,8 51,5 51,5 45,1 50,5 48,3 
10350 41,3 51,5 52,6 45,1 50,5 49,4 
10360 41,3 50,5 52,1 45,1 50,5 48,3 
10370 40,8 51,0 52,6 45,1 50,5 48,3 
10380 41,3 51,5 51,5 45,1 50,5 48,3 
10390 40,8 51,5 52,1 45,1 50,5 48,3 
10400 41,3 51,5 52,1 45,1 50,5 48,9 
10410 41,3 51,0 52,1 45,1 51,0 49,4 
10420 40,8 51,5 52,1 45,1 50,5 49,4 
10430 41,9 51,5 51,5 45,1 50,5 49,4 
10440 41,9 50,5 52,1 45,1 50,5 48,9 
10450 41,3 50,5 52,1 45,1 50,5 48,3 
10460 40,8 51,5 52,1 45,1 50,5 49,4 
10470 41,3 50,5 52,1 45,1 50,5 49,4 
10480 41,3 51,5 52,6 45,1 50,5 49,4 
10490 41,9 51,5 52,1 45,1 50,5 49,4 
10500 41,3 51,5 52,1 45,1 50,5 48,9 
10510 41,3 50,5 52,6 45,1 50,5 48,9 
10520 41,3 50,5 51,5 45,1 50,5 48,9 
10530 41,3 51,0 52,6 45,1 50,5 49,4 
10540 41,3 51,5 52,1 45,1 51,0 48,9 
10550 40,8 50,5 52,1 45,1 50,5 48,9 
10560 41,3 51,5 52,1 45,1 50,5 48,9 
10570 41,9 51,5 52,6 45,6 51,0 48,3 
10580 41,9 51,0 52,1 45,1 50,5 49,4 
10590 41,9 51,5 52,1 45,1 50,5 49,4 
10600 41,9 51,5 52,6 45,1 50,5 48,3 
10610 41,3 50,5 52,1 45,1 50,5 49,4 
10620 41,3 51,5 52,1 45,1 50,5 49,4 
10630 40,8 51,0 52,1 45,1 51,0 48,3 
10640 41,3 51,5 52,1 45,1 50,5 49,4 
10650 41,9 51,5 52,1 45,1 51,5 49,4 
10660 41,3 51,5 52,6 45,1 50,5 49,4 
10670 40,8 51,5 51,5 45,1 50,5 49,4 
10680 40,8 51,5 52,1 45,1 50,5 48,9 
10690 41,3 51,5 51,5 45,1 50,5 49,4 
10700 41,9 52,1 51,5 45,1 50,5 49,4 
10710 41,3 51,5 52,6 45,6 51,5 48,3 
10720 40,8 51,5 51,5 45,1 50,5 48,9 
10730 41,3 51,5 52,6 45,1 50,5 49,4 
10740 41,3 50,5 52,1 45,1 49,9 49,4 
10750 41,9 51,5 52,1 45,6 50,5 49,4 
10760 40,8 51,5 52,6 45,1 50,5 48,3 
10770 40,8 50,5 52,1 45,1 50,5 49,4 
10780 41,3 51,0 52,1 45,1 51,0 49,4 
10790 41,3 51,5 52,6 45,1 50,5 48,3 
10800 41,3 51,5 52,1 45,1 50,5 49,4 
10810 40,8 51,0 51,5 45,1 50,5 49,4 
10820 41,3 51,5 52,6 45,6 50,5 49,4 
10830 41,3 51,5 51,5 45,1 50,5 49,4 
10840 41,3 51,5 52,1 45,1 50,5 49,4 
10850 41,3 51,5 52,1 45,6 51,0 48,9 
10860 40,8 51,5 52,6 45,1 51,5 48,9 
10870 41,3 51,5 52,6 45,1 50,5 49,4 
10880 41,9 51,0 52,6 45,1 50,5 49,4 
10890 41,3 51,5 52,6 45,1 51,0 48,9 
10900 41,9 51,5 52,1 45,1 50,5 48,3 
10910 40,8 51,5 52,6 45,1 50,5 48,9 
10920 40,8 51,5 51,5 45,1 51,0 49,4 
10930 41,3 51,5 52,1 45,1 50,5 49,4 
10940 41,3 51,5 52,6 45,1 51,5 49,4 
10950 40,8 51,5 52,1 45,6 51,5 49,4 
10960 41,9 51,5 52,6 45,1 50,5 49,4 
10970 40,8 51,0 52,6 45,1 50,5 49,4 
10980 40,8 50,5 52,6 45,1 50,5 49,4 
10990 40,8 51,0 52,1 45,1 50,5 49,4 
11000 40,8 51,5 52,1 45,6 51,0 49,4 
11010 41,3 51,5 52,1 45,1 50,5 49,4 
11020 41,3 51,0 52,6 45,1 50,5 49,4 
11030 40,8 51,5 52,6 45,1 50,5 48,9 
11040 41,9 51,5 52,1 45,1 50,5 49,4 
11050 41,3 51,5 52,1 45,1 51,0 49,4 
11060 41,9 51,5 52,6 45,6 51,5 49,4 
11070 40,8 51,5 52,6 45,1 51,0 49,4 
11080 41,3 51,5 52,1 45,1 50,5 48,9 
11090 41,9 51,5 52,6 45,1 51,0 49,4 
11100 41,9 51,5 52,1 45,1 50,5 49,4 
11110 41,3 51,5 52,1 45,1 50,5 49,4 
11120 41,3 51,5 52,6 45,1 50,5 48,9 
11130 40,8 51,5 52,1 45,1 50,5 48,9 
11140 41,9 51,5 52,1 45,6 50,5 49,4 
11150 41,9 50,5 52,1 45,1 50,5 48,9 
11160 41,9 51,5 52,6 45,1 50,5 49,4 
11170 41,9 51,5 52,6 45,6 50,5 49,4 
11180 41,3 51,5 52,1 46,2 50,5 49,4 
11190 41,3 50,5 52,6 45,1 51,0 49,4 
11200 40,8 51,5 52,6 45,6 51,5 48,9 
11210 41,3 51,0 52,6 45,1 50,5 48,9 
11220 41,3 51,5 52,1 45,1 51,5 49,4 
11230 41,3 51,5 52,6 45,1 51,0 49,4 
11240 41,9 50,5 52,6 45,6 51,5 48,9 
11250 40,8 51,5 52,1 45,1 51,0 49,4 
11260 41,3 51,5 52,1 45,1 51,5 48,9 
11270 40,8 51,5 52,1 45,1 50,5 49,4 
11280 41,9 51,0 52,6 45,6 51,5 49,4 
11290 41,9 51,5 52,1 45,1 50,5 49,4 
11300 41,9 51,5 52,6 45,1 51,5 49,4 
11310 41,9 51,5 52,6 45,6 51,0 49,4 
11320 41,3 51,5 52,1 45,6 50,5 49,4 
11330 41,9 51,5 52,6 45,1 50,5 49,4 
11340 41,9 50,5 52,1 45,6 51,5 49,4 
11350 41,3 51,5 52,1 45,6 51,0 49,4 
11360 41,3 52,1 52,1 45,6 51,5 49,4 
11370 41,3 51,5 52,6 45,1 51,0 49,4 
11380 41,9 51,5 52,1 45,1 51,0 49,4 
11390 41,3 51,5 52,1 45,6 51,5 49,4 
11400 40,8 51,5 52,6 45,1 50,5 49,4 
11410 41,9 50,5 52,1 45,1 51,0 49,4 
11420 41,9 51,0 52,1 45,1 51,5 49,4 
11430 41,9 51,5 52,1 45,1 50,5 49,4 
11440 41,3 51,5 52,1 45,6 51,5 49,4 
11450 41,9 51,5 53,2 45,6 50,5 49,4 
11460 41,9 51,5 52,1 45,6 51,0 49,4 
11470 41,3 51,5 52,1 45,6 51,0 49,4 
11480 41,9 51,5 52,6 45,1 51,0 49,4 
11490 41,9 51,5 51,5 45,1 51,0 49,4 
11500 41,3 51,5 52,6 45,1 51,0 49,4 
11510 41,9 51,5 52,1 45,6 50,5 49,4 
11520 41,3 51,0 52,6 45,6 50,5 49,4 
11530 41,9 51,5 52,1 45,1 50,5 49,4 
11540 41,9 51,5 52,6 45,1 51,5 49,4 
11550 41,3 51,5 52,1 45,6 51,0 48,9 
11560 41,9 51,5 52,6 45,1 51,5 49,4 
11570 41,3 51,5 52,6 45,6 50,5 49,4 
11580 41,3 51,5 52,6 45,1 50,5 49,4 
11590 41,3 51,5 52,6 45,6 51,5 49,4 
11600 41,3 51,0 52,1 45,1 50,5 49,4 
11610 41,9 51,5 52,6 45,1 50,5 49,4 
11620 41,9 51,5 52,6 45,6 50,5 48,9 
11630 41,9 51,5 52,6 45,1 51,0 49,4 
11640 40,8 51,5 52,6 45,6 51,0 49,4 
11650 41,9 51,5 52,6 45,1 50,5 49,4 
11660 41,9 51,5 52,6 45,1 51,0 49,4 
11670 41,9 51,5 52,1 45,6 51,0 49,4 
11680 41,9 51,5 52,6 45,1 51,0 49,4 
11690 41,3 51,5 52,6 45,6 51,0 48,3 
11700 41,9 51,5 52,6 45,1 50,5 48,9 
11710 41,9 51,5 52,6 45,1 51,5 49,4 
11720 40,8 51,5 52,1 45,6 51,5 49,4 
11730 41,3 51,5 52,6 45,6 51,0 49,4 
11740 41,9 51,5 52,6 45,1 51,5 49,4 
11750 41,9 51,5 52,6 45,6 50,5 49,4 
11760 41,9 51,5 52,6 45,6 50,5 49,4 
11770 41,3 52,1 52,1 45,6 50,5 49,4 
11780 41,9 51,5 52,1 45,1 51,0 49,4 
11790 41,9 51,5 52,1 46,2 51,0 49,4 
11800 41,3 51,5 52,6 45,6 51,5 49,4 
11810 41,3 51,5 52,6 45,1 51,0 49,4 
11820 41,3 51,5 52,6 46,2 51,5 49,4 
11830 41,3 51,5 52,6 45,6 51,5 49,4 
11840 41,3 51,5 52,6 45,6 50,5 49,4 
11850 41,9 51,5 52,6 45,6 50,5 49,4 
11860 41,3 51,5 52,6 45,1 51,5 49,4 
11870 41,9 51,5 53,2 45,6 51,0 49,4 
11880 41,9 52,1 52,6 45,6 51,0 49,4 
11890 41,9 51,5 52,1 45,1 51,0 49,4 
11900 41,3 51,5 52,6 45,1 51,5 49,4 
11910 41,3 51,5 52,6 45,6 51,0 49,4 
11920 41,9 51,5 52,1 45,1 51,0 49,9 
11930 41,9 51,5 52,6 45,1 51,5 49,4 
11940 41,9 51,5 52,6 45,6 51,0 49,4 
11950 41,9 51,5 52,6 45,6 51,0 49,4 
11960 41,9 51,5 52,6 45,6 51,0 49,9 
11970 41,9 51,5 52,6 45,1 51,0 49,4 
11980 41,3 51,5 53,2 45,1 51,0 49,4 
11990 41,3 51,5 52,1 46,2 50,5 49,4 
12000 41,9 51,5 52,6 45,6 51,5 49,4 
12010 41,9 51,5 52,6 46,2 51,5 49,4 
12020 41,9 52,1 52,6 45,6 51,5 49,4 
12030 41,3 51,5 52,1 45,1 51,5 49,4 
12040 41,9 51,5 52,6 45,1 51,5 49,4 
12050 41,3 51,5 52,6 45,1 50,5 49,4 
12060 41,9 51,5 52,6 45,6 50,5 49,4 
12070 41,9 51,5 52,6 45,6 51,5 49,4 
12080 41,9 51,5 52,6 45,6 51,5 49,9 
12090 41,3 51,5 53,2 45,1 51,0 49,4 
12100 41,3 51,0 52,6 45,6 50,5 49,4 
12110 41,9 51,5 52,6 45,6 51,5 49,4 
12120 41,9 51,5 52,6 45,1 51,0 49,4 
12130 41,3 51,5 52,6 45,1 50,5 49,4 
12140 41,9 51,5 52,6 45,1 50,5 49,4 
12150 41,3 51,5 52,6 45,1 50,5 49,4 
12160 41,9 51,5 52,6 45,1 51,5 49,4 
12170 41,3 51,5 52,1 46,2 51,5 49,4 
12180 41,3 51,5 52,6 45,6 50,5 49,4 
12190 41,3 51,5 52,6 45,6 51,5 48,9 
12200 41,9 51,5 52,6 45,6 50,5 49,4 
12210 41,9 51,5 52,6 45,1 50,5 49,4 
12220 41,9 52,1 52,6 46,2 51,0 49,4 
12230 41,9 51,5 52,6 46,2 51,5 49,4 
12240 42,4 51,5 52,1 45,6 51,5 49,4 
12250 41,9 51,0 52,6 45,6 51,5 49,9 
12260 41,9 51,5 52,1 46,2 50,5 49,4 
12270 41,9 51,5 53,2 45,6 50,5 49,4 
12280 41,3 52,1 52,6 45,1 51,5 49,4 
12290 41,3 51,5 52,1 45,6 51,5 49,4 
12300 41,9 51,5 52,6 45,1 51,0 49,4 
12310 41,9 51,5 52,6 45,6 50,5 49,4 
12320 41,9 51,5 52,6 45,1 50,5 49,4 
12330 41,3 51,5 52,1 45,6 51,0 49,9 
12340 41,9 51,5 52,6 45,1 51,5 49,4 
12350 41,3 51,5 52,6 45,6 51,5 49,9 
12360 41,3 52,1 52,1 45,1 51,5 49,4 
12370 42,4 51,5 52,6 45,6 51,0 49,4 
12380 41,3 51,0 52,6 45,1 51,5 49,4 
12390 41,9 52,1 52,6 45,6 51,5 49,4 
12400 41,3 51,5 52,6 45,6 50,5 49,4 
12410 40,8 51,5 52,6 45,6 51,5 49,4 
12420 41,3 52,1 52,6 45,6 51,0 49,4 
12430 41,9 51,5 52,6 45,6 52,1 49,4 
12440 41,3 51,5 52,6 46,2 50,5 49,4 
12450 41,9 51,5 52,6 45,6 51,5 49,4 
12460 41,9 51,5 52,6 45,1 51,0 49,9 
12470 41,9 52,1 52,6 45,1 50,5 49,9 
12480 41,3 52,1 52,6 45,1 51,0 49,4 
12490 41,3 51,5 52,1 46,2 51,0 49,4 
12500 41,9 51,5 52,6 45,6 50,5 49,4 
12510 41,3 51,5 52,6 45,6 50,5 49,4 
12520 41,3 51,5 52,6 45,6 51,5 49,4 
12530 41,9 52,1 52,6 46,2 50,5 49,4 
12540 41,9 51,5 52,6 45,1 51,0 49,4 
12550 41,9 52,1 52,6 45,1 51,5 49,4 
12560 41,9 51,5 52,6 45,1 51,0 49,4 
12570 41,9 51,5 52,1 45,6 51,5 49,4 
12580 42,4 52,1 52,6 45,6 51,5 49,4 
12590 41,9 51,5 53,2 46,2 50,5 49,4 
12600 41,3 51,5 52,6 45,6 50,5 49,4 
12610 41,9 51,5 52,6 45,1 51,5 49,4 
12620 41,3 51,5 53,2 45,6 50,5 49,4 
12630 41,9 51,5 52,6 45,1 51,5 49,9 
12640 41,9 52,1 52,6 45,1 50,5 49,4 
12650 41,9 52,1 52,6 45,6 50,5 49,4 
12660 41,9 51,5 52,6 45,1 50,5 49,4 
12670 41,9 51,5 52,6 45,1 51,5 49,4 
12680 41,9 51,5 52,6 46,2 50,5 49,4 
12690 41,3 51,5 52,6 45,6 51,5 49,4 
12700 41,3 51,0 52,6 45,6 51,0 49,9 
12710 41,9 51,5 52,6 45,1 50,5 49,4 
12720 41,9 51,5 52,1 46,2 51,5 49,4 
12730 41,3 50,5 52,1 45,6 51,0 49,4 
12740 41,9 51,5 52,6 46,2 51,0 49,4 
12750 42,4 51,5 52,6 45,1 51,5 49,4 
12760 41,9 51,5 52,6 45,6 51,5 49,4 
12770 41,9 51,5 52,6 45,6 50,5 49,4 
12780 42,4 51,5 52,1 45,6 51,5 49,4 
12790 41,3 52,1 52,6 45,1 51,5 49,4 
12800 41,9 51,5 52,6 45,1 51,5 49,4 
12810 41,9 51,5 52,6 45,6 51,0 49,4 
12820 41,3 51,5 52,1 45,1 50,5 49,4 
12830 41,9 52,1 52,6 45,1 51,5 49,4 
12840 41,9 51,5 52,6 45,6 51,5 49,9 
12850 41,9 51,5 51,5 45,6 51,5 49,4 
12860 41,9 51,5 52,6 45,6 51,5 49,4 
12870 41,3 51,5 52,6 45,6 51,5 49,4 
12880 41,9 51,5 53,2 45,1 50,5 49,9 
12890 41,9 51,5 52,6 45,6 51,0 49,4 
12900 41,9 51,5 52,6 45,6 50,5 49,4 
12910 41,9 51,5 52,6 45,1 51,5 49,4 
12920 41,3 51,5 52,6 46,2 51,5 49,4 
12930 41,9 51,5 52,6 45,1 51,5 49,4 
12940 41,3 52,1 52,6 45,1 51,5 49,4 
12950 41,9 51,5 52,6 45,6 51,5 49,4 
12960 41,9 51,5 52,1 45,1 51,5 49,4 
12970 41,9 52,1 52,6 45,6 51,0 49,4 
12980 41,9 51,5 52,6 45,1 50,5 49,4 
12990 41,9 51,5 52,6 45,6 51,5 49,9 
13000 41,9 51,5 52,6 46,2 51,5 49,4 
13010 41,9 51,5 52,6 46,2 51,5 49,4 
13020 41,9 51,5 52,1 45,6 51,5 49,4 
13030 41,9 51,5 52,6 45,6 51,0 49,4 
13040 41,9 51,0 53,2 45,6 51,5 49,4 
13050 41,3 51,5 52,1 45,1 51,5 49,4 
13060 41,9 51,5 52,6 45,6 51,0 49,4 
13070 41,9 51,5 52,6 45,1 51,5 49,4 
13080 41,9 51,5 52,6 45,1 51,5 49,4 
13090 41,9 51,5 52,1 46,2 50,5 49,4 
13100 41,9 51,5 52,1 45,6 50,5 49,4 
13110 41,9 51,5 52,6 45,6 51,0 49,4 
13120 41,9 51,5 52,6 45,6 51,5 49,4 
13130 41,3 51,5 52,6 45,1 51,5 49,9 
13140 41,9 51,5 52,6 45,6 51,0 49,4 
13150 41,9 51,5 52,6 45,6 51,5 49,4 
13160 41,9 51,0 52,6 45,6 51,0 49,4 
13170 42,4 51,5 52,1 46,2 51,0 49,4 
13180 41,9 51,5 52,1 45,6 51,5 49,4 
13190 41,9 51,5 52,6 45,1 51,5 48,9 
13200 41,9 51,5 52,6 45,6 51,5 49,4 
13210 41,9 51,5 52,6 46,2 50,5 49,4 
13220 41,9 51,5 52,1 46,2 51,0 49,4 
13230 41,3 51,5 52,6 45,1 51,0 49,4 
13240 41,9 52,1 52,6 46,2 50,5 49,4 
13250 41,9 51,5 52,6 46,2 51,0 49,4 
13260 41,9 51,5 52,6 45,1 50,5 49,4 
13270 41,9 51,5 52,1 46,2 50,5 49,4 
13280 41,9 51,5 52,6 45,1 51,0 49,4 
13290 41,9 51,5 52,1 45,6 51,0 49,4 
13300 41,9 51,0 52,6 45,6 50,5 49,4 
13310 41,3 51,5 52,6 45,6 51,5 49,4 
13320 41,9 51,5 52,6 45,1 50,5 49,4 
13330 41,9 51,5 52,6 45,1 51,5 49,4 
13340 41,9 51,5 52,6 45,6 50,5 49,4 
13350 41,9 52,1 52,6 45,1 51,5 49,4 
13360 41,3 51,5 52,6 45,6 50,5 49,4 
13370 41,3 51,5 52,6 45,6 51,0 48,9 
13380 41,3 51,5 52,6 45,1 51,5 49,4 
13390 41,9 51,5 52,6 45,1 51,0 49,4 
13400 41,9 52,1 52,1 45,1 50,5 49,4 
13410 41,3 51,5 53,2 45,1 50,5 49,4 
13420 41,9 51,5 52,6 45,6 51,5 49,4 
13430 41,9 52,1 52,1 45,1 50,5 49,4 
13440 41,9 51,5 52,6 45,6 50,5 49,4 
13450 41,3 51,5 52,6 45,6 51,5 49,4 
13460 41,3 50,5 52,6 45,6 51,5 49,4 
13470 41,9 51,5 52,6 45,1 51,5 49,4 
13480 41,3 51,5 52,6 45,6 51,0 49,9 
13490 41,9 51,5 52,6 45,6 50,5 49,4 
13500 41,3 51,5 52,6 45,6 50,5 48,9 
13510 41,9 51,5 52,6 45,6 51,0 49,9 
13520 40,8 51,5 52,6 45,6 51,5 49,4 
13530 41,9 51,5 52,6 45,6 51,0 49,4 
13540 41,9 51,5 52,6 45,6 51,5 49,4 
13550 41,9 51,5 52,6 45,1 51,5 49,4 
13560 40,8 51,5 52,6 45,6 50,5 49,4 
13570 41,3 51,5 52,6 45,6 51,0 49,4 
13580 41,9 51,5 52,6 46,2 51,0 49,4 
13590 41,9 52,1 52,6 45,6 51,5 49,4 
13600 41,9 51,5 52,1 46,2 51,0 49,9 
13610 41,3 51,5 52,6 46,2 51,5 49,4 
13620 41,3 51,5 52,6 45,6 50,5 49,4 
13630 41,9 51,5 52,1 45,6 51,5 49,4 
13640 41,9 51,5 52,1 45,1 50,5 49,4 
13650 41,9 51,5 52,1 45,6 51,5 49,4 
13660 40,8 51,5 52,6 46,2 51,0 49,4 
13670 41,9 52,1 52,6 45,6 51,5 49,4 
13680 41,9 51,5 53,2 45,1 51,5 49,4 
13690 41,3 51,5 52,6 45,6 51,5 49,4 
13700 41,9 51,5 53,2 46,2 51,0 49,4 
13710 41,3 51,5 52,6 46,2 50,5 49,4 
13720 41,9 51,5 52,6 46,2 50,5 49,4 
13730 41,9 51,5 52,6 45,1 51,0 49,4 
13740 41,9 51,5 52,1 45,6 51,0 49,4 
13750 41,3 51,5 52,6 45,1 50,5 49,4 
13760 41,3 51,0 52,6 45,6 51,5 49,4 
13770 41,9 51,5 52,6 45,6 51,0 49,9 
13780 41,9 51,5 52,6 45,6 51,5 49,4 
13790 41,9 51,5 52,6 45,6 51,5 49,9 
13800 42,4 51,5 52,6 45,6 51,5 49,4 
13810 41,3 51,5 52,6 45,1 51,5 49,4 
13820 41,9 51,5 52,1 45,6 51,5 49,9 
13830 41,3 51,5 52,6 45,6 51,5 49,4 
13840 41,3 51,5 52,1 45,6 51,0 49,4 
13850 41,9 51,5 52,1 45,1 51,5 49,4 
13860 41,9 51,0 52,6 45,1 50,5 49,4 
13870 41,9 51,0 52,6 45,1 50,5 49,4 
13880 41,9 51,5 52,6 45,1 51,5 49,4 
13890 41,3 51,5 52,6 45,6 51,0 49,4 
13900 41,9 51,0 52,1 45,1 51,0 49,4 
13910 41,9 51,5 52,6 46,2 51,5 49,4 
13920 41,3 51,5 52,1 45,6 51,5 49,4 
13930 41,9 52,1 52,6 45,1 51,5 49,4 
13940 41,9 51,5 52,6 45,6 51,5 49,9 
13950 41,9 51,0 52,6 45,1 50,5 49,4 
13960 41,3 51,5 52,6 45,6 51,0 49,4 
13970 41,3 51,0 52,6 45,6 51,5 49,9 
13980 41,9 51,5 52,6 46,2 51,0 49,4 
13990 41,9 50,5 52,6 45,6 51,5 49,4 
14000 41,9 51,5 52,6 45,6 50,5 49,4 
14010 41,3 51,5 52,6 45,6 51,0 49,4 
14020 41,9 51,5 52,6 46,2 51,0 49,4 
14030 41,9 51,5 52,1 45,6 51,0 49,4 
14040 41,9 51,5 52,6 45,6 51,5 49,4 
14050 41,3 51,5 52,6 45,6 52,1 49,4 
14060 41,9 51,5 52,6 46,2 51,5 49,4 
14070 41,9 51,0 52,6 46,2 51,5 49,4 
14080 41,9 51,5 52,1 45,1 51,5 49,4 
14090 41,3 51,5 52,6 45,1 50,5 49,4 
14100 41,9 51,5 52,1 45,6 51,5 49,4 
14110 41,9 51,0 52,6 45,1 50,5 49,4 
14120 41,9 50,5 52,6 45,1 50,5 49,4 
14130 41,9 51,5 52,6 45,6 51,0 49,4 
14140 41,3 51,5 53,2 45,1 51,0 49,9 
14150 41,9 51,5 52,1 45,1 51,5 49,4 
14160 41,9 51,5 52,6 46,2 51,5 49,4 
14170 41,3 51,5 52,1 45,1 50,5 49,4 
14180 41,9 51,5 52,1 45,1 50,5 49,4 
14190 41,3 51,5 52,6 45,6 50,5 49,4 
14200 41,9 51,5 52,6 45,1 51,5 49,4 
14210 41,9 51,5 51,5 46,2 51,0 49,4 
14220 41,3 51,5 52,6 45,1 50,5 49,4 
14230 41,9 51,5 52,6 45,6 51,0 49,4 
14240 41,9 51,5 52,1 45,1 51,5 49,4 
14250 41,9 51,5 52,6 45,1 51,0 49,4 
14260 41,9 51,0 52,6 45,1 51,5 49,4 
14270 41,3 51,5 53,2 45,6 50,5 49,4 
14280 41,9 51,5 52,1 45,6 51,5 49,4 
14290 41,9 51,5 52,6 45,1 50,5 49,4 
14300 41,3 51,5 52,6 45,6 51,5 49,4 
14310 41,9 51,5 52,6 45,6 51,5 49,4 
14320 41,9 51,5 52,6 45,1 51,5 49,4 
14330 41,9 51,5 52,6 45,6 51,5 49,4 
14340 41,9 51,5 52,6 45,6 51,5 49,4 
14350 41,9 51,5 52,1 45,6 51,5 49,4 
14360 41,9 51,5 52,1 45,6 51,0 49,4 
14370 41,9 51,5 53,2 45,1 51,5 49,4 
14380 41,9 51,5 52,6 45,6 50,5 49,4 
14390 40,8 51,5 52,6 45,1 51,0 49,4 
14400 41,9 52,1 52,1 45,1 50,5 49,4 
14410 41,9 52,1 52,6 45,6 51,5 49,4 
14420 41,3 51,5 52,6 45,6 50,5 49,4 
14430 41,3 51,0 52,1 45,6 51,0 49,4 
14440 41,9 51,5 52,6 45,6 51,0 49,4 
14450 41,3 51,5 52,6 45,6 51,5 49,4 
