10 56.9
20 56.9
30 56.9
40 56.9
50 56.9
60 56.9
70 56.9
80 56.9
90 57.5
100 58
110 58
120 58
130 58
140 58
150 58
160 58
170 58
180 58
190 58
200 58
210 58
220 58
230 58
240 58
250 58
260 58
270 58
280 58
290 58
300 58
310 58
320 58
330 58
340 58
350 57.5
360 58
370 57.5
380 57.5
390 56.9
400 57.5
410 58
420 57.5
430 56.9
440 58
450 56.9
460 56.9
470 58
480 57.5
490 56.9
500 58
510 57.5
520 58
530 57.5
540 58
550 57.5
560 56.9
570 56.9
580 58
590 58
600 58
610 58
620 58
630 56.9
640 58
650 56.9
660 57.5
670 58
680 58
690 58
700 58
710 58
720 57.5
730 58
740 56.9
750 57.5
760 56.9
770 58
780 56.9
790 57.5
800 57.5
810 58
820 58
830 57.5
840 58
850 57.5
860 58
870 57.5
880 56.9
890 58
900 57.5
910 58
920 57.5
930 58
940 56.9
950 57.5
960 58
970 57.5
980 57.5
990 58
1000 58
1010 58
1020 58
1030 58
1040 58
1050 57.5
1060 56.9
1070 57.5
1080 58
1090 57.5
1100 57.5
1110 56.9
1120 58
1130 58
1140 58
1150 58
1160 57.5
1170 58
1180 58
1190 58
1200 58
1210 58
1220 58
1230 58
1240 58
1250 56.9
1260 58
1270 58
1280 58
1290 57.5
1300 58
1310 58
1320 58
1330 56.9
1340 58
1350 58
1360 58
1370 58
1380 58
1390 58
1400 58
1410 58
1420 57.5
1430 58
1440 57.5
1450 58
1460 58
1470 57.5
1480 57.5
1490 58
1500 57.5
1510 58
1520 58
1530 57.5
1540 58
1550 58
1560 58
1570 58
1580 56.9
1590 58
1600 58
1610 58
1620 58
1630 58
1640 58
1650 58
1660 57.5
1670 58
1680 58
1690 58
1700 58
1710 56.9
1720 57.5
1730 58
1740 58
1750 58
1760 58
1770 58
1780 58
1790 58
1800 57.5
1810 57.5
1820 58
1830 58
1840 58
1850 58
1860 58
1870 58
1880 58
1890 57.5
1900 58
1910 58
1920 58
1930 58
1940 58
1950 58.5
1960 58.5
1970 58.5
1980 58.5
1990 58
2000 58
2010 58.5
2020 58.5
2030 58
2040 58
2050 58
2060 58
2070 58
2080 58
2090 58
2100 58
2110 58
2120 58
2130 58
2140 58
2150 58
2160 57.5
2170 58
2180 56.9
2190 58
2200 58
2210 58
2220 58
2230 58
2240 58
2250 57.5
2260 58
2270 58
2280 58
2290 58
2300 57.5
2310 57.5
2320 58
2330 58
2340 58
2350 58
2360 58
2370 58
2380 58
2390 58
2400 57.5
2410 58
2420 58
2430 58
2440 58
2450 58
2460 58
2470 58
2480 58
2490 58
2500 56.9
2510 58
2520 57.5
2530 57.5
2540 58
2550 58
2560 56.9
2570 58
2580 58
2590 58
2600 58
2610 58
2620 58
2630 58.5
2640 58
2650 58
2660 58
2670 58
2680 58
2690 58
2700 57.5
2710 58
2720 58
2730 58
2740 57.5
2750 58
2760 58
2770 58
2780 58
2790 56.9
2800 58
2810 58
2820 57.5
2830 57.5
2840 58.5
2850 58
2860 58
2870 56.9
2880 58
2890 58
2900 58
2910 58
2920 57.5
2930 58
2940 58
2950 58
2960 58
2970 58
2980 58
2990 58
3000 58
3010 58.5
3020 58
3030 58
3040 58
3050 58
3060 58
3070 57.5
3080 58
3090 58
3100 58
3110 58
3120 58
3130 58
3140 58
3150 58
3160 57.5
3170 56.9
3180 58
3190 58
3200 58
3210 58
3220 58
3230 58
3240 58.5
3250 58
3260 58
3270 58
3280 58
3290 57.5
3300 58
3310 57.5
3320 58
3330 58
3340 58
3350 58
3360 58
3370 58
3380 58
3390 58
3400 58
3410 58
3420 56.9
3430 58
3440 58
3450 58
3460 57.5
3470 58
3480 57.5
3490 58
3500 58
3510 58
3520 58
3530 58
3540 58
3550 58
3560 58
3570 58
3580 58
3590 58
3600 58
3610 58
3620 57.5
3630 56.9
3640 58
3650 58
3660 58
3670 57.5
3680 58
3690 58
3700 58
3710 58
3720 58
3730 58
3740 58
3750 58
3760 58
3770 58
3780 58
3790 58
3800 58
3810 57.5
3820 58
3830 58
3840 58
3850 58
3860 58
3870 58
3880 58
3890 58
3900 58
3910 58
3920 58
3930 58
3940 57.5
3950 58
3960 58
3970 58
3980 58
3990 58
4000 58
4010 58
4020 56.9
4030 58
4040 58
4050 58
4060 58
4070 58
4080 58
4090 58
4100 57.5
4110 58
4120 58
4130 58
4140 58
4150 58
4160 58
4170 58
4180 58
4190 58
4200 58
4210 58
4220 58
4230 58
4240 58
4250 58
4260 58
4270 58
4280 58
4290 58
4300 58
4310 58
4320 58
4330 58
4340 58
4350 58
4360 58
4370 58
4380 58
4390 58
4400 58
4410 58
4420 58
4430 58
4440 58
4450 58
4460 58
4470 56.9
4480 57.5
4490 56.9
4500 58
4510 58
4520 57.5
4530 58
4540 58
4550 58
4560 58
4570 58
4580 58
4590 56.9
4600 58
4610 58
4620 58
4630 57.5
4640 58
4650 58
4660 56.9
4670 58
4680 57.5
4690 58
4700 58
4710 58
4720 58
4730 58
4740 58
4750 58
4760 58
4770 57.5
4780 58
4790 58
4800 58
4810 58
4820 58
4830 58
4840 58
4850 58
4860 58
4870 58
4880 58
4890 58
4900 58
4910 58
4920 58
4930 58
4940 58
4950 57.5
4960 58
4970 58
4980 58
4990 58
5000 58
5010 58
5020 58
5030 57.5
5040 58
5050 58
5060 58
5070 58
5080 58
5090 58
5100 58
5110 58
5120 58
5130 58
5140 58
5150 58
5160 58
5170 58
5180 58
5190 58
5200 58
5210 58
5220 58
5230 58
5240 58
5250 58
5260 56.9
5270 58
5280 58
5290 58
5300 58
5310 58.5
5320 58
5330 58
5340 58
5350 58
5360 58
5370 56.9
5380 58
5390 58
5400 58
5410 58
5420 58
5430 58
5440 57.5
5450 58
5460 58
5470 57.5
5480 58
5490 58
5500 58
5510 58
5520 58
5530 58
5540 58
5550 58
5560 57.5
5570 58
5580 58
5590 58
5600 58
5610 58
5620 58
5630 58
5640 58
5650 58
5660 58
5670 58
5680 58
5690 58
5700 58
5710 58
5720 58
5730 58
5740 58
5750 58
5760 58
5770 58
5780 58.5
5790 58
5800 58
5810 58
5820 58
5830 58
5840 58
5850 58
5860 58
5870 58
5880 58
5890 58
5900 58
5910 58
5920 58
5930 58
5940 58
5950 58
5960 58
5970 58
5980 58
5990 58
6000 57.5
6010 57.5
6020 58
6030 58
6040 58
6050 58
6060 58
6070 58
6080 58
6090 57.5
6100 58
6110 58
6120 58
6130 58
6140 58
6150 58
6160 58
6170 58
6180 58
6190 58
6200 58
6210 58
6220 58
6230 58
6240 58
6250 58
6260 58
6270 57.5
6280 58
6290 58
6300 58
6310 58
6320 58
6330 58.5
6340 58.5
6350 58
6360 58.5
6370 58
6380 58
6390 58
6400 58.5
6410 58
6420 58
6430 58
6440 58
6450 58
6460 58
6470 58
6480 58
6490 58
6500 58
6510 58
6520 58
6530 58
6540 58
6550 58
6560 58
6570 58
6580 58
6590 58.5
6600 58.5
6610 58.5
6620 58
6630 58.5
6640 58
6650 58
6660 57.5
6670 58
6680 58
6690 58
6700 58
6710 58
6720 58
6730 58.5
6740 58
6750 58
6760 58
6770 58
6780 58
6790 58
6800 58.5
6810 58
6820 58
6830 58
6840 58
6850 58
6860 58
6870 58
6880 58
6890 58
6900 58
6910 58
6920 58
6930 58
6940 58
6950 58
6960 58
6970 58
6980 58
6990 58
7000 58
7010 58
7020 58
7030 58
7040 58
7050 58
7060 58
7070 58
7080 58
7090 58
7100 58
7110 58
7120 58
7130 58
7140 58
7150 58
7160 58
7170 58
7180 58
7190 58
7200 58
7210 58
7220 58
7230 58
7240 58
7250 58.5
7260 58
7270 58
7280 58
7290 58
7300 58
7310 58
7320 58
7330 58
7340 58
7350 58
7360 58
7370 58
7380 58
7390 58.5
7400 58
7410 58
7420 58
7430 58
7440 58
7450 58
7460 58
7470 58
7480 58
7490 58
7500 58
7510 58
7520 58
7530 58
7540 58
7550 58
7560 58
7570 58
7580 58
7590 58
7600 58
7610 58
7620 58
7630 58
7640 58
7650 58
7660 58
7670 58
7680 58
7690 58
7700 58
7710 58
7720 58
7730 58
7740 58
7750 58
7760 58
7770 58
7780 58
7790 58
7800 58
7810 58.5
7820 58.5
7830 58
7840 58
7850 58
7860 58
7870 58
7880 58
7890 58
7900 58
7910 58
7920 58
7930 58
7940 58
7950 58
7960 58
7970 58
7980 58
7990 58
8000 58
8010 58
8020 58
8030 58
8040 58.5
8050 58
8060 58
8070 58.5
8080 58
8090 58.5
8100 58
8110 58
8120 58
8130 58
8140 58
8150 58
8160 58.5
8170 58
8180 58.5
8190 58.5
8200 58
8210 58
8220 58
8230 58
8240 58
8250 58
8260 58
8270 58
8280 58
8290 58
8300 58
8310 58
8320 58.5
8330 58
8340 58
8350 58.5
8360 58.5
8370 58
8380 58
8390 58
8400 58
8410 58
8420 58
8430 58
8440 58
8450 58
8460 58.5
8470 58
8480 58
8490 58.5
8500 58
8510 58
8520 58
8530 58
8540 59.1
8550 58.5
8560 58
8570 58.5
8580 58.5
8590 59.1
8600 59.1
8610 58
8620 58
8630 58
8640 58.5
8650 58
8660 58
8670 58
8680 58
8690 58
8700 58
8710 58
8720 58.5
8730 58
8740 58
8750 58.5
8760 58
8770 58
8780 58.5
8790 58
8800 58
8810 59.1
8820 58
8830 58
8840 58
8850 58
8860 58.5
8870 57.5
8880 58
8890 58
8900 58
8910 58
8920 58
8930 58
8940 58
8950 58
8960 58
8970 58
8980 58
8990 58
9000 58
9010 57.5
9020 58
9030 58
9040 58
9050 58.5
9060 58
9070 58
9080 58
9090 58
9100 58
9110 58
9120 58
9130 58
9140 58
9150 58
9160 58
9170 58
9180 58
9190 58
9200 58
9210 58.5
9220 58
9230 58
9240 58
9250 58
9260 58
9270 58
9280 58
9290 58
9300 58
9310 58
9320 58
9330 58
9340 58
9350 58
9360 57.5
9370 58
9380 57.5
9390 56.9
9400 58
9410 58
9420 58
9430 58
9440 56.9
9450 58
9460 58
9470 58
9480 58
9490 58
9500 58
9510 58
9520 58
9530 58
9540 58
9550 58
9560 57.5
9570 58
9580 58
9590 57.5
9600 57.5
9610 58
9620 58
9630 58
9640 58
9650 58
9660 58
9670 58
9680 58
9690 57.5
9700 58
9710 58
9720 58
9730 58
9740 58
9750 58
9760 58
9770 58
9780 58
9790 58
9800 58
9810 58
9820 58
9830 58
9840 58
9850 58
9860 58
9870 58
9880 58
9890 58
9900 58
9910 58
9920 58
9930 58
9940 58
9950 58
9960 58
9970 58
9980 58
9990 58
10000 58
10010 58
10020 57.5
10030 58
10040 58
10050 58
10060 56.9
10070 58
10080 58
10090 57.5
10100 58
10110 58
10120 58
10130 58
10140 58
10150 58
10160 58
10170 58
10180 58
10190 58
10200 58
10210 58
10220 58
10230 58
10240 58
10250 58.5
10260 58
10270 58
10280 58
10290 58.5
10300 58
10310 58
10320 58
10330 58
10340 58
10350 58
10360 57.5
10370 58
10380 58
10390 58
10400 58
10410 58
10420 58
10430 57.5
10440 58
10450 58
10460 58
10470 58
10480 58
10490 58
10500 58
10510 58
10520 57.5
10530 58
10540 58
10550 58
10560 58
10570 58
10580 58
10590 58
10600 57.5
10610 57.5
10620 58
10630 58
10640 58
10650 58.5
10660 58
10670 58
10680 58
10690 57.5
10700 58
10710 58
10720 58
10730 58
10740 58
10750 58
10760 58
10770 58
10780 58
10790 58
10800 58
10810 58.5
10820 58
10830 58
10840 58
10850 58
10860 57.5
10870 58
10880 58
10890 58
10900 58
10910 58
10920 58
10930 58
10940 58
10950 58
10960 58
10970 58
10980 58.5
10990 58
11000 58