10 54.2
20 53.7
30 54.2
40 53.7
50 53.7
60 54.8
70 54.8
80 55.3
90 54.8
100 55.3
110 54.8
120 55.3
130 54.8
140 55.3
150 55.8
160 55.3
170 55.8
180 54.8
190 54.8
200 54.8
210 55.3
220 54.8
230 54.8
240 55.8
250 54.8
260 55.3
270 55.8
280 55.8
290 54.8
300 55.8
310 55.3
320 55.8
330 55.3
340 54.8
350 55.8
360 54.8
370 55.8
380 55.3
390 55.8
400 55.8
410 55.8
420 54.8
430 55.8
440 54.8
450 55.3
460 55.3
470 55.3
480 55.8
490 54.8
500 55.3
510 55.3
520 55.3
530 55.3
540 54.8
550 55.8
560 55.3
570 55.3
580 55.3
590 55.3
600 55.3
610 54.8
620 55.8
630 54.8
640 54.8
650 55.3
660 55.8
670 55.3
680 54.8
690 54.8
700 55.3
710 55.3
720 54.8
730 54.8
740 54.8
750 55.3
760 55.8
770 55.3
780 55.3
790 55.3
800 55.8
810 55.3
820 55.3
830 55.8
840 54.8
850 55.3
860 55.8
870 55.8
880 54.8
890 55.8
900 54.8
910 55.3
920 55.8
930 55.8
940 55.8
950 54.8
960 54.8
970 54.8
980 54.8
990 54.8
1000 54.8
1010 54.8
1020 54.8
1030 55.3
1040 55.8
1050 54.8
1060 54.8
1070 55.8
1080 55.8
1090 55.8
1100 55.8
1110 55.8
1120 55.3
1130 55.8
1140 55.8
1150 55.8
1160 55.3
1170 55.8
1180 55.3
1190 55.8
1200 55.8
1210 55.3
1220 54.8
1230 55.3
1240 55.8
1250 54.8
1260 54.8
1270 55.3
1280 55.3
1290 55.8
1300 55.8
1310 55.8
1320 54.8
1330 55.8
1340 56.4
1350 54.8
1360 55.3
1370 55.3
1380 55.8
1390 54.8
1400 55.8
1410 55.3
1420 55.3
1430 55.8
1440 54.8
1450 54.8
1460 55.3
1470 55.3
1480 55.8
1490 55.8
1500 54.8
1510 55.8
1520 55.8
1530 54.8
1540 54.8
1550 55.3
1560 55.3
1570 54.8
1580 54.8
1590 55.3
1600 55.8
1610 55.3
1620 55.3
1630 55.8
1640 55.8
1650 55.3
1660 55.3
1670 55.3
1680 55.8
1690 55.8
1700 55.8
1710 55.3
1720 55.3
1730 55.8
1740 55.8
1750 55.8
1760 55.8
1770 55.8
1780 55.8
1790 55.8
1800 56.4
1810 55.8
1820 55.3
1830 55.8
1840 55.8
1850 55.8
1860 55.8
1870 55.8
1880 55.3
1890 55.8
1900 55.8
1910 55.8
1920 55.8
1930 55.8
1940 55.3
1950 55.8
1960 56.4
1970 55.8
1980 55.8
1990 54.8
2000 55.8
2010 55.8
2020 55.8
2030 55.8
2040 55.8
2050 55.8
2060 55.3
2070 55.8
2080 55.8
2090 55.8
2100 55.3
2110 55.8
2120 55.8
2130 55.8
2140 55.3
2150 55.8
2160 55.8
2170 55.8
2180 55.8
2190 55.3
2200 55.8
2210 55.8
2220 55.8
2230 55.8
2240 55.8
2250 54.8
2260 55.8
2270 55.8
2280 55.8
2290 55.3
2300 55.3
2310 55.8
2320 55.8
2330 55.8
2340 55.8
2350 55.8
2360 55.3
2370 55.8
2380 54.8
2390 55.8
2400 55.8
2410 55.8
2420 55.8
2430 55.8
2440 55.8
2450 55.8
2460 55.8
2470 55.8
2480 55.8
2490 56.4
2500 55.8
2510 55.8
2520 55.3
2530 55.3
2540 54.8
2550 55.8
2560 55.8
2570 55.8
2580 55.8
2590 55.8
2600 56.4
2610 56.4
2620 55.3
2630 55.3
2640 55.3
2650 55.8
2660 55.8
2670 55.3
2680 55.8
2690 54.8
2700 55.8
2710 55.8
2720 55.8
2730 55.8
2740 55.8
2750 55.8
2760 55.8
2770 55.8
2780 55.8
2790 55.8
2800 55.8
2810 55.8
2820 55.8
2830 55.8
2840 56.4
2850 55.3
2860 55.3
2870 55.3
2880 55.3
2890 55.8
2900 55.3
2910 56.4
2920 55.3
2930 55.8
2940 55.3
2950 55.3
2960 55.8
2970 55.8
2980 55.8
2990 55.8
3000 55.3
3010 55.8
3020 55.8
3030 55.8
3040 55.8
3050 55.8
3060 55.8
3070 55.8
3080 55.8
3090 55.8
3100 55.8
3110 55.3
3120 55.8
3130 55.8
3140 55.8
3150 55.3
3160 54.8
3170 55.3
3180 56.4
3190 55.8
3200 54.8
3210 55.3
3220 55.8
3230 55.8
3240 55.8
3250 55.8
3260 55.8
3270 55.8
3280 55.8
3290 56.4
3300 55.8
3310 56.4
3320 56.4
3330 55.8
3340 55.8
3350 55.3
3360 56.4
3370 55.3
3380 55.8
3390 55.8
3400 55.8
3410 55.8
3420 55.3
3430 55.8
3440 55.8
3450 55.8
3460 55.8
3470 55.8
3480 55.8
3490 55.8
3500 54.8
3510 55.8
3520 55.8
3530 55.8
3540 55.3
3550 55.8
3560 55.8
3570 55.3
3580 55.3
3590 55.8
3600 55.8
3610 55.8
3620 55.8
3630 55.8
3640 55.8
3650 55.8
3660 55.8
3670 55.8
3680 55.8
3690 56.4
3700 56.4
3710 54.8
3720 55.8
3730 56.4
3740 56.4
3750 55.8
3760 55.8
3770 55.8
3780 55.8
3790 55.3
3800 55.8
3810 55.8
3820 55.8
3830 55.8
3840 55.8
3850 55.8
3860 54.8
3870 56.4
3880 55.8
3890 55.8
3900 55.8
3910 55.8
3920 55.8
3930 55.8
3940 55.8
3950 55.8
3960 56.4
3970 55.8
3980 55.3
3990 55.8
4000 55.8
4010 55.8
4020 55.8
4030 55.8
4040 55.8
4050 55.8
4060 55.8
4070 55.8
4080 55.8
4090 55.8
4100 55.8
4110 55.8
4120 56.4
4130 55.8
4140 55.8
4150 55.3
4160 55.8
4170 55.8
4180 55.3
4190 55.8
4200 55.8
4210 56.4
4220 55.8
4230 55.8
4240 55.8
4250 55.3
4260 55.8
4270 55.3
4280 55.8
4290 55.8
4300 55.3
4310 55.8
4320 55.8
4330 55.8
4340 55.8
4350 55.8
4360 55.8
4370 55.8
4380 55.8
4390 55.8
4400 55.8
4410 55.8
4420 55.8
4430 55.8
4440 55.8
4450 56.4
4460 55.8
4470 55.3
4480 55.8
4490 55.8
4500 55.8
4510 55.8
4520 55.8
4530 55.8
4540 55.8
4550 55.8
4560 55.8
4570 55.8
4580 55.8
4590 55.8
4600 55.8
4610 55.8
4620 55.8
4630 55.8
4640 56.4
4650 54.8
4660 55.8
4670 55.3
4680 55.8
4690 55.8
4700 55.3
4710 55.8
4720 55.3
4730 55.8
4740 56.4
4750 55.8
4760 55.8
4770 55.8
4780 55.8
4790 56.4
4800 55.8
4810 55.8
4820 55.8
4830 55.8
4840 55.8
4850 55.8
4860 55.8
4870 55.8
4880 56.4
4890 55.8
4900 55.8
4910 55.8
4920 55.3
4930 55.8
4940 55.8
4950 55.8
4960 55.8
4970 55.8
4980 55.3
4990 55.8
5000 55.8
5010 55.8
5020 55.8
5030 55.8
5040 55.8
5050 55.8
5060 55.8
5070 55.8
5080 55.8
5090 55.8
5100 55.8
5110 55.8
5120 55.8
5130 55.8
5140 55.8
5150 55.8
5160 55.8
5170 55.3
5180 55.8
5190 55.8
5200 55.3
5210 55.8
5220 54.8
5230 55.3
5240 55.8
5250 55.8
5260 55.8
5270 55.8
5280 55.8
5290 55.8
5300 55.8
5310 55.8
5320 56.4
5330 55.8
5340 55.8
5350 55.8
5360 55.8
5370 55.8
5380 55.8
5390 55.8
5400 55.8
5410 55.3
5420 55.8
5430 55.8
5440 55.8
5450 56.4
5460 55.8
5470 55.8
5480 55.8
5490 55.8
5500 55.8
5510 55.8
5520 55.8
5530 55.8
5540 56.4
5550 55.8
5560 55.8
5570 55.8
5580 56.4
5590 56.4
5600 55.8
5610 55.8
5620 55.8
5630 55.8
5640 55.8
5650 55.8
5660 55.8
5670 55.8
5680 55.8
5690 55.8
5700 55.8
5710 55.8
5720 55.8
5730 55.8
5740 55.8
5750 55.8
5760 55.3
5770 55.8
5780 55.8
5790 55.8
5800 55.8
5810 55.8
5820 56.4
5830 55.8
5840 56.4
5850 55.8
5860 55.8
5870 56.4
5880 55.8
5890 55.8
5900 55.8
5910 55.8
5920 55.8
5930 55.8
5940 55.8
5950 55.3
5960 55.8
5970 55.8
5980 55.8
5990 55.8
6000 55.3
6010 55.3
6020 55.8
6030 55.8
6040 55.8
6050 55.8
6060 55.8
6070 55.8
6080 55.8
6090 55.8
6100 55.8
6110 55.8
6120 55.8
6130 55.8
6140 55.8
6150 55.8
6160 55.8
6170 56.4
6180 55.8
6190 55.3
6200 55.8
6210 55.8
6220 55.8
6230 55.8
6240 55.8
6250 55.3
6260 55.8
6270 56.4
6280 55.8
6290 55.8
6300 55.8
6310 56.4
6320 55.8
6330 55.8
6340 55.3
6350 55.8
6360 55.8
6370 55.8
6380 55.8
6390 55.3
6400 55.3
6410 55.8
6420 55.8
6430 55.8
6440 55.3
6450 55.8
6460 55.8
6470 54.8
6480 55.8
6490 55.8
6500 56.4
6510 55.8
6520 55.8
6530 55.8
6540 55.8
6550 55.8
6560 55.8
6570 55.8
6580 55.8
6590 55.8
6600 55.8
6610 55.8
6620 55.8
6630 56.4
6640 55.8
6650 55.8
6660 55.8
6670 55.8
6680 55.8
6690 55.8
6700 55.8
6710 55.8
6720 55.8
6730 55.8
6740 55.8
6750 55.8
6760 55.3
6770 55.8
6780 56.4
6790 55.8
6800 55.8
6810 55.8
6820 55.8
6830 55.8
6840 55.8
6850 55.8
6860 55.8
6870 55.8
6880 55.8
6890 55.8
6900 55.3
6910 54.8
6920 56.4
6930 55.3
6940 55.8
6950 55.3
6960 55.3
6970 55.8
6980 55.8
6990 55.8
7000 55.8
7010 55.8
7020 55.8
7030 55.8
7040 55.8
7050 55.8
7060 55.8
7070 55.8
7080 55.8
7090 55.8
7100 56.4
7110 55.8
7120 55.8
7130 55.8
7140 55.8
7150 55.8
7160 56.4
7170 55.8
7180 55.8
7190 55.8
7200 55.8
7210 55.8
7220 55.8
7230 55.8
7240 55.8
7250 55.8
7260 55.8
7270 55.8
7280 55.8
7290 55.8
7300 55.8
7310 55.8
7320 55.8
7330 55.8
7340 55.8
7350 55.8
7360 55.8
7370 55.8
7380 55.8
7390 55.8
7400 55.8
7410 55.8
7420 55.8
7430 55.8
7440 55.8
7450 55.8
7460 55.8
7470 55.8
7480 55.8
7490 55.8
7500 56.4
7510 55.8
7520 55.8
7530 55.8
7540 55.8
7550 55.8
7560 55.8
7570 55.8
7580 55.8
7590 55.8
7600 55.8
7610 55.8
7620 56.4
7630 55.8
7640 55.8
7650 55.8
7660 55.8
7670 55.8
7680 55.8
7690 55.8
7700 55.8
7710 56.4
7720 56.4
7730 55.8
7740 55.8
7750 55.3
7760 55.8
7770 55.8
7780 55.8
7790 56.4
7800 55.8
7810 55.8
7820 56.4
7830 55.8
7840 56.4
7850 55.8
7860 56.4
7870 55.8
7880 56.4
7890 55.8
7900 55.8
7910 55.8
7920 56.4
7930 55.8
7940 56.4
7950 56.4
7960 56.4
7970 56.4
7980 55.8
7990 56.4
8000 56.4
8010 55.8
8020 56.4
8030 55.8
8040 56.4
8050 56.4
8060 56.4
8070 55.8
8080 56.4
8090 55.8
8100 55.8
8110 56.4
8120 55.8
8130 55.8
8140 55.8
8150 55.8
8160 55.8
8170 56.4
8180 55.8
8190 55.8
8200 55.8
8210 56.4
8220 55.8
8230 55.8
8240 55.8
8250 56.4
8260 55.8
8270 55.8
8280 55.3
8290 55.8
8300 56.4
8310 56.4
8320 55.8
8330 55.8
8340 55.8
8350 55.3
8360 55.8
8370 55.8
8380 55.8
8390 55.8
8400 56.4
8410 56.4
8420 56.4
8430 55.8
8440 55.8
8450 56.9
8460 55.8
8470 55.8
8480 55.8
8490 55.8
8500 55.8
8510 56.4
8520 55.8
8530 55.8
8540 56.4
8550 55.8
8560 55.8
8570 55.8
8580 56.4
8590 55.8
8600 55.8
8610 55.8
8620 56.4
8630 56.4
8640 55.8
8650 55.8
8660 56.4
8670 56.4
8680 55.8
8690 55.8
8700 55.8
8710 55.8
8720 55.8
8730 56.4
8740 55.8
8750 55.8
8760 56.9
8770 55.3
8780 55.8
8790 56.4
8800 55.8
8810 56.4
8820 55.8
8830 56.4
8840 55.8
8850 55.8
8860 55.8
8870 55.8
8880 56.4
8890 55.8
8900 55.8
8910 55.8
8920 55.8
8930 55.8
8940 55.8
8950 55.8
8960 55.8
8970 55.8
8980 55.8
8990 55.8
9000 55.8
9010 55.8
9020 56.4
9030 55.8
9040 55.8
9050 55.8
9060 55.8
9070 55.8
9080 54.8
9090 55.8
9100 55.8
9110 55.8
9120 55.8
9130 55.8
9140 55.3
9150 55.3
9160 55.3
9170 56.4
9180 55.8
9190 55.8
9200 55.3
9210 55.8
9220 55.8
9230 55.8
9240 55.8
9250 55.8
9260 55.8
9270 55.8
9280 55.8
9290 55.8
9300 55.8
9310 55.8
9320 55.8
9330 55.8
9340 55.8
9350 55.3
9360 55.8
9370 54.8
9380 54.8
9390 55.8
9400 55.8
9410 55.8
9420 55.8
9430 55.8
9440 55.8
9450 55.8
9460 55.8
9470 55.8
9480 55.8
9490 55.8
9500 55.3
9510 55.8
9520 55.8
9530 55.8
9540 55.8
9550 55.3
9560 55.8
9570 55.8
9580 55.8
9590 55.8
9600 55.8
9610 55.8
9620 55.8
9630 55.8
9640 56.4
9650 54.8
9660 55.8
9670 55.8
9680 55.8
9690 55.8
9700 55.8
9710 55.8
9720 55.8
9730 55.8
9740 55.8
9750 55.8
9760 55.8
9770 55.3
9780 55.3
9790 54.8
9800 55.8
9810 55.3
9820 55.3
9830 55.8
9840 55.3
9850 56.4
9860 55.8
9870 55.3
9880 55.8
9890 55.8
9900 55.8
9910 55.8
9920 55.8
9930 55.8
9940 55.8
9950 56.4
9960 55.8
9970 55.3
9980 55.8
9990 55.3
10000 55.8
10010 56.4
10020 55.8
10030 55.3
10040 54.8
10050 54.8
10060 55.3
10070 55.3
10080 55.8
10090 55.3
10100 55.8
10110 56.4
10120 55.8
10130 55.8
10140 55.8
10150 55.8
10160 55.8
10170 55.8
10180 55.8
10190 54.8
10200 55.8
10210 55.8
10220 55.3
10230 55.8
10240 55.8
10250 55.8
10260 55.8
10270 55.8
10280 55.8
10290 55.8
10300 55.8
10310 54.8
10320 55.8
10330 55.8
10340 55.8
10350 55.8
10360 55.8
10370 54.8
10380 55.8
10390 55.8
10400 55.8
10410 55.3
10420 55.8
10430 55.3
10440 55.8
10450 55.8
10460 55.8
10470 56.4
10480 55.8
10490 56.4
10500 55.8
10510 56.4
10520 55.8
10530 55.8
10540 55.8
10550 55.8
10560 55.3
10570 54.8
10580 55.8
10590 55.3
10600 55.8
10610 55.8
10620 55.8
10630 55.8
10640 55.8
10650 55.8
10660 55.3
10670 55.3
10680 54.8
10690 55.8
10700 55.3
10710 54.8
10720 54.8
10730 55.8
10740 55.8
10750 55.8
10760 55.8
10770 54.8
10780 55.3
10790 54.8
10800 55.8
10810 55.3
10820 55.8
10830 55.8
10840 55.8
10850 56.4
10860 55.8
10870 56.4
10880 55.8
10890 56.4
10900 55.8
10910 55.8
10920 55.8
10930 55.8
10940 55.3
10950 54.8
10960 55.8
10970 55.3
10980 55.8
10990 55.8
11000 55.8