10 53.23 
20 59.14 
30 59.08 
40 58.92 
50 58.86 
60 58.86 
70 58.86 
80 58.86 
90 58.75 
100 58.69 
110 58.75 
120 58.75 
130 58.75 
140 58.75 
150 58.7 
160 58.64 
170 58.58 
180 58.47 
190 58.42 
200 58.37 
210 58.26 
220 58.2 
230 58.15 
240 58.26 
250 58.26 
260 58.26 
270 58.26 
280 58.26 
290 58.31 
300 58.36 
310 58.36 
320 58.31 
330 58.31 
340 58.2 
350 58.25 
360 58.2 
370 58.15 
380 58.2 
390 58.15 
400 58.15 
410 58.15 
420 58.15 
430 58.2 
440 58.2 
450 58.15 
460 58.2 
470 58.25 
480 58.25 
490 58.3 
500 58.3 
510 58.3 
520 58.3 
530 58.3 
540 58.3 
550 58.35 
560 58.3 
570 58.25 
580 58.2 
590 58.15 
600 58.1 
610 58.1 
620 58.1 
630 58.05 
640 58.05 
650 58.11 
660 58.11 
670 58.16 
680 58.16 
690 58.21 
700 58.21 
710 58.32 
720 58.32 
730 58.32 
740 58.32 
750 58.21 
760 58.26 
770 58.21 
780 58.26 
790 58.21 
800 58.21 
810 58.15 
820 58.15 
830 58.15 
840 58.15 
850 58.15 
860 58.1 
870 58.1 
880 58.05 
890 58.05 
900 58.05 
910 58 
920 58 
930 58 
940 58 
950 58 
960 58 
970 58 
980 58 
990 58 
1000 58 
1010 58 
1020 58 
1030 58 
1040 58 
1050 58 
1060 58 
1070 58 
1080 58.11 
1090 58.16 
1100 58.16 
1110 58.16 
1120 58.21 
1130 58.21 
1140 58.21 
1150 58.21 
1160 58.21 
1170 58.26 
1180 58.15 
1190 58.1 
1200 58.1 
1210 58.15 
1220 58.1 
1230 58.15 
1240 58.2 
1250 58.2 
1260 58.25 
1270 58.2 
1280 58.2 
1290 58.25 
1300 58.25 
1310 58.25 
1320 58.25 
1330 58.2 
1340 58.15 
1350 58.15 
1360 58.1 
1370 58.15 
1380 58.15 
1390 58.1 
1400 58.15 
1410 58.15 
1420 58.15 
1430 58.2 
1440 58.2 
1450 58.25 
1460 58.25 
1470 58.2 
1480 58.25 
1490 58.25 
1500 58.2 
1510 58.26 
1520 58.26 
1530 58.21 
1540 58.21 
1550 58.21 
1560 58.21 
1570 58.21 
1580 58.16 
1590 58.21 
1600 58.21 
1610 58.1 
1620 58.1 
1630 58.1 
1640 58.1 
1650 58.05 
1660 58.1 
1670 58.15 
1680 58.15 
1690 58.15 
1700 58.15 
1710 58.15 
1720 58.2 
1730 58.2 
1740 58.25 
1750 58.25 
1760 58.2 
1770 58.26 
1780 58.31 
1790 58.31 
1800 58.36 
1810 58.47 
1820 58.42 
1830 58.47 
1840 58.42 
1850 58.42 
1860 58.47 
1870 58.41 
1880 58.36 
1890 58.31 
1900 58.31 
1910 58.25 
1920 58.25 
1930 58.2 
1940 58.2 
1950 58.25 
1960 58.2 
1970 58.15 
1980 58.15 
1990 58.15 
2000 58.1 
2010 58.05 
2020 58.05 
2030 58.05 
2040 58.05 
2050 58 
2060 58 
2070 58 
2080 58 
2090 58 
2100 58 
2110 58.05 
2120 58.05 
2130 58.05 
2140 58.05 
2150 58.05 
2160 58.05 
2170 58.05 
2180 58.05 
2190 58.05 
2200 58.05 
2210 58 
2220 58 
2230 58 
2240 57.95 
2250 57.95 
2260 57.95 
2270 58 
2280 58 
2290 58 
2300 58 
2310 58 
2320 58.05 
2330 58.05 
2340 58.1 
2350 58.1 
2360 58.1 
2370 58.05 
2380 58.05 
2390 58.05 
2400 58.05 
2410 58.05 
2420 58 
2430 58 
2440 58 
2450 58 
2460 58 
2470 58 
2480 58 
2490 58 
2500 58 
2510 58 
2520 58 
2530 58 
2540 58 
2550 58 
2560 58 
2570 58 
2580 58 
2590 58 
2600 58 
2610 58 
2620 58 
2630 58.05 
2640 58.05 
2650 58.05 
2660 58.05 
2670 58.05 
2680 58.1 
2690 58.1 
2700 58.15 
2710 58.15 
2720 58.15 
2730 58.1 
2740 58.05 
2750 58.05 
2760 58.05 
2770 58.05 
2780 58.05 
2790 58.05 
2800 58 
2810 58 
2820 58 
2830 58 
2840 58.05 
2850 58.05 
2860 58.05 
2870 58.05 
2880 58 
2890 58 
2900 58 
2910 58 
2920 58 
2930 58.05 
2940 58.05 
2950 58.05 
2960 58.05 
2970 58.05 
2980 58.05 
2990 58.05 
3000 58.05 
3010 58.05 
3020 58.05 
3030 58 
3040 58 
3050 58 
3060 58 
3070 58 
3080 58 
3090 58 
3100 58 
3110 58 
3120 58 
3130 58 
3140 58 
3150 58 
3160 58 
3170 58 
3180 58 
3190 58 
3200 58 
3210 58 
3220 58 
3230 58 
3240 57.95 
3250 57.95 
3260 57.95 
3270 57.95 
3280 57.95 
3290 57.95 
3300 57.95 
3310 57.95 
3320 57.95 
3330 57.95 
3340 58 
3350 57.95 
3360 57.9 
3370 57.9 
3380 57.85 
3390 57.8 
3400 57.8 
3410 57.69 
3420 57.58 
3430 57.47 
3440 57.36 
3450 57.3 
3460 57.19 
3470 57.08 
3480 57.02 
3490 56.96 
3500 56.85 
3510 56.8 
3520 56.75 
3530 56.7 
3540 56.7 
3550 56.65 
3560 56.65 
3570 56.65 
3580 56.65 
3590 56.65 
3600 56.6 
3610 56.65 
3620 56.7 
3630 56.75 
3640 56.75 
3650 56.8 
3660 56.85 
3670 56.85 
3680 56.85 
3690 56.85 
3700 56.9 
3710 56.85 
3720 56.85 
3730 56.8 
3740 56.75 
3750 56.7 
3760 56.7 
3770 56.65 
3780 56.65 
3790 56.6 
3800 56.6 
3810 56.65 
3820 56.65 
3830 56.65 
3840 56.7 
3850 56.7 
3860 56.7 
3870 56.75 
3880 56.75 
3890 56.8 
3900 56.8 
3910 56.8 
3920 56.8 
3930 56.85 
3940 56.85 
3950 56.9 
3960 56.9 
3970 56.9 
3980 56.9 
3990 56.9 
4000 57.01 
4010 57.01 
4020 57.01 
4030 57.01 
4040 57.01 
4050 57.01 
4060 57.01 
4070 57.01 
4080 57.01 
4090 57.07 
4100 56.96 
4110 56.96 
4120 56.96 
4130 56.96 
4140 56.96 
4150 56.96 
4160 56.96 
4170 56.96 
4180 56.96 
4190 56.9 
4200 56.9 
4210 56.85 
4220 56.85 
4230 56.85 
4240 56.85 
4250 56.85 
4260 56.85 
4270 56.91 
4280 56.91 
4290 56.97 
4300 56.97 
4310 57.02 
4320 57.02 
4330 57.02 
4340 57.08 
4350 57.08 
4360 57.08 
4370 57.08 
4380 57.03 
4390 56.97 
4400 57.03 
4410 57.03 
4420 57.03 
4430 57.03 
4440 56.92 
4450 56.92 
4460 56.92 
4470 56.81 
4480 56.86 
4490 56.86 
4500 56.75 
4510 56.75 
4520 56.75 
4530 56.75 
4540 56.8 
4550 56.75 
4560 56.75 
4570 56.75 
4580 56.7 
4590 56.7 
4600 56.7 
4610 56.7 
4620 56.65 
4630 56.65 
4640 56.65 
4650 56.7 
4660 56.7 
4670 56.75 
4680 56.8 
4690 56.75 
4700 56.75 
4710 56.75 
4720 56.75 
4730 56.75 
4740 56.7 
4750 56.7 
4760 56.7 
4770 56.7 
4780 56.65 
4790 56.65 
4800 56.65 
4810 56.65 
4820 56.59 
4830 56.59 
4840 56.59 
4850 56.54 
4860 56.49 
4870 56.49 
4880 56.54 
4890 56.54 
4900 56.54 
4910 56.54 
4920 56.65 
4930 56.6 
4940 56.65 
4950 56.65 
4960 56.65 
4970 56.65 
4980 56.54 
4990 56.54 
5000 56.59 
5010 56.59 
5020 56.59 
5030 56.59 
5040 56.59 
5050 56.59 
5060 56.59 
5070 56.59 
5080 56.65 
5090 56.7 
5100 56.65 
5110 56.71 
5120 56.66 
5130 56.66 
5140 56.72 
5150 56.72 
5160 56.77 
5170 56.72 
5180 56.77 
5190 56.72 
5200 56.72 
5210 56.61 
5220 56.66 
5230 56.66 
5240 56.55 
5250 56.6 
5260 56.6 
5270 56.6 
5280 56.6 
5290 56.65 
5300 56.7 
5310 56.75 
5320 56.7 
5330 56.75 
5340 56.8 
5350 56.8 
5360 56.8 
5370 56.8 
5380 56.75 
5390 56.75 
5400 56.7 
5410 56.7 
5420 56.7 
5430 56.59 
5440 56.59 
5450 56.54 
5460 56.49 
5470 56.54 
5480 56.54 
5490 56.54 
5500 56.59 
5510 56.54 
5520 56.54 
5530 56.6 
5540 56.6 
5550 56.6 
5560 56.6 
5570 56.66 
5580 56.71 
5590 56.71 
5600 56.66 
5610 56.71 
5620 56.71 
5630 56.71 
5640 56.66 
5650 56.66 
5660 56.71 
5670 56.65 
5680 56.65 
5690 56.6 
5700 56.65 
5710 56.6 
5720 56.65 
5730 56.65 
5740 56.65 
5750 56.59 
5760 56.54 
5770 56.49 
5780 56.49 
5790 56.49 
5800 56.49 
5810 56.54 
5820 56.49 
5830 56.54 
5840 56.59 
5850 56.65 
5860 56.7 
5870 56.75 
5880 56.75 
5890 56.8 
5900 56.75 
5910 56.75 
5920 56.75 
5930 56.7 
5940 56.7 
5950 56.75 
5960 56.7 
5970 56.65 
5980 56.65 
5990 56.54 
6000 56.54 
6010 56.49 
6020 56.54 
6030 56.59 
6040 56.59 
6050 56.54 
6060 56.54 
6070 56.59 
6080 56.59 
6090 56.65 
6100 56.65 
6110 56.7 
6120 56.7 
6130 56.65 
6140 56.6 
6150 56.6 
6160 56.65 
6170 56.6 
6180 56.55 
6190 56.55 
6200 56.55 
6210 56.5 
6220 56.45 
6230 56.45 
6240 56.45 
6250 56.45 
6260 56.45 
6270 56.45 
6280 56.45 
6290 56.39 
6300 56.33 
6310 56.27 
6320 56.27 
6330 56.27 
6340 56.27 
6350 56.27 
6360 56.27 
6370 56.21 
6380 56.26 
6390 56.32 
6400 56.43 
6410 56.43 
6420 56.37 
6430 56.37 
6440 56.37 
6450 56.31 
6460 56.26 
6470 56.26 
6480 56.21 
6490 56.21 
6500 56.21 
6510 56.27 
6520 56.38 
6530 56.38 
6540 56.43 
6550 56.54 
6560 56.54 
6570 56.6 
6580 56.6 
6590 56.54 
6600 56.49 
6610 56.43 
6620 56.32 
6630 56.37 
6640 56.26 
6650 56.21 
6660 56.21 
6670 56.15 
6680 56.2 
6690 56.26 
6700 56.2 
6710 56.2 
6720 56.26 
6730 56.21 
6740 56.21 
6750 56.21 
6760 56.21 
6770 56.32 
6780 56.32 
6790 56.26 
6800 56.32 
6810 56.38 
6820 56.38 
6830 56.32 
6840 56.32 
6850 56.32 
6860 56.32 
6870 56.27 
6880 56.22 
6890 56.22 
6900 56.16 
6910 56.1 
6920 56.1 
6930 56.1 
6940 56.16 
6950 56.1 
6960 56.1 
6970 56.04 
6980 55.98 
6990 56.04 
7000 56.1 
7010 56.16 
7020 56.1 
7030 56.1 
7040 56.1 
7050 56.1 
7060 56.1 
7070 56.16 
7080 56.16 
7090 56.16 
7100 56.1 
7110 56.04 
7120 56.1 
7130 56.16 
7140 56.1 
7150 56.16 
7160 56.16 
7170 56.16 
7180 56.22 
7190 56.22 
7200 56.33 
7210 56.33 
7220 56.33 
7230 56.27 
7240 56.33 
7250 56.33 
7260 56.33 
7270 56.33 
7280 56.33 
7290 56.27 
7300 56.16 
7310 56.22 
7320 56.16 
7330 56.16 
7340 56.16 
7350 56.16 
7360 56.16 
7370 56.21 
7380 56.21 
7390 56.21 
7400 56.32 
7410 56.32 
7420 56.32 
7430 56.32 
7440 56.32 
7450 56.37 
7460 56.37 
7470 56.26 
7480 56.31 
7490 56.31 
7500 56.2 
7510 56.2 
7520 56.26 
7530 56.32 
7540 56.32 
7550 56.27 
7560 56.27 
7570 56.33 
7580 56.33 
7590 56.39 
7600 56.39 
7610 56.33 
7620 56.27 
7630 56.27 
7640 56.21 
7650 56.15 
7660 56.15 
7670 56.15 
7680 56.04 
7690 55.98 
7700 55.98 
7710 56.04 
7720 56.1 
7730 56.04 
7740 56.04 
7750 56.1 
7760 56.1 
7770 56.1 
7780 56.1 
7790 56.16 
7800 56.16 
7810 56.1 
7820 56.04 
7830 56.04 
7840 56.1 
7850 56.1 
7860 56.04 
7870 55.98 
7880 55.98 
7890 55.92 
7900 55.98 
7910 56.04 
7920 56.04 
7930 56.04 
7940 55.98 
7950 55.92 
7960 55.92 
7970 55.92 
7980 55.98 
7990 56.04 
8000 55.98 
8010 55.92 
8020 55.98 
8030 55.98 
8040 55.98 
8050 56.04 
8060 56.04 
8070 56.1 
8080 56.04 
8090 55.98 
8100 55.98 
8110 55.98 
8120 55.98 
8130 56.04 
8140 56.04 
8150 56.04 
8160 56.04 
8170 56.04 
8180 56.04 
8190 56.1 
8200 56.1 
8210 56.1 
8220 56.04 
8230 55.98 
8240 55.98 
8250 55.98 
8260 55.98 
8270 55.98 
8280 56.04 
8290 55.98 
8300 55.98 
8310 55.98 
8320 55.98 
8330 55.98 
8340 55.98 
8350 55.92 
8360 55.92 
8370 55.92 
8380 55.92 
8390 55.92 
8400 55.92 
8410 55.92 
8420 55.98 
8430 56.04 
8440 56.04 
8450 56.04 
8460 56.04 
8470 55.98 
8480 55.92 
8490 55.92 
8500 55.98 
8510 55.98 
8520 55.92 
8530 55.86 
8540 55.86 
8550 55.92 
8560 55.98 
8570 55.98 
8580 56.04 
8590 56.04 
8600 56.04 
8610 56.1 
8620 56.16 
8630 56.16 
8640 56.27 
8650 56.21 
8660 56.21 
8670 56.27 
8680 56.27 
8690 56.33 
8700 56.27 
8710 56.21 
8720 56.15 
8730 56.21 
8740 56.1 
8750 56.1 
8760 56.04 
8770 55.98 
8780 55.98 
8790 55.92 
8800 55.98 
8810 55.98 
8820 55.98 
8830 55.92 
8840 55.92 
8850 55.98 
8860 56.04 
8870 56.1 
8880 56.1 
8890 56.16 
8900 56.21 
8910 56.27 
8920 56.33 
8930 56.33 
8940 56.33 
8950 56.27 
8960 56.21 
8970 56.21 
8980 56.21 
8990 56.15 
9000 56.04 
9010 55.98 
9020 55.98 
9030 56.04 
9040 56.1 
9050 56.16 
9060 56.22 
9070 56.16 
9080 56.1 
9090 56.16 
9100 56.22 
9110 56.33 
9120 56.33 
9130 56.27 
9140 56.21 
9150 56.21 
9160 56.21 
9170 56.21 
9180 56.21 
9190 56.21 
9200 56.21 
9210 56.16 
9220 56.16 
9230 56.16 
9240 56.16 
9250 56.16 
9260 56.16 
9270 56.16 
9280 56.22 
9290 56.22 
9300 56.16 
9310 56.16 
9320 56.1 
9330 56.16 
9340 56.22 
9350 56.27 
9360 56.27 
9370 56.33 
9380 56.33 
9390 56.38 
9400 56.44 
9410 56.44 
9420 56.55 
9430 56.6 
9440 56.65 
9450 56.65 
9460 56.65 
9470 56.7 
9480 56.75 
9490 56.7 
9500 56.7 
9510 56.75 
9520 56.7 
9530 56.65 
9540 56.6 
9550 56.55 
9560 56.55 
9570 56.5 
9580 56.5 
9590 56.5 
9600 56.55 
9610 56.5 
9620 56.5 
9630 56.5 
9640 56.55 
9650 56.55 
9660 56.6 
9670 56.6 
9680 56.55 
9690 56.55 
9700 56.5 
9710 56.55 
9720 56.55 
9730 56.55 
9740 56.55 
9750 56.6 
9760 56.6 
9770 56.65 
9780 56.65 
9790 56.65 
9800 56.65 
9810 56.65 
9820 56.65 
9830 56.7 
9840 56.65 
9850 56.65 
9860 56.65 
9870 56.6 
9880 56.54 
9890 56.59 
9900 56.64 
9910 56.59 
9920 56.53 
9930 56.48 
9940 56.53 
9950 56.53 
9960 56.48 
9970 56.48 
9980 56.48 
9990 56.48 
10000 56.43 
10010 56.43 
10020 56.54 
10030 56.54 
10040 56.49 
10050 56.44 
10060 56.44 
10070 56.49 
10080 56.55 
10090 56.55 
10100 56.55 
10110 56.6 
10120 56.6 
10130 56.65 
10140 56.65 
10150 56.7 
10160 56.64 
10170 56.64 
10180 56.64 
10190 56.59 
10200 56.59 
10210 56.59 
10220 56.59 
10230 56.59 
10240 56.59 
10250 56.48 
10260 56.59 
10270 56.54 
10280 56.54 
10290 56.59 
10300 56.64 
10310 56.59 
10320 56.54 
10330 56.49 
10340 56.49 
10350 56.55 
10360 56.5 
10370 56.5 
10380 56.5 
10390 56.39 
10400 56.7 
10410 56.75 
10420 56.7 
10430 56.7 
10440 56.75 
10450 56.7 
10460 56.65 
10470 56.6 
10480 56.55 
10490 56.55 
10500 56.5 
10510 56.5 
10520 56.5 
10530 56.55 
10540 56.5 
10550 56.5 
10560 56.5 
10570 56.55 
10580 56.55 
10590 56.6 
10600 56.6 
10610 56.55 
10620 56.55 
10630 56.5 
10640 56.55 
10650 56.55 
10660 56.55 
10670 56.55 
10680 56.6 
10690 56.6 
10700 56.65 
10710 56.65 
10720 56.65 
10730 56.65 
10740 56.65 
10750 56.65 
10760 56.7 
10770 56.65 
10780 56.65 
10790 56.65 
10800 56.6 
10810 56.54 
10820 56.59 
10830 56.64 
10840 56.59 
10850 56.53 
10860 56.48 
10870 56.53 
10880 56.53 
10890 56.48 
10900 56.48 
10910 56.48 
10920 56.48 
10930 56.43 
10940 56.43 
10950 56.54 
10960 56.54 
10970 56.49 
10980 56.44 
10990 56.44 
11000 56.49 