10 46.2
20 46.2
30 46.2
40 46.7
50 47.2
60 46.2
70 46.7
80 47.2
90 46.2
100 46.7
110 46.7
120 47.2
130 46.2
140 46.7
150 46.2
160 46.7
170 47.2
180 46.2
190 46.7
200 46.7
210 46.7
220 46.2
230 46.2
240 47.2
250 47.2
260 47.2
270 47.2
280 46.2
290 47.2
300 46.7
310 47.2
320 46.2
330 46.2
340 47.2
350 46.2
360 46.2
370 46.2
380 46.7
390 47.2
400 46.2
410 46.7
420 46.2
430 46.2
440 47.2
450 46.2
460 46.2
470 47.2
480 46.2
490 46.2
500 46.2
510 46.2
520 46.2
530 47.2
540 47.2
550 46.7
560 47.2
570 46.7
580 46.7
590 46.2
600 47.2
610 46.7
620 46.2
630 46.7
640 46.7
650 46.2
660 46.7
670 46.2
680 46.7
690 46.7
700 46.2
710 46.7
720 46.2
730 46.2
740 46.2
750 46.2
760 47.2
770 46.7
780 46.2
790 46.7
800 46.2
810 46.2
820 46.2
830 46.7
840 46.7
850 47.2
860 46.2
870 46.2
880 46.7
890 46.2
900 47.2
910 47.2
920 47.2
930 47.2
940 46.7
950 47.2
960 46.7
970 46.7
980 47.2
990 46.7
1000 47.2
1010 46.2
1020 46.7
1030 47.2
1040 46.2
1050 46.2
1060 46.2
1070 46.2
1080 46.7
1090 46.2
1100 46.2
1110 47.2
1120 46.7
1130 46.2
1140 46.2
1150 47.2
1160 47.2
1170 46.2
1180 47.2
1190 46.7
1200 46.7
1210 47.2
1220 47.2
1230 46.7
1240 46.2
1250 46.7
1260 46.7
1270 46.7
1280 46.7
1290 46.7
1300 46.2
1310 46.7
1320 46.7
1330 46.2
1340 46.2
1350 47.2
1360 46.2
1370 46.7
1380 46.2
1390 47.2
1400 46.2
1410 47.2
1420 46.7
1430 47.2
1440 46.2
1450 47.2
1460 46.7
1470 47.2
1480 46.2
1490 47.2
1500 46.2
1510 46.7
1520 47.2
1530 47.2
1540 46.7
1550 46.7
1560 46.2
1570 47.2
1580 46.2
1590 46.7
1600 46.2
1610 46.7
1620 46.2
1630 46.2
1640 46.2
1650 46.7
1660 46.7
1670 46.2
1680 47.2
1690 46.7
1700 47.2
1710 46.7
1720 46.2
1730 46.7
1740 46.2
1750 47.2
1760 46.7
1770 46.7
1780 46.7
1790 46.7
1800 46.2
1810 46.2
1820 46.7
1830 46.7
1840 47.2
1850 46.7
1860 47.2
1870 46.2
1880 47.2
1890 47.2
1900 46.2
1910 46.7
1920 47.2
1930 47.2
1940 46.2
1950 46.2
1960 46.7
1970 46.7
1980 46.7
1990 46.2
2000 46.2
2010 46.7
2020 46.2
2030 47.2
2040 47.2
2050 47.2
2060 47.2
2070 46.2
2080 46.7
2090 46.7
2100 46.2
2110 46.7
2120 46.7
2130 46.7
2140 46.7
2150 46.7
2160 47.2
2170 46.2
2180 46.7
2190 46.7
2200 47.2
2210 46.7
2220 46.2
2230 46.2
2240 46.2
2250 46.2
2260 47.2
2270 46.7
2280 46.2
2290 46.7
2300 46.2
2310 46.2
2320 47.2
2330 46.2
2340 46.2
2350 46.2
2360 46.7
2370 47.2
2380 46.7
2390 46.2
2400 46.2
2410 47.2
2420 46.2
2430 46.7
2440 46.7
2450 46.7
2460 46.2
2470 47.2
2480 46.2
2490 46.2
2500 46.2
2510 46.7
2520 46.7
2530 46.7
2540 46.7
2550 46.2
2560 46.2
2570 46.7
2580 46.7
2590 46.7
2600 46.7
2610 47.2
2620 46.2
2630 46.7
2640 46.7
2650 46.2
2660 46.2
2670 46.7
2680 46.7
2690 47.2
2700 46.7
2710 46.7
2720 46.2
2730 46.7
2740 46.2
2750 46.7
2760 47.2
2770 46.7
2780 46.2
2790 46.2
2800 46.2
2810 46.2
2820 46.7
2830 47.2
2840 46.7
2850 46.7
2860 47.2
2870 47.2
2880 46.2
2890 46.2
2900 47.2
2910 47.2
2920 46.7
2930 47.2
2940 47.2
2950 46.7
2960 46.2
2970 46.7
2980 46.7
2990 46.2
3000 47.2
3010 46.7
3020 46.2
3030 47.2
3040 46.2
3050 46.2
3060 46.2
3070 46.7
3080 47.2
3090 46.7
3100 46.7
3110 46.2
3120 47.2
3130 46.7
3140 47.2
3150 47.2
3160 46.7
3170 46.7
3180 46.2
3190 47.2
3200 47.2
3210 47.2
3220 47.2
3230 47.2
3240 47.2
3250 46.7
3260 46.7
3270 47.2
3280 46.7
3290 46.7
3300 46.2
3310 46.7
3320 46.7
3330 46.7
3340 46.7
3350 46.7
3360 46.7
3370 46.2
3380 46.7
3390 46.7
3400 46.2
3410 46.7
3420 46.7
3430 46.2
3440 46.2
3450 46.2
3460 46.2
3470 46.2
3480 46.2
3490 47.2
3500 46.7
3510 46.2
3520 46.2
3530 46.2
3540 46.2
3550 46.7
3560 47.2
3570 47.2
3580 47.2
3590 46.7
3600 46.2
3610 46.2
3620 46.2
3630 46.7
3640 46.2
3650 46.2
3660 46.7
3670 46.2
3680 46.7
3690 46.2
3700 46.2
3710 47.2
3720 46.2
3730 47.2
3740 46.2
3750 47.2
3760 46.2
3770 46.2
3780 46.2
3790 46.2
3800 46.2
3810 45.6
3820 46.7
3830 46.7
3840 46.7
3850 46.7
3860 46.2
3870 46.7
3880 46.7
3890 46.2
3900 46.7
3910 46.2
3920 46.2
3930 46.7
3940 47.2
3950 46.7
3960 47.2
3970 47.2
3980 46.2
3990 46.2
4000 46.7
4010 47.2
4020 46.2
4030 47.2
4040 46.7
4050 46.2
4060 46.2
4070 46.2
4080 46.7
4090 46.7
4100 46.2
4110 46.2
4120 46.2
4130 46.2
4140 46.2
4150 46.7
4160 46.7
4170 46.2
4180 46.2
4190 47.2
4200 46.2
4210 47.2
4220 47.2
4230 46.2
4240 46.2
4250 47.2
4260 46.7
4270 46.2
4280 46.2
4290 46.7
4300 46.2
4310 46.7
4320 46.7
4330 46.7
4340 46.7
4350 46.2
4360 46.2
4370 47.2
4380 46.2
4390 46.2
4400 46.7
4410 46.2
4420 46.2
4430 46.2
4440 46.7
4450 46.2
4460 47.2
4470 46.7
4480 47.2
4490 47.2
4500 47.2
4510 46.2
4520 46.2
4530 47.2
4540 47.2
4550 47.2
4560 47.2
4570 46.2
4580 47.2
4590 46.2
4600 46.7
4610 47.8
4620 47.2
4630 46.2
4640 46.2
4650 47.2
4660 47.2
4670 45.6
4680 46.2
4690 46.2
4700 46.2
4710 46.2
4720 46.7
4730 46.2
4740 46.2
4750 46.2
4760 46.7
4770 47.2
4780 46.2
4790 47.2
4800 47.2
4810 46.2
4820 46.2
4830 46.2
4840 46.7
4850 46.2
4860 47.2
4870 46.2
4880 46.2
4890 47.2
4900 47.2
4910 46.2
4920 46.7
4930 46.7
4940 46.2
4950 46.2
4960 46.7
4970 46.2
4980 46.2
4990 46.2
5000 46.2
5010 46.7
5020 46.7
5030 46.2
5040 46.7
5050 46.2
5060 46.7
5070 46.2
5080 46.7
5090 46.2
5100 46.2
5110 46.2
5120 46.2
5130 46.7
5140 46.2
5150 46.2
5160 46.2
5170 46.7
5180 46.7
5190 46.2
5200 46.7
5210 46.7
5220 46.2
5230 46.7
5240 47.2
5250 47.2
5260 46.7
5270 46.2
5280 47.2
5290 47.2
5300 46.2
5310 46.7
5320 46.7
5330 46.7
5340 46.7
5350 47.2
5360 46.2
5370 46.2
5380 46.7
5390 46.7
5400 47.2
5410 46.2
5420 46.2
5430 47.2
5440 46.2
5450 47.2
5460 46.7
5470 47.2
5480 46.7
5490 46.7
5500 46.7
5510 46.2
5520 46.7
5530 46.2
5540 46.7
5550 47.2
5560 46.7
5570 47.2
5580 46.7
5590 47.2
5600 47.2
5610 46.7
5620 46.7
5630 46.2
5640 46.2
5650 46.7
5660 46.7
5670 46.7
5680 46.7
5690 46.7
5700 47.2
5710 46.7
5720 46.2
5730 46.7
5740 46.7
5750 47.2
5760 46.7
5770 46.7
5780 47.2
5790 46.2
5800 47.2
5810 47.2
5820 46.2
5830 46.7
5840 46.2
5850 47.2
5860 47.2
5870 46.2
5880 46.2
5890 47.2
5900 46.2
5910 47.2
5920 46.7
5930 46.2
5940 46.7
5950 46.7
5960 46.2
5970 46.7
5980 46.2
5990 46.7
6000 46.7
6010 46.2
6020 46.2
6030 47.2
6040 47.2
6050 46.2
6060 46.2
6070 47.2
6080 47.2
6090 46.7
6100 46.7
6110 46.7
6120 46.2
6130 46.7
6140 47.2
6150 46.7
6160 46.7
6170 46.7
6180 46.7
6190 47.2
6200 47.2
6210 47.2
6220 47.2
6230 46.7
6240 46.7
6250 46.7
6260 46.7
6270 47.2
6280 47.2
6290 46.2
6300 46.7
6310 46.7
6320 47.2
6330 46.7
6340 46.7
6350 46.2
6360 46.2
6370 46.7
6380 46.7
6390 47.2
6400 46.7
6410 46.7
6420 47.2
6430 46.7
6440 46.7
6450 46.2
6460 46.2
6470 47.2
6480 46.7
6490 46.7
6500 46.7
6510 47.2
6520 46.7
6530 46.7
6540 47.2
6550 46.7
6560 46.2
6570 46.2
6580 46.7
6590 46.7
6600 46.7
6610 46.2
6620 46.7
6630 46.7
6640 46.2
6650 46.7
6660 46.2
6670 46.2
6680 46.7
6690 46.7
6700 46.2
6710 46.7
6720 46.2
6730 46.7
6740 46.2
6750 47.2
6760 47.2
6770 47.2
6780 46.2
6790 46.7
6800 46.2
6810 46.2
6820 47.2
6830 46.2
6840 46.2
6850 47.2
6860 46.2
6870 46.2
6880 47.2
6890 46.7
6900 46.7
6910 46.7
6920 46.2
6930 47.2
6940 46.7
6950 46.2
6960 46.2
6970 46.2
6980 46.7
6990 47.2
7000 46.7
7010 47.2
7020 46.2
7030 46.2
7040 46.7
7050 46.7
7060 46.2
7070 47.2
7080 46.2
7090 46.2
7100 46.2
7110 46.7
7120 46.2
7130 46.2
7140 47.2
7150 46.7
7160 46.7
7170 47.2
7180 47.2
7190 46.7
7200 46.7
7210 46.7
7220 46.2
7230 47.2
7240 47.2
7250 46.2
7260 47.2
7270 46.2
7280 46.2
7290 46.7
7300 46.7
7310 46.2
7320 46.7
7330 46.7
7340 46.2
7350 46.7
7360 46.2
7370 46.7
7380 46.7
7390 46.2
7400 46.2
7410 46.7
7420 46.2
7430 46.2
7440 46.2
7450 46.7
7460 46.7
7470 46.7
7480 46.2
7490 47.2
7500 46.2
7510 47.2
7520 47.2
7530 46.7
7540 47.2
7550 47.2
7560 47.2
7570 46.7
7580 47.2
7590 46.2
7600 46.7
7610 46.2
7620 46.7
7630 46.7
7640 46.2
7650 46.2
7660 46.2
7670 47.2
7680 46.7
7690 47.2
7700 46.2
7710 46.7
7720 46.2
7730 46.2
7740 46.7
7750 46.7
7760 46.7
7770 46.7
7780 46.7
7790 46.7
7800 47.2
7810 46.2
7820 46.7
7830 46.7
7840 46.2
7850 47.2
7860 46.2
7870 46.2
7880 46.2
7890 46.2
7900 46.2
7910 46.2
7920 46.2
7930 46.2
7940 46.7
7950 46.2
7960 46.2
7970 46.2
7980 46.2
7990 46.2
8000 46.7
8010 46.2
8020 46.7
8030 46.2
8040 46.7
8050 46.2
8060 46.2
8070 47.2
8080 47.2
8090 46.2
8100 47.2
8110 46.2
8120 47.2
8130 46.2
8140 46.7
8150 46.7
8160 46.7
8170 47.2
8180 46.7
8190 46.7
8200 46.2
8210 46.7
8220 47.2
8230 46.7
8240 46.2
8250 46.2
8260 46.2
8270 47.2
8280 46.7
8290 46.2
8300 47.2
8310 46.2
8320 46.7
8330 47.2
8340 46.2
8350 47.2
8360 46.2
8370 46.2
8380 47.2
8390 46.7
8400 47.2
8410 46.2
8420 46.2
8430 46.7
8440 46.2
8450 46.7
8460 46.7
8470 46.2
8480 46.7
8490 47.2
8500 46.7
8510 46.2
8520 46.2
8530 46.2
8540 46.2
8550 46.7
8560 47.2
8570 46.2
8580 46.7
8590 46.7
8600 46.7
8610 46.7
8620 47.2
8630 47.2
8640 46.7
8650 46.2
8660 46.2
8670 46.7
8680 46.7
8690 46.2
8700 46.2
8710 47.2
8720 46.2
8730 46.7
8740 46.7
8750 46.7
8760 46.7
8770 46.7
8780 46.7
8790 47.2
8800 46.2
8810 46.2
8820 46.2
8830 46.2
8840 46.2
8850 46.7
8860 46.7
8870 46.2
8880 46.2
8890 46.7
8900 46.7
8910 46.2
8920 47.2
8930 46.2
8940 47.2
8950 46.7
8960 46.2
8970 46.7
8980 46.2
8990 46.2
9000 47.2
9010 46.7
9020 46.7
9030 46.7
9040 47.2
9050 46.7
9060 46.2
9070 47.2
9080 46.2
9090 46.7
9100 46.2
9110 46.2
9120 46.2
9130 46.7
9140 46.7
9150 46.2
9160 46.7
9170 46.2
9180 46.7
9190 46.2
9200 46.2
9210 46.2
9220 47.2
9230 46.7
9240 46.2
9250 46.2
9260 46.2
9270 46.7
9280 46.2
9290 46.7
9300 46.2
9310 46.2
9320 47.2
9330 47.2
9340 47.2
9350 46.7
9360 46.7
9370 46.2
9380 46.2
9390 46.2
9400 46.2
9410 46.2
9420 46.2
9430 46.2
9440 46.7
9450 46.7
9460 47.2
9470 46.2
9480 47.2
9490 46.7
9500 46.2
9510 46.2
9520 46.2
9530 46.7
9540 46.7
9550 46.2
9560 46.7
9570 46.2
9580 46.2
9590 46.2
9600 46.7
9610 46.7
9620 46.2
9630 46.7
9640 47.2
9650 46.7
9660 46.2
9670 46.2
9680 46.2
9690 46.7
9700 46.2
9710 46.7
9720 46.2
9730 46.7
9740 46.7
9750 46.7
9760 47.2
9770 47.2
9780 46.7
9790 46.2
9800 47.2
9810 46.2
9820 47.2
9830 47.2
9840 46.2
9850 46.7
9860 46.2
9870 46.7
9880 46.2
9890 46.7
9900 47.2
9910 46.2
9920 46.2
9930 46.2
9940 46.7
9950 46.2
9960 46.2
9970 46.2
9980 46.7
9990 47.2
10000 47.2
10010 46.7
10020 46.7
10030 46.2
10040 46.2
10050 46.2
10060 46.2
10070 46.2
10080 46.2
10090 46.2
10100 46.7
10110 46.7
10120 47.2
10130 46.2
10140 47.2
10150 46.7
10160 46.2
10170 46.2
10180 46.2
10190 46.7
10200 46.7
10210 46.2
10220 46.7
10230 46.2
10240 46.2
10250 46.2
10260 46.7
10270 46.7
10280 46.2
10290 46.7
10300 47.2
10310 46.7
10320 46.2
10330 46.2
10340 46.2
10350 46.7
10360 46.2
10370 46.7
10380 46.2
10390 46.7
10400 46.7
10410 46.7
10420 47.2
10430 47.2
10440 46.7
10450 46.2
10460 47.2
10470 46.2
10480 47.2
10490 47.2
10500 46.2
10510 46.7
10520 46.2
10530 46.7
10540 46.2
10550 46.7
10560 47.2
10570 46.2
10580 46.2
10590 46.2
10600 46.7
10610 46.2
10620 46.2
10630 46.2
10640 46.7
10650 47.2
10660 47.2
10670 46.7
10680 46.7
10690 46.2
10700 46.2
10710 46.2
10720 46.2
10730 46.2
10740 46.2
10750 46.2
10760 46.7
10770 46.7
10780 47.2
10790 46.2
10800 47.2
10810 46.7
10820 46.2
10830 46.2
10840 46.2
10850 46.7
10860 46.7
10870 46.2
10880 46.7
10890 46.2
10900 46.2
10910 46.2
10920 46.7
10930 46.7
10940 46.2
10950 46.7
10960 47.2
10970 46.7
10980 46.2
10990 46.2
11000 46.2