10 47.8
20 48.3
30 48.3
40 48.3
50 48.3
60 48.3
70 48.3
80 47.8
90 48.9
100 48.3
110 48.3
120 48.3
130 48.3
140 48.3
150 48.3
160 48.3
170 48.9
180 48.9
190 49.4
200 48.9
210 48.3
220 48.9
230 48.3
240 48.3
250 48.3
260 48.3
270 48.3
280 48.9
290 48.9
300 49.4
310 48.3
320 48.9
330 48.3
340 49.4
350 48.3
360 48.9
370 49.4
380 49.4
390 48.3
400 48.3
410 48.3
420 48.9
430 49.4
440 49.4
450 48.3
460 49.4
470 48.9
480 48.9
490 48.9
500 49.4
510 48.3
520 48.9
530 48.3
540 48.3
550 48.9
560 49.4
570 48.9
580 48.9
590 49.4
600 49.4
610 48.9
620 48.9
630 48.9
640 48.9
650 48.3
660 48.9
670 49.4
680 48.9
690 49.4
700 48.3
710 48.9
720 48.3
730 48.9
740 48.3
750 48.3
760 48.3
770 48.9
780 48.3
790 48.3
800 48.3
810 48.9
820 48.9
830 48.3
840 49.4
850 48.9
860 48.3
870 48.9
880 48.9
890 48.3
900 48.9
910 48.9
920 48.9
930 49.4
940 49.4
950 48.9
960 48.9
970 48.3
980 48.3
990 48.9
1000 48.3
1010 48.9
1020 48.3
1030 48.3
1040 48.3
1050 48.3
1060 48.9
1070 48.3
1080 48.3
1090 48.9
1100 48.3
1110 48.9
1120 48.3
1130 48.9
1140 48.9
1150 49.4
1160 49.4
1170 48.3
1180 48.3
1190 48.3
1200 48.3
1210 48.3
1220 48.3
1230 48.3
1240 48.9
1250 48.9
1260 48.3
1270 48.9
1280 48.3
1290 48.9
1300 48.9
1310 49.4
1320 48.9
1330 48.9
1340 48.9
1350 48.3
1360 48.9
1370 48.3
1380 48.9
1390 48.9
1400 48.9
1410 48.3
1420 48.9
1430 48.3
1440 48.9
1450 48.3
1460 48.3
1470 48.3
1480 48.3
1490 48.9
1500 48.3
1510 48.9
1520 48.9
1530 48.9
1540 48.9
1550 48.9
1560 48.9
1570 48.9
1580 48.3
1590 48.9
1600 48.3
1610 48.3
1620 48.3
1630 48.9
1640 48.9
1650 48.9
1660 48.3
1670 48.3
1680 48.3
1690 48.3
1700 48.3
1710 48.3
1720 48.9
1730 48.3
1740 48.3
1750 48.9
1760 48.9
1770 48.3
1780 48.9
1790 48.3
1800 48.3
1810 48.9
1820 48.3
1830 48.9
1840 48.3
1850 48.9
1860 48.3
1870 48.3
1880 48.9
1890 48.3
1900 48.9
1910 49.4
1920 48.9
1930 48.9
1940 48.3
1950 48.3
1960 48.9
1970 48.9
1980 48.3
1990 49.4
2000 49.4
2010 48.3
2020 48.9
2030 49.4
2040 48.9
2050 48.9
2060 48.3
2070 48.9
2080 48.3
2090 48.3
2100 48.9
2110 48.3
2120 48.3
2130 48.3
2140 48.3
2150 49.4
2160 48.9
2170 48.9
2180 48.9
2190 48.9
2200 48.3
2210 48.3
2220 49.4
2230 48.9
2240 49.4
2250 48.3
2260 48.9
2270 48.3
2280 48.9
2290 48.3
2300 48.9
2310 48.9
2320 48.3
2330 47.8
2340 48.3
2350 48.9
2360 48.3
2370 48.9
2380 48.3
2390 48.9
2400 48.3
2410 48.3
2420 48.3
2430 48.3
2440 48.9
2450 48.3
2460 48.9
2470 48.9
2480 48.3
2490 48.9
2500 48.3
2510 47.8
2520 48.9
2530 48.3
2540 48.3
2550 48.9
2560 48.9
2570 48.3
2580 48.3
2590 48.3
2600 48.3
2610 48.9
2620 48.9
2630 48.3
2640 49.4
2650 49.4
2660 48.3
2670 48.9
2680 48.9
2690 48.9
2700 48.3
2710 49.4
2720 48.9
2730 48.9
2740 48.3
2750 48.3
2760 48.9
2770 48.3
2780 48.3
2790 48.3
2800 48.9
2810 48.3
2820 48.3
2830 48.9
2840 48.9
2850 48.9
2860 48.9
2870 48.9
2880 48.3
2890 48.3
2900 48.3
2910 48.3
2920 48.3
2930 48.9
2940 48.9
2950 48.3
2960 49.4
2970 48.3
2980 49.4
2990 48.9
3000 48.3
3010 48.3
3020 48.3
3030 48.9
3040 48.3
3050 49.4
3060 48.3
3070 48.3
3080 48.3
3090 48.9
3100 48.9
3110 48.9
3120 48.3
3130 48.9
3140 49.4
3150 49.4
3160 49.4
3170 48.3
3180 48.9
3190 48.3
3200 48.9
3210 48.3
3220 48.3
3230 49.4
3240 48.9
3250 48.3
3260 48.9
3270 48.3
3280 48.3
3290 48.3
3300 48.3
3310 48.3
3320 48.3
3330 48.9
3340 48.9
3350 49.4
3360 48.9
3370 48.3
3380 48.3
3390 48.3
3400 48.3
3410 48.3
3420 48.3
3430 48.9
3440 48.9
3450 48.9
3460 48.9
3470 48.3
3480 48.9
3490 48.3
3500 48.9
3510 48.9
3520 48.3
3530 48.3
3540 48.3
3550 48.9
3560 48.9
3570 48.3
3580 48.9
3590 49.4
3600 48.3
3610 48.9
3620 48.3
3630 48.9
3640 49.4
3650 48.3
3660 48.3
3670 48.9
3680 48.3
3690 48.9
3700 48.3
3710 48.3
3720 48.3
3730 48.3
3740 48.3
3750 48.3
3760 48.9
3770 48.3
3780 48.9
3790 48.3
3800 48.3
3810 48.3
3820 47.8
3830 48.3
3840 48.3
3850 48.3
3860 48.3
3870 48.3
3880 48.3
3890 48.3
3900 48.9
3910 48.9
3920 48.3
3930 48.3
3940 48.3
3950 48.3
3960 48.3
3970 48.9
3980 48.3
3990 48.9
4000 48.9
4010 48.3
4020 48.9
4030 48.9
4040 48.3
4050 48.9
4060 49.4
4070 48.3
4080 48.3
4090 49.4
4100 48.9
4110 48.9
4120 48.3
4130 48.3
4140 48.3
4150 48.9
4160 49.4
4170 48.3
4180 48.9
4190 48.3
4200 48.3
4210 48.3
4220 48.9
4230 48.3
4240 48.3
4250 48.3
4260 48.3
4270 48.9
4280 48.3
4290 48.3
4300 48.3
4310 48.9
4320 48.3
4330 48.9
4340 48.3
4350 48.3
4360 48.3
4370 48.9
4380 49.4
4390 48.3
4400 48.3
4410 48.9
4420 48.3
4430 48.3
4440 49.4
4450 48.9
4460 48.3
4470 48.9
4480 48.3
4490 48.9
4500 48.3
4510 48.3
4520 48.9
4530 48.3
4540 48.9
4550 48.3
4560 48.3
4570 48.9
4580 48.3
4590 48.3
4600 48.9
4610 48.3
4620 48.3
4630 48.3
4640 48.3
4650 48.3
4660 48.3
4670 48.3
4680 48.3
4690 48.9
4700 48.9
4710 49.4
4720 48.9
4730 48.9
4740 48.3
4750 48.3
4760 48.3
4770 48.3
4780 48.3
4790 49.4
4800 48.3
4810 48.3
4820 48.3
4830 48.9
4840 48.3
4850 48.3
4860 48.3
4870 48.3
4880 48.3
4890 48.3
4900 48.3
4910 48.9
4920 48.3
4930 48.9
4940 48.3
4950 48.3
4960 48.3
4970 48.3
4980 48.9
4990 48.3
5000 48.3
5010 49.4
5020 48.9
5030 49.4
5040 48.3
5050 48.3
5060 48.9
5070 48.3
5080 48.3
5090 48.3
5100 48.9
5110 49.4
5120 48.3
5130 48.9
5140 48.3
5150 49.4
5160 48.3
5170 48.3
5180 48.3
5190 48.3
5200 48.9
5210 48.3
5220 48.3
5230 48.9
5240 48.9
5250 48.9
5260 48.9
5270 48.3
5280 48.9
5290 48.9
5300 48.3
5310 48.3
5320 48.9
5330 48.3
5340 48.3
5350 48.3
5360 48.3
5370 48.3
5380 48.3
5390 48.3
5400 48.9
5410 48.3
5420 48.3
5430 48.3
5440 48.9
5450 48.3
5460 48.9
5470 48.9
5480 48.9
5490 48.9
5500 49.4
5510 48.9
5520 48.9
5530 48.9
5540 48.3
5550 48.9
5560 48.3
5570 48.3
5580 48.9
5590 48.3
5600 49.4
5610 48.9
5620 48.9
5630 48.3
5640 48.3
5650 48.3
5660 48.3
5670 48.9
5680 48.3
5690 48.9
5700 48.3
5710 49.4
5720 49.4
5730 48.3
5740 48.3
5750 48.9
5760 48.3
5770 49.4
5780 48.3
5790 48.9
5800 48.3
5810 48.9
5820 48.9
5830 49.4
5840 49.4
5850 48.3
5860 48.9
5870 49.4
5880 48.9
5890 48.3
5900 48.3
5910 48.3
5920 48.3
5930 48.3
5940 48.3
5950 48.9
5960 48.3
5970 48.3
5980 48.9
5990 48.9
6000 48.3
6010 48.3
6020 49.4
6030 48.9
6040 48.3
6050 48.3
6060 49.4
6070 48.9
6080 48.3
6090 48.9
6100 49.4
6110 48.3
6120 48.9
6130 49.4
6140 48.9
6150 47.8
6160 48.9
6170 48.9
6180 48.9
6190 48.9
6200 48.9
6210 48.9
6220 48.3
6230 48.3
6240 48.3
6250 48.3
6260 48.9
6270 48.9
6280 48.9
6290 49.4
6300 49.4
6310 48.3
6320 49.4
6330 49.4
6340 48.9
6350 48.3
6360 48.3
6370 48.3
6380 48.9
6390 48.3
6400 48.3
6410 49.4
6420 48.3
6430 48.3
6440 48.3
6450 48.3
6460 48.3
6470 48.3
6480 48.9
6490 48.3
6500 48.3
6510 48.3
6520 48.3
6530 48.3
6540 48.9
6550 48.3
6560 48.3
6570 48.3
6580 48.3
6590 48.3
6600 48.3
6610 48.9
6620 48.3
6630 49.4
6640 48.3
6650 48.3
6660 48.3
6670 48.3
6680 48.9
6690 48.3
6700 49.4
6710 48.3
6720 48.3
6730 48.3
6740 48.9
6750 48.9
6760 49.4
6770 49.4
6780 48.3
6790 48.9
6800 48.3
6810 48.9
6820 48.9
6830 48.9
6840 49.4
6850 48.3
6860 48.3
6870 48.3
6880 48.3
6890 48.9
6900 48.3
6910 48.3
6920 48.9
6930 48.9
6940 48.3
6950 49.4
6960 48.9
6970 48.9
6980 48.9
6990 48.3
7000 48.3
7010 49.4
7020 48.3
7030 48.9
7040 48.3
7050 48.9
7060 49.4
7070 48.3
7080 49.4
7090 48.3
7100 49.4
7110 48.3
7120 48.3
7130 48.3
7140 48.9
7150 48.3
7160 48.3
7170 48.9
7180 48.3
7190 48.3
7200 48.3
7210 48.3
7220 48.3
7230 48.9
7240 48.9
7250 48.9
7260 48.3
7270 49.4
7280 48.9
7290 48.9
7300 48.9
7310 48.9
7320 48.9
7330 48.3
7340 49.4
7350 48.3
7360 49.4
7370 48.3
7380 48.3
7390 49.4
7400 49.4
7410 48.9
7420 48.3
7430 48.9
7440 48.3
7450 48.9
7460 48.9
7470 48.3
7480 48.9
7490 48.3
7500 48.9
7510 48.9
7520 48.3
7530 49.4
7540 48.3
7550 48.3
7560 48.9
7570 48.9
7580 48.9
7590 48.3
7600 48.9
7610 48.9
7620 48.9
7630 49.4
7640 48.9
7650 48.9
7660 49.4
7670 48.3
7680 48.3
7690 48.9
7700 48.3
7710 48.3
7720 48.3
7730 48.9
7740 48.9
7750 48.9
7760 48.3
7770 48.3
7780 48.3
7790 48.3
7800 48.3
7810 48.9
7820 48.9
7830 48.3
7840 48.3
7850 48.3
7860 49.4
7870 48.3
7880 48.3
7890 48.3
7900 48.9
7910 48.9
7920 48.9
7930 48.3
7940 48.9
7950 49.4
7960 48.9
7970 48.9
7980 48.9
7990 48.3
8000 48.9
8010 49.4
8020 48.3
8030 48.3
8040 48.9
8050 48.3
8060 48.3
8070 48.3
8080 49.4
8090 48.3
8100 48.3
8110 48.9
8120 48.3
8130 48.3
8140 48.9
8150 48.3
8160 49.4
8170 48.9
8180 48.9
8190 48.3
8200 49.4
8210 48.3
8220 48.9
8230 48.3
8240 48.9
8250 48.9
8260 48.3
8270 48.3
8280 48.9
8290 48.3
8300 48.9
8310 48.9
8320 48.3
8330 48.3
8340 48.3
8350 48.3
8360 48.3
8370 48.3
8380 48.9
8390 48.3
8400 48.3
8410 48.3
8420 48.3
8430 48.3
8440 48.3
8450 48.3
8460 49.4
8470 48.3
8480 49.4
8490 48.9
8500 48.3
8510 48.9
8520 48.3
8530 48.3
8540 48.3
8550 48.3
8560 48.3
8570 48.3
8580 48.3
8590 48.9
8600 48.3
8610 48.3
8620 48.3
8630 48.9
8640 48.3
8650 48.9
8660 48.3
8670 48.3
8680 48.3
8690 48.9
8700 48.9
8710 48.9
8720 48.3
8730 48.9
8740 48.3
8750 49.4
8760 48.9
8770 48.3
8780 48.3
8790 48.3
8800 48.9
8810 48.9
8820 48.3
8830 48.9
8840 48.3
8850 48.3
8860 48.3
8870 48.3
8880 48.9
8890 48.3
8900 48.3
8910 48.3
8920 48.9
8930 48.3
8940 48.3
8950 48.3
8960 47.8
8970 48.3
8980 48.3
8990 48.3
9000 49.4
9010 48.3
9020 48.3
9030 48.3
9040 48.9
9050 48.3
9060 48.3
9070 48.3
9080 47.8
9090 48.9
9100 48.3
9110 48.3
9120 48.3
9130 48.3
9140 48.3
9150 48.9
9160 48.9
9170 48.3
9180 48.3
9190 49.4
9200 48.3
9210 48.9
9220 48.3
9230 48.3
9240 49.4
9250 48.3
9260 48.9
9270 48.3
9280 48.9
9290 48.3
9300 48.9
9310 48.3
9320 48.3
9330 48.9
9340 49.4
9350 48.3
9360 48.3
9370 48.9
9380 48.9
9390 48.3
9400 48.9
9410 48.3
9420 48.3
9430 48.3
9440 48.3
9450 48.9
9460 49.4
9470 49.4
9480 48.9
9490 48.3
9500 48.3
9510 48.3
9520 48.9
9530 48.3
9540 48.9
9550 48.3
9560 48.3
9570 48.3
9580 48.3
9590 48.3
9600 48.3
9610 48.9
9620 48.3
9630 48.9
9640 48.3
9650 48.3
9660 48.3
9670 48.3
9680 48.3
9690 48.3
9700 48.9
9710 48.9
9720 48.3
9730 48.9
9740 48.3
9750 48.3
9760 48.3
9770 48.9
9780 48.3
9790 48.3
9800 48.3
9810 48.3
9820 48.9
9830 48.9
9840 48.3
9850 48.3
9860 48.3
9870 49.4
9880 48.3
9890 48.3
9900 48.3
9910 48.3
9920 48.3
9930 48.9
9940 48.3
9950 48.3
9960 47.8
9970 48.9
9980 48.3
9990 48.3
10000 48.3
10010 48.3
10020 48.3
10030 48.3
10040 48.3
10050 48.3
10060 48.3
10070 48.3
10080 48.3
10090 48.3
10100 48.3
10110 48.9
10120 48.3
10130 48.3
10140 48.3
10150 48.3
10160 48.3
10170 48.9
10180 48.9
10190 48.3
10200 48.3
10210 49.4
10220 48.3
10230 48.9
10240 48.3
10250 48.3
10260 49.4
10270 48.3
10280 48.9
10290 48.3
10300 48.9
10310 48.3
10320 48.9
10330 48.3
10340 48.3
10350 48.9
10360 49.4
10370 48.3
10380 48.3
10390 48.9
10400 48.9
10410 48.3
10420 48.9
10430 48.3
10440 48.3
10450 48.3
10460 48.3
10470 48.9
10480 49.4
10490 49.4
10500 48.9
10510 48.3
10520 48.3
10530 48.3
10540 48.9
10550 48.3
10560 48.9
10570 48.3
10580 48.3
10590 48.3
10600 48.3
10610 48.3
10620 48.3
10630 48.9
10640 48.3
10650 48.9
10660 48.3
10670 48.3
10680 48.3
10690 48.3
10700 48.3
10710 48.3
10720 48.9
10730 48.9
10740 48.3
10750 48.9
10760 48.3
10770 48.3
10780 48.3
10790 48.9
10800 48.3
10810 48.3
10820 48.3
10830 48.3
10840 48.9
10850 48.9
10860 48.3
10870 48.3
10880 48.3
10890 49.4
10900 48.3
10910 48.3
10920 48.3
10930 48.3
10940 48.3
10950 48.9
10960 48.3
10970 48.3
10980 47.8
10990 48.9
11000 48.3