10 49.72 
20 55.2 
30 55.15 
40 55.05 
50 55 
60 54.95 
70 54.9 
80 54.9 
90 54.79 
100 54.68 
110 54.63 
120 54.63 
130 54.63 
140 54.57 
150 54.51 
160 54.51 
170 54.45 
180 54.39 
190 54.44 
200 54.39 
210 54.28 
220 54.22 
230 54.16 
240 54.11 
250 54.11 
260 54.05 
270 54.11 
280 54.11 
290 54.06 
300 54.11 
310 54.16 
320 54.11 
330 54.11 
340 54.11 
350 54.11 
360 54.11 
370 54.11 
380 54.06 
390 54.11 
400 54.06 
410 54.06 
420 54.11 
430 54.06 
440 54.06 
450 54.01 
460 53.96 
470 53.85 
480 53.85 
490 53.85 
500 53.85 
510 53.85 
520 53.85 
530 53.85 
540 53.85 
550 53.85 
560 53.85 
570 53.85 
580 53.85 
590 53.8 
600 53.85 
610 53.8 
620 53.75 
630 53.75 
640 53.75 
650 53.75 
660 53.75 
670 53.8 
680 53.8 
690 53.8 
700 53.86 
710 53.91 
720 53.96 
730 53.96 
740 53.96 
750 53.96 
760 54.01 
770 53.96 
780 54.01 
790 54.01 
800 53.95 
810 53.9 
820 53.9 
830 53.9 
840 53.95 
850 53.95 
860 53.9 
870 53.9 
880 53.85 
890 53.85 
900 53.8 
910 53.8 
920 53.75 
930 53.8 
940 53.8 
950 53.85 
960 53.96 
970 53.96 
980 53.96 
990 54.07 
1000 54.07 
1010 54.12 
1020 54.12 
1030 54.07 
1040 54.02 
1050 53.97 
1060 53.97 
1070 54.02 
1080 54.07 
1090 54.01 
1100 54.01 
1110 53.96 
1120 53.96 
1130 53.96 
1140 54.01 
1150 54.01 
1160 53.9 
1170 53.85 
1180 53.8 
1190 53.75 
1200 53.75 
1210 53.75 
1220 53.75 
1230 53.8 
1240 53.8 
1250 53.8 
1260 53.85 
1270 53.85 
1280 53.9 
1290 53.95 
1300 54 
1310 54 
1320 54 
1330 54.06 
1340 54.06 
1350 54.06 
1360 54.01 
1370 54.01 
1380 53.96 
1390 53.91 
1400 53.86 
1410 53.91 
1420 53.96 
1430 53.85 
1440 53.8 
1450 53.85 
1460 53.85 
1470 53.9 
1480 53.9 
1490 53.9 
1500 53.9 
1510 53.85 
1520 53.91 
1530 53.91 
1540 53.96 
1550 53.96 
1560 54.01 
1570 53.96 
1580 53.96 
1590 53.96 
1600 54.01 
1610 54.01 
1620 53.9 
1630 53.9 
1640 53.85 
1650 53.85 
1660 53.8 
1670 53.8 
1680 53.8 
1690 53.8 
1700 53.75 
1710 53.75 
1720 53.75 
1730 53.75 
1740 53.86 
1750 53.81 
1760 53.81 
1770 53.92 
1780 53.92 
1790 53.92 
1800 53.97 
1810 54.02 
1820 54.02 
1830 54.02 
1840 53.96 
1850 54.01 
1860 54.01 
1870 53.9 
1880 53.95 
1890 54 
1900 53.95 
1910 53.95 
1920 53.95 
1930 54 
1940 53.95 
1950 53.9 
1960 53.95 
1970 53.95 
1980 53.9 
1990 53.85 
2000 53.85 
2010 53.8 
2020 53.8 
2030 53.8 
2040 53.8 
2050 53.8 
2060 53.75 
2070 53.75 
2080 53.75 
2090 53.75 
2100 53.75 
2110 53.75 
2120 53.75 
2130 53.7 
2140 53.7 
2150 53.7 
2160 53.7 
2170 53.7 
2180 53.7 
2190 53.7 
2200 53.7 
2210 53.7 
2220 53.7 
2230 53.7 
2240 53.7 
2250 53.7 
2260 53.75 
2270 53.75 
2280 53.75 
2290 53.75 
2300 53.75 
2310 53.8 
2320 53.8 
2330 53.85 
2340 53.85 
2350 53.85 
2360 53.8 
2370 53.8 
2380 53.8 
2390 53.85 
2400 53.85 
2410 53.75 
2420 53.75 
2430 53.7 
2440 53.65 
2450 53.65 
2460 53.65 
2470 53.6 
2480 53.55 
2490 53.5 
2500 53.5 
2510 53.5 
2520 53.5 
2530 53.45 
2540 53.5 
2550 53.55 
2560 53.55 
2570 53.6 
2580 53.65 
2590 53.65 
2600 53.65 
2610 53.7 
2620 53.7 
2630 53.8 
2640 53.85 
2650 53.8 
2660 53.8 
2670 53.8 
2680 53.8 
2690 53.8 
2700 53.85 
2710 53.85 
2720 53.85 
2730 53.8 
2740 53.75 
2750 53.75 
2760 53.75 
2770 53.75 
2780 53.8 
2790 53.8 
2800 53.75 
2810 53.75 
2820 53.75 
2830 53.75 
2840 53.75 
2850 53.75 
2860 53.75 
2870 53.75 
2880 53.7 
2890 53.7 
2900 53.7 
2910 53.7 
2920 53.7 
2930 53.7 
2940 53.7 
2950 53.7 
2960 53.7 
2970 53.7 
2980 53.7 
2990 53.7 
3000 53.7 
3010 53.7 
3020 53.7 
3030 53.7 
3040 53.7 
3050 53.7 
3060 53.7 
3070 53.7 
3080 53.7 
3090 53.7 
3100 53.7 
3110 53.7 
3120 53.7 
3130 53.7 
3140 53.7 
3150 53.7 
3160 53.7 
3170 53.7 
3180 53.7 
3190 53.7 
3200 53.7 
3210 53.7 
3220 53.7 
3230 53.7 
3240 53.7 
3250 53.7 
3260 53.7 
3270 53.75 
3280 53.8 
3290 53.75 
3300 53.75 
3310 53.75 
3320 53.75 
3330 53.75 
3340 53.75 
3350 53.75 
3360 53.75 
3370 53.7 
3380 53.65 
3390 53.7 
3400 53.7 
3410 53.7 
3420 53.7 
3430 53.59 
3440 53.59 
3450 53.59 
3460 53.59 
3470 53.59 
3480 53.59 
3490 53.54 
3500 53.43 
3510 53.32 
3520 53.32 
3530 53.43 
3540 53.38 
3550 53.27 
3560 53.27 
3570 53.27 
3580 53.22 
3590 53.27 
3600 53.33 
3610 53.44 
3620 53.39 
3630 53.34 
3640 53.34 
3650 53.34 
3660 53.29 
3670 53.18 
3680 53.12 
3690 53.01 
3700 53.01 
3710 52.9 
3720 52.9 
3730 52.95 
3740 52.95 
3750 52.95 
3760 53 
3770 53 
3780 53 
3790 53 
3800 53 
3810 53.06 
3820 53 
3830 52.89 
3840 52.83 
3850 52.83 
3860 52.72 
3870 52.72 
3880 52.67 
3890 52.67 
3900 52.56 
3910 52.5 
3920 52.5 
3930 52.56 
3940 52.56 
3950 52.56 
3960 52.56 
3970 52.62 
3980 52.67 
3990 52.67 
4000 52.72 
4010 52.72 
4020 52.78 
4030 52.72 
4040 52.72 
4050 52.72 
4060 52.72 
4070 52.61 
4080 52.61 
4090 52.56 
4100 52.51 
4110 52.51 
4120 52.45 
4130 52.45 
4140 52.45 
4150 52.45 
4160 52.45 
4170 52.5 
4180 52.45 
4190 52.5 
4200 52.55 
4210 52.55 
4220 52.55 
4230 52.55 
4240 52.55 
4250 52.55 
4260 52.55 
4270 52.55 
4280 52.66 
4290 52.72 
4300 52.78 
4310 52.78 
4320 52.84 
4330 52.84 
4340 52.84 
4350 52.84 
4360 52.84 
4370 52.84 
4380 52.78 
4390 52.72 
4400 52.72 
4410 52.72 
4420 52.66 
4430 52.72 
4440 52.72 
4450 52.72 
4460 52.72 
4470 52.72 
4480 52.67 
4490 52.67 
4500 52.61 
4510 52.61 
4520 52.56 
4530 52.45 
4540 52.45 
4550 52.51 
4560 52.51 
4570 52.46 
4580 52.51 
4590 52.51 
4600 52.51 
4610 52.51 
4620 52.56 
4630 52.56 
4640 52.56 
4650 52.45 
4660 52.4 
4670 52.4 
4680 52.4 
4690 52.35 
4700 52.3 
4710 52.3 
4720 52.3 
4730 52.35 
4740 52.35 
4750 52.35 
4760 52.4 
4770 52.45 
4780 52.4 
4790 52.45 
4800 52.5 
4810 52.5 
4820 52.5 
4830 52.45 
4840 52.4 
4850 52.4 
4860 52.4 
4870 52.4 
4880 52.4 
4890 52.4 
4900 52.35 
4910 52.35 
4920 52.35 
4930 52.4 
4940 52.45 
4950 52.5 
4960 52.45 
4970 52.45 
4980 52.5 
4990 52.5 
5000 52.55 
5010 52.55 
5020 52.5 
5030 52.45 
5040 52.4 
5050 52.35 
5060 52.35 
5070 52.35 
5080 52.3 
5090 52.3 
5100 52.3 
5110 52.3 
5120 52.35 
5130 52.35 
5140 52.4 
5150 52.4 
5160 52.45 
5170 52.4 
5180 52.45 
5190 52.4 
5200 52.4 
5210 52.4 
5220 52.35 
5230 52.29 
5240 52.24 
5250 52.29 
5260 52.24 
5270 52.24 
5280 52.24 
5290 52.29 
5300 52.24 
5310 52.24 
5320 52.29 
5330 52.35 
5340 52.35 
5350 52.3 
5360 52.3 
5370 52.35 
5380 52.3 
5390 52.3 
5400 52.35 
5410 52.3 
5420 52.3 
5430 52.35 
5440 52.29 
5450 52.34 
5460 52.28 
5470 52.23 
5480 52.28 
5490 52.28 
5500 52.23 
5510 52.23 
5520 52.23 
5530 52.18 
5540 52.24 
5550 52.19 
5560 52.3 
5570 52.35 
5580 52.35 
5590 52.35 
5600 52.4 
5610 52.4 
5620 52.4 
5630 52.4 
5640 52.4 
5650 52.45 
5660 52.4 
5670 52.35 
5680 52.3 
5690 52.3 
5700 52.25 
5710 52.3 
5720 52.3 
5730 52.3 
5740 52.3 
5750 52.25 
5760 52.3 
5770 52.3 
5780 52.35 
5790 52.3 
5800 52.35 
5810 52.41 
5820 52.36 
5830 52.41 
5840 52.46 
5850 52.46 
5860 52.46 
5870 52.51 
5880 52.46 
5890 52.51 
5900 52.51 
5910 52.4 
5920 52.45 
5930 52.45 
5940 52.4 
5950 52.45 
5960 52.45 
5970 52.45 
5980 52.45 
5990 52.4 
6000 52.35 
6010 52.35 
6020 52.35 
6030 52.3 
6040 52.3 
6050 52.25 
6060 52.2 
6070 52.2 
6080 52.14 
6090 52.19 
6100 52.19 
6110 52.19 
6120 52.14 
6130 52.08 
6140 52.02 
6150 52.02 
6160 52.07 
6170 52.02 
6180 52.13 
6190 52.08 
6200 52.08 
6210 52.08 
6220 52.02 
6230 52.08 
6240 52.19 
6250 52.19 
6260 52.19 
6270 52.19 
6280 52.19 
6290 52.13 
6300 52.18 
6310 52.23 
6320 52.29 
6330 52.29 
6340 52.18 
6350 52.23 
6360 52.18 
6370 52.18 
6380 52.18 
6390 52.24 
6400 52.19 
6410 52.14 
6420 52.14 
6430 52.19 
6440 52.25 
6450 52.14 
6460 52.14 
6470 52.08 
6480 52.03 
6490 52.08 
6500 52.08 
6510 52.08 
6520 52.08 
6530 52.03 
6540 52.03 
6550 52.14 
6560 52.14 
6570 52.14 
6580 52.14 
6590 52.09 
6600 52.09 
6610 52.09 
6620 52.03 
6630 52.03 
6640 51.97 
6650 51.92 
6660 51.86 
6670 51.92 
6680 51.86 
6690 51.91 
6700 51.91 
6710 51.85 
6720 51.85 
6730 51.85 
6740 51.91 
6750 51.91 
6760 52.02 
6770 52.02 
6780 52.08 
6790 51.97 
6800 51.91 
6810 51.97 
6820 52.03 
6830 52.03 
6840 52.03 
6850 52.03 
6860 51.92 
6870 51.92 
6880 51.92 
6890 51.98 
6900 51.98 
6910 51.98 
6920 51.92 
6930 51.92 
6940 51.86 
6950 51.91 
6960 51.91 
6970 51.91 
6980 51.91 
6990 51.91 
7000 51.97 
7010 51.97 
7020 52.03 
7030 52.03 
7040 52.14 
7050 52.09 
7060 52.09 
7070 52.09 
7080 52.09 
7090 52.09 
7100 52.03 
7110 51.97 
7120 51.97 
7130 51.91 
7140 51.86 
7150 51.8 
7160 51.86 
7170 51.8 
7180 51.74 
7190 51.68 
7200 51.68 
7210 51.68 
7220 51.68 
7230 51.68 
7240 51.62 
7250 51.62 
7260 51.62 
7270 51.68 
7280 51.74 
7290 51.8 
7300 51.8 
7310 51.86 
7320 51.8 
7330 51.8 
7340 51.8 
7350 51.8 
7360 51.74 
7370 51.68 
7380 51.62 
7390 51.56 
7400 51.62 
7410 51.56 
7420 51.62 
7430 51.62 
7440 51.68 
7450 51.74 
7460 51.8 
7470 51.8 
7480 51.8 
7490 51.8 
7500 51.8 
7510 51.86 
7520 51.86 
7530 51.92 
7540 51.86 
7550 51.8 
7560 51.74 
7570 51.8 
7580 51.8 
7590 51.86 
7600 51.8 
7610 51.74 
7620 51.68 
7630 51.62 
7640 51.62 
7650 51.62 
7660 51.62 
7670 51.56 
7680 51.56 
7690 51.56 
7700 51.62 
7710 51.62 
7720 51.62 
7730 51.62 
7740 51.68 
7750 51.68 
7760 51.74 
7770 51.74 
7780 51.74 
7790 51.68 
7800 51.68 
7810 51.74 
7820 51.8 
7830 51.8 
7840 51.8 
7850 51.86 
7860 51.8 
7870 51.86 
7880 51.92 
7890 51.92 
7900 51.86 
7910 51.8 
7920 51.74 
7930 51.74 
7940 51.68 
7950 51.62 
7960 51.68 
7970 51.62 
7980 51.56 
7990 51.56 
8000 51.62 
8010 51.68 
8020 51.74 
8030 51.74 
8040 51.74 
8050 51.8 
8060 51.74 
8070 51.74 
8080 51.8 
8090 51.86 
8100 51.8 
8110 51.74 
8120 51.68 
8130 51.74 
8140 51.74 
8150 51.68 
8160 51.68 
8170 51.68 
8180 51.62 
8190 51.56 
8200 51.56 
8210 51.62 
8220 51.68 
8230 51.62 
8240 51.68 
8250 51.74 
8260 51.74 
8270 51.8 
8280 51.8 
8290 51.8 
8300 51.8 
8310 51.8 
8320 51.74 
8330 51.74 
8340 51.68 
8350 51.62 
8360 51.68 
8370 51.62 
8380 51.62 
8390 51.62 
8400 51.62 
8410 51.56 
8420 51.62 
8430 51.62 
8440 51.62 
8450 51.73 
8460 51.78 
8470 51.78 
8480 51.78 
8490 51.78 
8500 51.78 
8510 51.78 
8520 51.72 
8530 51.72 
8540 51.78 
8550 51.67 
8560 51.62 
8570 51.62 
8580 51.62 
8590 51.62 
8600 51.62 
8610 51.62 
8620 51.62 
8630 51.68 
8640 51.68 
8650 51.74 
8660 51.58 
8670 51.64 
8680 51.64 
8690 51.64 
8700 51.64 
8710 51.64 
8720 51.64 
8730 51.58 
8740 51.52 
8750 51.46 
8760 51.56 
8770 51.5 
8780 51.5 
8790 51.56 
8800 51.62 
8810 51.62 
8820 51.62 
8830 51.62 
8840 51.68 
8850 51.68 
8860 51.74 
8870 51.8 
8880 51.8 
8890 51.74 
8900 51.68 
8910 51.68 
8920 51.74 
8930 51.8 
8940 51.74 
8950 51.8 
8960 51.74 
8970 51.68 
8980 51.74 
8990 51.74 
9000 51.8 
9010 51.86 
9020 51.8 
9030 51.74 
9040 51.8 
9050 51.74 
9060 51.74 
9070 51.74 
9080 51.68 
9090 51.74 
9100 51.68 
9110 51.62 
9120 51.62 
9130 51.68 
9140 51.62 
9150 51.62 
9160 51.73 
9170 51.73 
9180 51.73 
9190 51.67 
9200 51.67 
9210 51.67 
9220 51.67 
9230 51.61 
9240 51.61 
9250 51.67 
9260 51.56 
9270 51.62 
9280 51.62 
9290 51.62 
9300 51.68 
9310 51.74 
9320 51.74 
9330 51.8 
9340 51.8 
9350 51.8 
9360 51.86 
9370 51.86 
9380 51.86 
9390 51.92 
9400 51.92 
9410 51.92 
9420 51.98 
9430 52.03 
9440 52.09 
9450 52.09 
9460 52.09 
9470 52.09 
9480 52.2 
9490 52.25 
9500 52.25 
9510 52.25 
9520 52.19 
9530 52.14 
9540 52.19 
9550 52.19 
9560 52.19 
9570 52.24 
9580 52.19 
9590 52.19 
9600 52.19 
9610 52.13 
9620 52.19 
9630 52.19 
9640 52.14 
9650 52.14 
9660 52.19 
9670 52.19 
9680 52.13 
9690 52.08 
9700 52.08 
9710 52.14 
9720 52.14 
9730 52.14 
9740 52.19 
9750 52.19 
9760 52.19 
9770 52.14 
9780 52.2 
9790 52.2 
9800 52.2 
9810 52.2 
9820 52.2 
9830 52.25 
9840 52.2 
9850 52.2 
9860 52.15 
9870 52.15 
9880 52.15 
9890 52.09 
9900 52.14 
9910 52.19 
9920 52.24 
9930 52.13 
9940 52.18 
9950 52.23 
9960 52.17 
9970 52.17 
9980 52.17 
9990 52.23 
10000 52.23 
10010 52.18 
10020 52.13 
10030 52.19 
10040 52.14 
10050 52.09 
10060 52.15 
10070 52.09 
10080 52.14 
10090 52.14 
10100 52.09 
10110 52.09 
10120 52.09 
10130 52.09 
10140 52.14 
10150 52.08 
10160 52.08 
10170 52.08 
10180 52.08 
10190 52.08 
10200 52.08 
10210 52.08 
10220 52.02 
10230 52.02 
10240 51.97 
10250 52.03 
10260 52.08 
10270 52.14 
10280 52.09 
10290 52.09 
10300 52.03 
10310 52.03 
10320 52.09 
10330 52.09 
10340 52.09 
10350 52.03 
10360 51.92 
10370 51.97 
10380 51.97 
10390 52.2 
10400 52.15 
10410 52.15 
10420 52.15 
10430 52.09 
10440 52.14 
10450 52.19 
10460 52.24 
10470 52.13 
10480 52.18 
10490 52.23 
10500 52.17 
10510 52.17 
10520 52.17 
10530 52.23 
10540 52.23 
10550 52.18 
10560 52.13 
10570 52.19 
10580 52.14 
10590 52.09 
10600 52.15 
10610 52.09 
10620 52.14 
10630 52.14 
10640 52.09 
10650 52.09 
10660 52.09 
10670 52.09 
10680 52.14 
10690 52.08 
10700 52.08 
10710 52.08 
10720 52.08 
10730 52.08 
10740 52.08 
10750 52.08 
10760 52.02 
10770 52.02 
10780 51.97 
10790 52.03 
10800 52.08 
10810 52.14 
10820 52.09 
10830 52.09 
10840 52.03 
10850 52.03 
10860 52.09 
10870 52.09 
10880 52.09 
10890 52.03 
10900 51.92 
10910 51.97 
10920 51.9752.2 
10930 52.15 
10940 52.15 
10950 52.15 
10960 52.09 
10970 52.14 
10980 52.19 
10990 52.24 
11000 52.13 