10 52.05 
20 57.8 
30 57.8 
40 57.8 
50 57.8 
60 57.8 
70 57.75 
80 57.7 
90 57.75 
100 57.69 
110 57.74 
120 57.79 
130 57.79 
140 57.79 
150 57.74 
160 57.63 
170 57.63 
180 57.68 
190 57.68 
200 57.79 
210 57.79 
220 57.74 
230 57.69 
240 57.64 
250 57.64 
260 57.7 
270 57.75 
280 57.75 
290 57.64 
300 57.53 
310 57.48 
320 57.42 
330 57.36 
340 57.41 
350 57.46 
360 57.46 
370 57.46 
380 57.35 
390 57.46 
400 57.52 
410 57.57 
420 57.63 
430 57.69 
440 57.69 
450 57.64 
460 57.58 
470 57.58 
480 57.69 
490 57.64 
500 57.69 
510 57.64 
520 57.69 
530 57.69 
540 57.58 
550 57.63 
560 57.63 
570 57.52 
580 57.47 
590 57.47 
600 57.42 
610 57.36 
620 57.36 
630 57.36 
640 57.42 
650 57.42 
660 57.42 
670 57.53 
680 57.58 
690 57.63 
700 57.68 
710 57.79 
720 57.79 
730 57.79 
740 57.84 
750 57.79 
760 57.85 
770 57.85 
780 57.74 
790 57.63 
800 57.58 
810 57.58 
820 57.53 
830 57.58 
840 57.53 
850 57.53 
860 57.47 
870 57.47 
880 57.58 
890 57.64 
900 57.64 
910 57.53 
920 57.58 
930 57.58 
940 57.58 
950 57.63 
960 57.69 
970 57.64 
980 57.59 
990 57.64 
1000 57.64 
1010 57.7 
1020 57.7 
1030 57.65 
1040 57.7 
1050 57.65 
1060 57.7 
1070 57.7 
1080 57.7 
1090 57.7 
1100 57.75 
1110 57.75 
1120 57.7 
1130 57.7 
1140 57.65 
1150 57.7 
1160 57.7 
1170 57.75 
1180 57.8 
1190 57.8 
1200 57.8 
1210 57.85 
1220 57.85 
1230 57.9 
1240 57.84 
1250 57.79 
1260 57.74 
1270 57.74 
1280 57.63 
1290 57.63 
1300 57.63 
1310 57.58 
1320 57.58 
1330 57.47 
1340 57.47 
1350 57.52 
1360 57.52 
1370 57.52 
1380 57.58 
1390 57.58 
1400 57.58 
1410 57.58 
1420 57.63 
1430 57.74 
1440 57.74 
1450 57.69 
1460 57.69 
1470 57.64 
1480 57.64 
1490 57.64 
1500 57.64 
1510 57.64 
1520 57.64 
1530 57.64 
1540 57.64 
1550 57.69 
1560 57.74 
1570 57.74 
1580 57.79 
1590 57.68 
1600 57.63 
1610 57.68 
1620 57.68 
1630 57.68 
1640 57.79 
1650 57.79 
1660 57.74 
1670 57.79 
1680 57.68 
1690 57.68 
1700 57.68 
1710 57.68 
1720 57.68 
1730 57.68 
1740 57.68 
1750 57.63 
1760 57.68 
1770 57.57 
1780 57.63 
1790 57.69 
1800 57.74 
1810 57.69 
1820 57.69 
1830 57.64 
1840 57.59 
1850 57.59 
1860 57.48 
1870 57.59 
1880 57.59 
1890 57.64 
1900 57.64 
1910 57.69 
1920 57.69 
1930 57.63 
1940 57.68 
1950 57.73 
1960 57.84 
1970 57.79 
1980 57.73 
1990 57.73 
2000 57.68 
2010 57.57 
2020 57.46 
2030 57.46 
2040 57.41 
2050 57.41 
2060 57.36 
2070 57.3 
2080 57.36 
2090 57.25 
2100 57.19 
2110 57.19 
2120 57.25 
2130 57.31 
2140 57.31 
2150 57.31 
2160 57.25 
2170 57.25 
2180 57.19 
2190 57.19 
2200 57.19 
2210 57.3 
2220 57.3 
2230 57.3 
2240 57.35 
2250 57.3 
2260 57.36 
2270 57.42 
2280 57.48 
2290 57.48 
2300 57.48 
2310 57.37 
2320 57.31 
2330 57.25 
2340 57.14 
2350 57.14 
2360 57.08 
2370 57.13 
2380 57.07 
2390 57.07 
2400 57.07 
2410 57.13 
2420 57.24 
2430 57.3 
2440 57.36 
2450 57.3 
2460 57.3 
2470 57.3 
2480 57.36 
2490 57.36 
2500 57.47 
2510 57.47 
2520 57.47 
2530 57.47 
2540 57.41 
2550 57.41 
2560 57.52 
2570 57.41 
2580 57.41 
2590 57.52 
2600 57.47 
2610 57.47 
2620 57.36 
2630 57.3 
2640 57.41 
2650 57.47 
2660 57.47 
2670 57.47 
2680 57.52 
2690 57.47 
2700 57.41 
2710 57.35 
2720 57.41 
2730 57.47 
2740 57.47 
2750 57.47 
2760 57.42 
2770 57.48 
2780 57.43 
2790 57.43 
2800 57.54 
2810 57.65 
2820 57.65 
2830 57.65 
2840 57.6 
2850 57.65 
2860 57.65 
2870 57.65 
2880 57.7 
2890 57.75 
2900 57.64 
2910 57.64 
2920 57.64 
2930 57.58 
2940 57.52 
2950 57.47 
2960 57.41 
2970 57.41 
2980 57.36 
2990 57.31 
3000 57.31 
3010 57.2 
3020 57.2 
3030 57.2 
3040 57.26 
3050 57.26 
3060 57.37 
3070 57.31 
3080 57.36 
3090 57.36 
3100 57.47 
3110 57.47 
3120 57.47 
3130 57.53 
3140 57.53 
3150 57.53 
3160 57.48 
3170 57.48 
3180 57.37 
3190 57.37 
3200 57.26 
3210 57.32 
3220 57.37 
3230 57.37 
3240 57.42 
3250 57.36 
3260 57.36 
3270 57.42 
3280 57.53 
3290 57.47 
3300 57.47 
3310 57.41 
3320 57.36 
3330 57.3 
3340 57.19 
3350 57.25 
3360 57.19 
3370 57.13 
3380 57.02 
3390 57.02 
3400 57.02 
3410 57.02 
3420 56.96 
3430 56.96 
3440 57.02 
3450 57.02 
3460 57.08 
3470 57.14 
3480 57.09 
3490 57.09 
3500 57.09 
3510 57.09 
3520 57.09 
3530 57.09 
3540 57.03 
3550 56.97 
3560 56.91 
3570 56.85 
3580 56.9 
3590 56.85 
3600 56.85 
3610 56.85 
3620 56.85 
3630 56.85 
3640 56.85 
3650 56.85 
3660 56.8 
3670 56.8 
3680 56.8 
3690 56.85 
3700 56.85 
3710 56.85 
3720 56.8 
3730 56.8 
3740 56.75 
3750 56.64 
3760 56.69 
3770 56.64 
3780 56.59 
3790 56.54 
3800 56.49 
3810 56.49 
3820 56.49 
3830 56.44 
3840 56.44 
3850 56.55 
3860 56.44 
3870 56.49 
3880 56.54 
3890 56.54 
3900 56.59 
3910 56.48 
3920 56.48 
3930 56.53 
3940 56.58 
3950 56.53 
3960 56.64 
3970 56.64 
3980 56.59 
3990 56.64 
4000 56.64 
4010 56.7 
4020 56.64 
4030 56.59 
4040 56.54 
4050 56.59 
4060 56.54 
4070 56.54 
4080 56.48 
4090 56.48 
4100 56.37 
4110 56.37 
4120 56.48 
4130 56.53 
4140 56.53 
4150 56.42 
4160 56.47 
4170 56.47 
4180 56.53 
4190 56.48 
4200 56.54 
4210 56.59 
4220 56.59 
4230 56.59 
4240 56.59 
4250 56.7 
4260 56.7 
4270 56.65 
4280 56.7 
4290 56.7 
4300 56.7 
4310 56.65 
4320 56.65 
4330 56.6 
4340 56.65 
4350 56.6 
4360 56.55 
4370 56.55 
4380 56.5 
4390 56.44 
4400 56.49 
4410 56.54 
4420 56.54 
4430 56.54 
4440 56.43 
4450 56.48 
4460 56.48 
4470 56.48 
4480 56.42 
4490 56.48 
4500 56.43 
4510 56.43 
4520 56.38 
4530 56.43 
4540 56.43 
4550 56.38 
4560 56.38 
4570 56.32 
4580 56.38 
4590 56.32 
4600 56.37 
4610 56.32 
4620 56.26 
4630 56.15 
4640 56.21 
4650 56.15 
4660 56.15 
4670 56.21 
4680 56.15 
4690 56.15 
4700 56.1 
4710 56.1 
4720 56.1 
4730 56.1 
4740 56.1 
4750 56.16 
4760 56.16 
4770 56.1 
4780 56.16 
4790 56.22 
4800 56.22 
4810 56.22 
4820 56.22 
4830 56.22 
4840 56.16 
4850 56.1 
4860 56.04 
4870 56.04 
4880 56.09 
4890 56.03 
4900 55.97 
4910 55.91 
4920 55.97 
4930 55.97 
4940 55.97 
4950 55.97 
4960 55.97 
4970 55.97 
4980 55.92 
4990 55.92 
5000 56.03 
5010 56.14 
5020 56.08 
5030 56.08 
5040 56.08 
5050 56.08 
5060 56.08 
5070 56.14 
5080 56.08 
5090 56.14 
5100 56.09 
5110 56.04 
5120 56.04 
5130 56.04 
5140 56.04 
5150 56.1 
5160 56.16 
5170 56.1 
5180 56.1 
5190 56.1 
5200 56.1 
5210 56.1 
5220 56.16 
5230 56.22 
5240 56.22 
5250 56.16 
5260 56.1 
5270 56.1 
5280 56.1 
5290 56.1 
5300 56.1 
5310 56.15 
5320 56.09 
5330 56.03 
5340 56.14 
5350 56.14 
5360 56.14 
5370 56.2 
5380 56.26 
5390 56.2 
5400 56.14 
5410 56.03 
5420 56.09 
5430 56.15 
5440 56.1 
5450 56.1 
5460 56.1 
5470 56.04 
5480 56.04 
5490 56.04 
5500 56.1 
5510 56.16 
5520 56.16 
5530 56.16 
5540 56.1 
5550 56.1 
5560 56.16 
5570 56.16 
5580 56.1 
5590 56.1 
5600 56.04 
5610 55.98 
5620 55.98 
5630 55.92 
5640 55.92 
5650 55.92 
5660 55.86 
5670 55.86 
5680 55.86 
5690 55.92 
5700 55.98 
5710 56.04 
5720 55.98 
5730 56.04 
5740 56.1 
5750 56.1 
5760 56.1 
5770 56.1 
5780 56.16 
5790 56.1 
5800 56.04 
5810 55.98 
5820 56.04 
5830 55.98 
5840 55.92 
5850 55.92 
5860 55.92 
5870 55.98 
5880 55.98 
5890 55.98 
5900 55.98 
5910 55.98 
5920 55.92 
5930 55.98 
5940 55.98 
5950 55.98 
5960 55.98 
5970 55.92 
5980 55.86 
5990 55.86 
6000 55.86 
6010 55.86 
6020 55.86 
6030 55.8 
6040 55.8 
6050 55.8 
6060 55.8 
6070 55.8 
6080 55.8 
6090 55.8 
6100 55.86 
6110 55.86 
6120 55.86 
6130 55.92 
6140 55.92 
6150 55.92 
6160 55.92 
6170 55.98 
6180 55.98 
6190 55.98 
6200 55.92 
6210 55.87 
6220 55.93 
6230 55.87 
6240 55.87 
6250 55.87 
6260 55.87 
6270 55.81 
6280 55.81 
6290 55.81 
6300 55.81 
6310 55.86 
6320 55.8 
6330 55.8 
6340 55.86 
6350 55.86 
6360 55.86 
6370 55.86 
6380 55.86 
6390 55.86 
6400 55.86 
6410 55.86 
6420 55.86 
6430 55.92 
6440 55.86 
6450 55.86 
6460 55.86 
6470 55.86 
6480 55.86 
6490 55.86 
6500 55.86 
6510 55.86 
6520 55.86 
6530 55.8 
6540 55.86 
6550 55.86 
6560 55.86 
6570 55.86 
6580 55.86 
6590 55.92 
6600 55.92 
6610 55.92 
6620 55.92 
6630 55.92 
6640 55.86 
6650 55.86 
6660 55.86 
6670 55.86 
6680 55.81 
6690 55.75 
6700 55.75 
6710 55.75 
6720 55.75 
6730 55.75 
6740 55.75 
6750 55.75 
6760 55.75 
6770 55.7 
6780 55.75 
6790 55.7 
6800 55.7 
6810 55.7 
6820 55.7 
6830 55.7 
6840 55.7 
6850 55.6 
6860 55.6 
6870 55.65 
6880 55.6 
6890 55.65 
6900 55.6 
6910 55.66 
6920 55.66 
6930 55.66 
6940 55.66 
6950 55.76 
6960 55.76 
6970 55.76 
6980 55.81 
6990 55.81 
7000 55.86 
7010 55.8 
7020 55.8 
7030 55.8 
7040 55.86 
7050 55.86 
7060 55.86 
7070 55.86 
7080 55.86 
7090 55.86 
7100 55.86 
7110 55.92 
7120 55.92 
7130 55.87 
7140 55.81 
7150 55.81 
7160 55.81 
7170 55.76 
7180 55.76 
7190 55.76 
7200 55.76 
7210 55.7 
7220 55.7 
7230 55.75 
7240 55.7 
7250 55.65 
7260 55.65 
7270 55.7 
7280 55.7 
7290 55.7 
7300 55.7 
7310 55.7 
7320 55.7 
7330 55.65 
7340 55.7 
7350 55.75 
7360 55.7 
7370 55.65 
7380 55.6 
7390 55.6 
7400 55.55 
7410 55.55 
7420 55.55 
7430 55.6 
7440 55.6 
7450 55.55 
7460 55.5 
7470 55.55 
7480 55.5 
7490 55.5 
7500 55.55 
7510 55.5 
7520 55.5 
7530 55.4 
7540 55.4 
7550 55.45 
7560 55.45 
7570 55.4 
7580 55.5 
7590 55.45 
7600 55.45 
7610 55.5 
7620 55.5 
7630 55.6 
7640 55.6 
7650 55.5 
7660 55.6 
7670 55.65 
7680 55.65 
7690 55.65 
7700 55.65 
7710 55.65 
7720 55.65 
7730 55.65 
7740 55.65 
7750 55.7 
7760 55.7 
7770 55.7 
7780 55.65 
7790 55.7 
7800 55.7 
7810 55.65 
7820 55.65 
7830 55.65 
7840 55.65 
7850 55.65 
7860 55.55 
7870 55.55 
7880 55.6 
7890 55.6 
7900 55.55 
7910 55.6 
7920 55.6 
7930 55.6 
7940 55.55 
7950 55.6 
7960 55.7 
7970 55.7 
7980 55.7 
7990 55.65 
8000 55.65 
8010 55.55 
8020 55.55 
8030 55.45 
8040 55.5 
8050 55.5 
8060 55.5 
8070 55.5 
8080 55.45 
8090 55.45 
8100 55.5 
8110 55.6 
8120 55.6 
8130 55.6 
8140 55.55 
8150 55.5 
8160 55.45 
8170 55.4 
8180 55.4 
8190 55.4 
8200 55.35 
8210 55.35 
8220 55.35 
8230 55.4 
8240 55.4 
8250 55.45 
8260 55.45 
8270 55.5 
8280 55.5 
8290 55.5 
8300 55.5 
8310 55.5 
8320 55.5 
8330 55.5 
8340 55.5 
8350 55.45 
8360 55.4 
8370 55.4 
8380 55.45 
8390 55.45 
8400 55.45 
8410 55.45 
8420 55.35 
8430 55.4 
8440 55.45 
8450 55.5 
8460 55.55 
8470 55.55 
8480 55.5 
8490 55.55 
8500 55.5 
8510 55.45 
8520 55.45 
8530 55.45 
8540 55.4 
8550 55.3 
8560 55.3 
8570 55.2 
8580 55.2 
8590 55.15 
8600 55.2 
8610 55.25 
8620 55.25 
8630 55.2 
8640 55.2 
8650 55.3 
8660 55.3 
8670 55.3 
8680 55.35 
8690 55.3 
8700 55.3 
8710 55.3 
8720 55.35 
8730 55.3 
8740 55.35 
8750 55.35 
8760 55.3 
8770 55.35 
8780 55.3 
8790 55.3 
8800 55.3 
8810 55.3 
8820 55.35 
8830 55.4 
8840 55.4 
8850 55.4 
8860 55.5 
8870 55.5 
8880 55.45 
8890 55.5 
8900 55.45 
8910 55.35 
8920 55.35 
8930 55.3 
8940 55.25 
8950 55.2 
8960 55.15 
8970 55.15 
8980 55.2 
8990 55.25 
9000 55.35 
9010 55.4 
9020 55.4 
9030 55.5 
9040 55.55 
9050 55.5 
9060 55.55 
9070 55.6 
9080 55.65 
9090 55.55 
9100 55.5 
9110 55.45 
9120 55.4 
9130 55.3 
9140 55.25 
9150 55.35 
9160 55.3 
9170 55.25 
9180 55.25 
9190 55.35 
9200 55.4 
9210 55.45 
9220 55.45 
9230 55.5 
9240 55.5 
9250 55.5 
9260 55.55 
9270 55.55 
9280 55.5 
9290 55.5 
9300 55.5 
9310 55.5 
9320 55.5 
9330 55.55 
9340 55.6 
9350 55.6 
9360 55.6 
9370 55.65 
9380 55.6 
9390 55.6 
9400 55.6 
9410 55.65 
9420 55.7 
9430 55.65 
9440 55.6 
9450 55.6 
9460 55.6 
9470 55.6 
9480 55.7 
9490 55.7 
9500 55.7 
9510 55.7 
9520 55.6 
9530 55.65 
9540 55.7 
9550 55.7 
9560 55.7 
9570 55.7 
9580 55.7 
9590 55.7 
9600 55.7 
9610 55.7 
9620 55.86 
9630 55.86 
9640 55.86 
9650 55.86 
9660 55.86 
9670 55.86 
9680 55.86 
9690 55.86 
9700 55.86 
9710 55.86 
9720 55.8 
9730 55.8 
9740 55.8 
9750 55.8 
9760 55.86 
9770 55.92 
9780 55.92 
9790 55.92 
9800 55.92 
9810 55.87 
9820 55.87 
9830 55.87 
9840 55.87 
9850 55.87 
9860 55.81 
9870 55.75 
9880 55.75 
9890 55.75 
9900 55.75 
9910 55.8 
9920 55.8 
9930 55.8 
9940 55.8 
9950 55.8 
9960 55.8 
9970 55.8 
9980 55.8 
9990 55.8 
10000 55.8 
10010 55.8 
10020 55.8 
10030 55.8 
10040 55.8 
10050 55.75 
10060 55.75 
10070 55.7 
10080 55.6 
10090 55.6 
10100 55.6 
10110 55.6 
10120 55.6 
10130 55.6 
10140 55.6 
10150 55.65 
10160 55.65 
10170 55.7 
10180 55.8 
10190 55.8 
10200 55.75 
10210 55.75 
10220 55.75 
10230 55.75 
10240 55.7 
10250 55.7 
10260 55.7 
10270 55.7 
10280 55.65 
10290 55.65 
10300 55.7 
10310 55.7 
10320 55.7 
10330 55.65 
10340 55.7 
10350 55.7 
10360 55.7 
10370 55.7 
10380 55.75 
10390 55.8 
10400 55.86 
10410 55.92 
10420 55.92 
10430 55.92 
10440 55.92 
10450 55.87 
10460 55.87 
10470 55.87 
10480 55.87 
10490 55.87 
10500 55.81 
10510 55.75 
10520 55.75 
10530 55.75 
10540 55.75 
10550 55.8 
10560 55.8 
10570 55.8 
10580 55.8 
10590 55.8 
10600 55.8 
10610 55.8 
10620 55.8 
10630 55.8 
10640 55.8 
10650 55.8 
10660 55.8 
10670 55.8 
10680 55.8 
10690 55.75 
10700 55.75 
10710 55.7 
10720 55.6 
10730 55.6 
10740 55.6 
10750 55.6 
10760 55.6 
10770 55.6 
10780 55.6 
10790 55.65 
10800 55.65 
10810 55.7 
10820 55.8 
10830 55.8 
10840 55.75 
10850 55.75 
10860 55.75 
10870 55.75 
10880 55.7 
10890 55.7 
10900 55.7 
10910 55.7 
10920 55.65 
10930 55.65 
10940 55.7 
10950 55.7 
10960 55.7 
10970 55.65 
10980 55.7 
10990 55.7 
11000 55.7 