10 49.87 
20 49.82 
30 49.82 
40 49.76 
50 49.82 
60 49.82 
70 49.77 
80 49.88 
90 49.93 
100 49.98 
110 49.98 
120 49.98 
130 50.04 
140 50.04 
150 49.93 
160 49.82 
170 49.87 
180 49.81 
190 49.81 
200 49.76 
210 49.76 
220 49.87 
230 49.81 
240 49.81 
250 49.81 
260 49.81 
270 49.87 
280 49.93 
290 49.93 
300 50.04 
310 50.1 
320 50.04 
330 50.1 
340 50.1 
350 50.15 
360 50.2 
370 50.14 
380 50.08 
390 50.14 
400 50.08 
410 50.08 
420 50.08 
430 50.08 
440 50.19 
450 50.14 
460 50.14 
470 50.14 
480 50.14 
490 50.08 
500 50.14 
510 50.08 
520 50.14 
530 50.08 
540 49.97 
550 50.08 
560 50.03 
570 50.09 
580 50.15 
590 50.21 
600 50.21 
610 50.21 
620 50.15 
630 50.1 
640 50.1 
650 50.04 
660 50.09 
670 50.03 
680 49.97 
690 49.91 
700 49.91 
710 49.91 
720 49.97 
730 50.02 
740 50.02 
750 50.02 
760 50.02 
770 50.02 
780 50.08 
790 50.03 
800 49.97 
810 49.97 
820 49.91 
830 49.91 
840 49.91 
850 49.97 
860 50.03 
870 50.09 
880 50.09 
890 50.14 
900 50.09 
910 50.15 
920 50.21 
930 50.27 
940 50.27 
950 50.27 
960 50.27 
970 50.16 
980 50.16 
990 50.22 
1000 50.22 
1010 50.16 
1020 50.16 
1030 50.16 
1040 50.11 
1050 50.05 
1060 50.05 
1070 50.1 
1080 50.1 
1090 49.99 
1100 50.1 
1110 50.1 
1120 50.04 
1130 49.98 
1140 50.03 
1150 50.09 
1160 50.09 
1170 50.09 
1180 50.03 
1190 50.14 
1200 50.08 
1210 50.08 
1220 50.08 
1230 50.03 
1240 49.98 
1250 49.87 
1260 49.81 
1270 49.81 
1280 49.81 
1290 49.75 
1300 49.7 
1310 49.7 
1320 49.7 
1330 49.7 
1340 49.81 
1350 49.81 
1360 49.76 
1370 49.71 
1380 49.71 
1390 49.77 
1400 49.77 
1410 49.77 
1420 49.72 
1430 49.77 
1440 49.66 
1450 49.71 
1460 49.71 
1470 49.71 
1480 49.71 
1490 49.6 
1500 49.71 
1510 49.71 
1520 49.71 
1530 49.66 
1540 49.66 
1550 49.66 
1560 49.66 
1570 49.66 
1580 49.66 
1590 49.66 
1600 49.6 
1610 49.55 
1620 49.55 
1630 49.6 
1640 49.65 
1650 49.6 
1660 49.6 
1670 49.6 
1680 49.55 
1690 49.55 
1700 49.55 
1710 49.55 
1720 49.55 
1730 49.55 
1740 49.5 
1750 49.5 
1760 49.55 
1770 49.6 
1780 49.65 
1790 49.65 
1800 49.6 
1810 49.6 
1820 49.6 
1830 49.55 
1840 49.55 
1850 49.55 
1860 49.5 
1870 49.5 
1880 49.56 
1890 49.56 
1900 49.67 
1910 49.67 
1920 49.72 
1930 49.72 
1940 49.77 
1950 49.77 
1960 49.82 
1970 49.82 
1980 49.76 
1990 49.76 
2000 49.65 
2010 49.65 
2020 49.6 
2030 49.6 
2040 49.66 
2050 49.66 
2060 49.61 
2070 49.56 
2080 49.51 
2090 49.51 
2100 49.51 
2110 49.56 
2120 49.56 
2130 49.56 
2140 49.45 
2150 49.45 
2160 49.45 
2170 49.5 
2180 49.5 
2190 49.55 
2200 49.55 
2210 49.5 
2220 49.55 
2230 49.55 
2240 49.55 
2250 49.55 
2260 49.6 
2270 49.55 
2280 49.6 
2290 49.55 
2300 49.66 
2310 49.71 
2320 49.71 
2330 49.76 
2340 49.76 
2350 49.76 
2360 49.71 
2370 49.71 
2380 49.66 
2390 49.66 
2400 49.55 
2410 49.5 
2420 49.45 
2430 49.4 
2440 49.4 
2450 49.4 
2460 49.4 
2470 49.45 
2480 49.45 
2490 49.45 
2500 49.45 
2510 49.45 
2520 49.5 
2530 49.5 
2540 49.5 
2550 49.5 
2560 49.5 
2570 49.45 
2580 49.45 
2590 49.45 
2600 49.45 
2610 49.45 
2620 49.4 
2630 49.4 
2640 49.4 
2650 49.4 
2660 49.4 
2670 49.4 
2680 49.4 
2690 49.4 
2700 49.45 
2710 49.5 
2720 49.5 
2730 49.5 
2740 49.5 
2750 49.5 
2760 49.5 
2770 49.5 
2780 49.55 
2790 49.55 
2800 49.5 
2810 49.5 
2820 49.5 
2830 49.5 
2840 49.5 
2850 49.5 
2860 49.55 
2870 49.55 
2880 49.5 
2890 49.5 
2900 49.5 
2910 49.45 
2920 49.4 
2930 49.4 
2940 49.4 
2950 49.4 
2960 49.35 
2970 49.35 
2980 49.35 
2990 49.35 
3000 49.35 
3010 49.35 
3020 49.4 
3030 49.4 
3040 49.4 
3050 49.4 
3060 49.45 
3070 49.45 
3080 49.45 
3090 49.45 
3100 49.45 
3110 49.45 
3120 49.45 
3130 49.45 
3140 49.45 
3150 49.5 
3160 49.45 
3170 49.45 
3180 49.5 
3190 49.5 
3200 49.5 
3210 49.5 
3220 49.5 
3230 49.5 
3240 49.5 
3250 49.45 
3260 49.5 
3270 49.5 
3280 49.56 
3290 49.56 
3300 49.56 
3310 49.61 
3320 49.61 
3330 49.66 
3340 49.66 
3350 49.77 
3360 49.72 
3370 49.72 
3380 49.61 
3390 49.61 
3400 49.66 
3410 49.61 
3420 49.61 
3430 49.56 
3440 49.61 
3450 49.5 
3460 49.5 
3470 49.5 
3480 49.5 
3490 49.5 
3500 49.45 
3510 49.45 
3520 49.45 
3530 49.5 
3540 49.45 
3550 49.45 
3560 49.45 
3570 49.45 
3580 49.45 
3590 49.45 
3600 49.45 
3610 49.45 
3620 49.45 
3630 49.4 
3640 49.4 
3650 49.45 
3660 49.45 
3670 49.45 
3680 49.45 
3690 49.45 
3700 49.45 
3710 49.45 
3720 49.5 
3730 49.5 
3740 49.55 
3750 49.5 
3760 49.5 
3770 49.5 
3780 49.5 
3790 49.5 
3800 49.5 
3810 49.5 
3820 49.45 
3830 49.4 
3840 49.35 
3850 49.35 
3860 49.35 
3870 49.35 
3880 49.35 
3890 49.35 
3900 49.35 
3910 49.35 
3920 49.35 
3930 49.4 
3940 49.45 
3950 49.45 
3960 49.45 
3970 49.45 
3980 49.34 
3990 49.34 
4000 49.34 
4010 49.29 
4020 49.29 
4030 49.34 
4040 49.29 
4050 49.29 
4060 49.29 
4070 49.29 
4080 49.4 
4090 49.4 
4100 49.4 
4110 49.45 
4120 49.45 
4130 49.4 
4140 49.4 
4150 49.4 
4160 49.45 
4170 49.5 
4180 49.58 
4190 49.66 
4200 49.74 
4210 49.82 
4220 49.845 
4230 49.845 
4240 49.845 
4250 49.87 
4260 49.845 
4270 49.82 
4280 49.79 
4290 49.79 
4300 49.82 
4310 49.795 
4320 49.825 
4330 49.905 
4340 49.955 
4350 49.98 
4360 49.98 
4370 50.01 
4380 50.04 
4390 49.985 
4400 49.875 
4410 49.845 
4420 49.84 
4430 49.81 
4440 49.785 
4450 49.76 
4460 49.815 
4470 49.84 
4480 49.81 
4490 49.81 
4500 49.81 
4510 49.84 
4520 49.9 
4530 49.93 
4540 49.985 
4550 50.07 
4560 50.07 
4570 50.07 
4580 50.1 
4590 50.125 
4600 50.175 
4610 50.17 
4620 50.11 
4630 50.11 
4640 50.11 
4650 50.08 
4660 50.08 
4670 50.08 
4680 50.135 
4690 50.165 
4700 50.14 
4710 50.14 
4720 50.14 
4730 50.11 
4740 50.11 
4750 50.11 
4760 50.11 
4770 50.11 
4780 50.025 
4790 50.025 
4800 50.055 
4810 50.06 
4820 50.12 
4830 50.18 
4840 50.21 
4850 50.21 
4860 50.18 
4870 50.125 
4880 50.1 
4890 50.07 
4900 50.065 
4910 50.06 
4920 50 
4930 49.94 
4940 49.91 
4950 49.91 
4960 49.94 
4970 49.995 
4980 50.02 
4990 50.02 
5000 50.02 
5010 50.02 
5020 50.05 
5030 50.055 
5040 50 
5050 49.97 
5060 49.94 
5070 49.91 
5080 49.91 
5090 49.94 
5100 50 
5110 50.06 
5120 50.09 
5130 50.115 
5140 50.115 
5150 50.12 
5160 50.18 
5170 50.24 
5180 50.27 
5190 50.27 
5200 50.27 
5210 50.215 
5220 50.16 
5230 50.19 
5240 50.22 
5250 50.19 
5260 50.16 
5270 50.16 
5280 50.135 
5290 50.08 
5300 50.05 
5310 50.075 
5320 50.1 
5330 50.045 
5340 50.045 
5350 50.1 
5360 50.07 
5370 50.01 
5380 50.005 
5390 50.06 
5400 50.09 
5410 50.09 
5420 50.06 
5430 50.085 
5440 50.11 
5450 50.08 
5460 50.08 
5470 50.055 
5480 50.005 
5490 49.925 
5500 49.84 
5510 49.81 
5520 49.81 
5530 49.78 
5540 49.725 
5550 49.7 
5560 49.7 
5570 49.7 
5580 49.755 
5590 49.81 
5600 49.785 
5610 49.735 
5620 49.71 
5630 49.74 
5640 49.77 
5650 49.77 
5660 49.745 
5670 49.745 
5680 49.715 
5690 49.685 
5700 49.71 
5710 49.71 
5720 49.71 
5730 49.655 
5740 49.655 
5750 49.71 
5760 49.71 
5770 49.685 
5780 49.66 
5790 49.66 
5800 49.66 
5810 49.66 
5820 49.66 
5830 49.66 
5840 49.63 
5850 49.575 
5860 49.55 
5870 49.575 
5880 49.625 
5890 49.625 
5900 49.6 
5910 49.6 
5920 49.575 
5930 49.55 
5940 49.55 
5950 49.55 
5960 49.55 
5970 49.55 
5980 49.525 
5990 49.5 
6000 49.525 
6010 49.575 
6020 49.625 
6030 49.65 
6040 49.625 
6050 49.6 
6060 49.6 
6070 49.575 
6080 49.55 
6090 49.55 
6100 49.525 
6110 49.5 
6120 49.53 
6130 49.56 
6140 49.615 
6150 49.67 
6160 49.695 
6170 49.72 
6180 49.745 
6190 49.77 
6200 49.795 
6210 49.82 
6220 49.79 
6230 49.76 
6240 49.705 
6250 49.65 
6260 49.625 
6270 49.6 
6280 49.63 
6290 49.66 
6300 49.635 
6310 49.585 
6320 49.535 
6330 49.51 
6340 49.51 
6350 49.535 
6360 49.56 
6370 49.56 
6380 49.505 
6390 49.45 
6400 49.45 
6410 49.475 
6420 49.5 
6430 49.525 
6440 49.55 
6450 49.525 
6460 49.525 
6470 49.55 
6480 49.55 
6490 49.55 
6500 49.575 
6510 49.575 
6520 49.575 
6530 49.575 
6540 49.605 
6550 49.685 
6560 49.71 
6570 49.735 
6580 49.76 
6590 49.76 
6600 49.735 
6610 49.71 
6620 49.685 
6630 49.66 
6640 49.605 
6650 49.525 
6660 49.475 
6670 49.425 
6680 49.4 
6690 49.4 
6700 49.4 
6710 49.425 
6720 49.45 
6730 49.45 
6740 49.45 
6750 49.45 
6760 49.475 
6770 49.5 
6780 49.5 
6790 49.5 
6800 49.5 
6810 49.475 
6820 49.45 
6830 49.45 
6840 49.45 
6850 49.45 
6860 49.425 
6870 49.4 
6880 49.4 
6890 49.4 
6900 49.4 
6910 49.4 
6920 49.4 
6930 49.4 
6940 49.425 
6950 49.475 
6960 49.5 
6970 49.5 
6980 49.5 
6990 49.5 
7000 49.5 
7010 49.5 
7020 49.525 
7030 49.55 
7040 49.525 
7050 49.5 
7060 49.5 
7070 49.5 
7080 49.5 
7090 49.5 
7100 49.525 
7110 49.55 
7120 49.525 
7130 49.5 
7140 49.5 
7150 49.475 
7160 49.425 
7170 49.4 
7180 49.4 
7190 49.4 
7200 49.375 
7210 49.35 
7220 49.35 
7230 49.35 
7240 49.35 
7250 49.35 
7260 49.375 
7270 49.4 
7280 49.4 
7290 49.4 
7300 49.425 
7310 49.45 
7320 49.45 
7330 49.45 
7340 49.45 
7350 49.45 
7360 49.45 
7370 49.45 
7380 49.45 
7390 49.475 
7400 49.475 
7410 49.45 
7420 49.475 
7430 49.5 
7440 49.5 
7450 49.5 
7460 49.5 
7470 49.5 
7480 49.5 
7490 49.475 
7500 49.475 
7510 49.5 
7520 49.53 
7530 49.56 
7540 49.56 
7550 49.585 
7560 49.61 
7570 49.635 
7580 49.66 
7590 49.715 
7600 49.745 
7610 49.72 
7620 49.665 
7630 49.61 
7640 49.635 
7650 49.635 
7660 49.61 
7670 49.585 
7680 49.585 
7690 49.555 
7700 49.5 
7710 49.5 
7720 49.5 
7730 49.5 
7740 49.475 
7750 49.45 
7760 49.45 
7770 49.475 
7780 49.475 
7790 49.45 
7800 49.45 
7810 49.45 
7820 49.45 
7830 49.45 
7840 49.45 
7850 49.45 
7860 49.45 
7870 49.425 
7880 49.4 
7890 49.425 
7900 49.45 
7910 49.45 
7920 49.45 
7930 49.45 
7940 49.45 
7950 49.45 
7960 49.475 
7970 49.5 
7980 49.525 
7990 49.525 
8000 49.5 
8010 49.5 
8020 49.5 
8030 49.5 
8040 49.5 
8050 49.5 
8060 49.475 
8070 49.425 
8080 49.375 
8090 49.35 
8100 49.35 
8110 49.35 
8120 49.35 
8130 49.35 
8140 49.35 
8150 49.35 
8160 49.35 
8170 49.375 
8180 49.425 
8190 49.45 
8200 49.45 
8210 49.45 
8220 49.395 
8230 49.34 
8240 49.34 
8250 49.315 
8260 49.29 
8270 49.315 
8280 49.315 
8290 49.29 
8300 49.29 
8310 49.29 
8320 49.345 
8330 49.4 
8340 49.4 
8350 49.425 
8360 49.45 
8370 49.425 
8380 49.4 
8390 49.4 
8400 49.425 
8410 49.475 
8420 49.555 
8430 49.635 
8440 49.715 
8450 49.795 
8460 49.82 
8470 49.82 
8480 49.82 
8490 49.845 
8500 49.845 
8510 49.82 
8520 49.79 
8530 49.79 
8540 49.82 
8550 49.795 
8560 49.825 
8570 49.905 
8580 49.955 
8590 49.98 
8600 49.98 
8610 50.01 
8620 50.04 
8630 49.985 
8640 49.875 
8650 49.845 
8660 49.84 
8670 49.81 
8680 49.785 
8690 49.76 
8700 49.815 
8710 49.84 
8720 49.81 
8730 49.81 
8740 49.81 
8750 49.84 
8760 49.9 
8770 49.93 
8780 49.985 
8790 50.07 
8800 50.07 
8810 50.07 
8820 50.1 
8830 50.125 
8840 50.175 
8850 50.17 
8860 50.11 
8870 50.11 
8880 50.11 
8890 50.08 
8900 50.08 
8910 50.08 
8920 50.135 
8930 50.165 
8940 50.14 
8950 50.14 
8960 50.14 
8970 50.11 
8980 50.11 
8990 50.11 
9000 50.11 
9010 50.11 
9020 50.025 
9030 50.025 
9040 50.055 
9050 50.06 
9060 50.12 
9070 50.18 
9080 50.21 
9090 50.21 
9100 50.18 
9110 50.125 
9120 50.1 
9130 50.07 
9140 50.065 
9150 50.06 
9160 50 
9170 49.94 
9180 49.91 
9190 49.91 
9200 49.94 
9210 49.995 
9220 50.02 
9230 50.02 
9240 50.02 
9250 50.02 
9260 50.05 
9270 50.055 
9280 50 
9290 49.97 
9300 49.94 
9310 49.91 
9320 49.91 
9330 49.94 
9340 50 
9350 50.06 
9360 50.09 
9370 50.115 
9380 50.115 
9390 50.12 
9400 50.18 
9410 50.24 
9420 50.27 
9430 50.27 
9440 50.27 
9450 50.215 
9460 50.16 
9470 50.19 
9480 50.22 
9490 50.19 
9500 50.16 
9510 50.16 
9520 50.135 
9530 50.08 
9540 50.05 
9550 50.075 
9560 50.1 
9570 50.045 
9580 50.045 
9590 50.1 
9600 50.07 
9610 50.01 
9620 50.005 
9630 50.06 
9640 50.09 
9650 50.09 
9660 50.06 
9670 50.085 
9680 50.11 
9690 50.08 
9700 50.08 
9710 50.055 
9720 50.005 
9730 49.925 
9740 49.84 
9750 49.81 
9760 49.81 
9770 49.78 
9780 49.725 
9790 49.7 
9800 49.7 
9810 49.7 
9820 49.755 
9830 49.81 
9840 49.785 
9850 49.735 
9860 49.71 
9870 49.74 
9880 49.77 
9890 49.77 
9900 49.745 
9910 49.745 
9920 49.715 
9930 49.685 
9940 49.71 
9950 49.71 
9960 49.71 
9970 49.655 
9980 49.655 
9990 49.71 
10000 49.71 
10010 49.685 
10020 49.66 
10030 49.66 
10040 49.66 
10050 49.66 
10060 49.66 
10070 49.66 
10080 49.63 
10090 49.575 
10100 49.55 
10110 49.575 
10120 49.625 
10130 49.625 
10140 49.6 
10150 49.6 
10160 49.575 
10170 49.55 
10180 49.55 
10190 49.55 
10200 49.55 
10210 49.55 
10220 49.525 
10230 49.5 
10240 49.525 
10250 49.575 
10260 49.625 
10270 49.65 
10280 49.625 
10290 49.6 
10300 49.6 
10310 49.575 
10320 49.55 
10330 49.55 
10340 49.525 
10350 49.5 
10360 49.53 
10370 49.56 
10380 49.615 
10390 49.67 
10400 49.695 
10410 49.72 
10420 49.745 
10430 49.77 
10440 49.795 
10450 49.82 
10460 49.79 
10470 49.76 
10480 49.705 
10490 49.65 
10500 49.625 
10510 49.6 
10520 49.63 
10530 49.66 
10540 49.635 
10550 49.585 
10560 49.535 
10570 49.51 
10580 49.51 
10590 49.535 
10600 49.56 
10610 49.56 
10620 49.505 
10630 49.45 
10640 49.45 
10650 49.475 
10660 49.5 
10670 49.525 
10680 49.55 
10690 49.525 
10700 49.525 
10710 49.55 
10720 49.55 
10730 49.55 
10740 49.575 
10750 49.575 
10760 49.575 
10770 49.575 
10780 49.605 
10790 49.685 
10800 49.71 
10810 49.735 
10820 49.76 
10830 49.76 
10840 49.735 
10850 49.71 
10860 49.685 
10870 49.66 
10880 49.605 
10890 49.525 
10900 49.475 
10910 49.425 
10920 49.4 
10930 49.4 
10940 49.4 
10950 49.425 
10960 49.45 
10970 49.45 
10980 49.45 
10990 49.45 
11000 49.475