10 54.8
20 54.8
30 55.8
40 55.8
50 55.8
60 56.4
70 56.9
80 56.4
90 56.4
100 56.4
110 56.4
120 56.9
130 56.4
140 56.9
150 56.4
160 56.4
170 56.9
180 56.4
190 56.4
200 56.4
210 56.4
220 55.8
230 57.5
240 57.5
250 56.9
260 56.4
270 56.9
280 56.4
290 56.4
300 56.4
310 56.9
320 56.9
330 56.4
340 55.8
350 56.9
360 56.9
370 56.9
380 56.9
390 56.9
400 56.9
410 56.9
420 56.9
430 56.9
440 56.9
450 56.4
460 56.9
470 56.9
480 56.9
490 56.9
500 56.9
510 56.4
520 56.9
530 56.9
540 56.9
550 56.9
560 56.9
570 56.9
580 56.9
590 56.9
600 56.9
610 56.4
620 56.9
630 56.9
640 56.9
650 56.9
660 56.9
670 56.9
680 56.9
690 56.9
700 56.9
710 56.9
720 56.9
730 56.9
740 56.9
750 56.9
760 56.4
770 56.4
780 56.4
790 56.9
800 56.9
810 56.9
820 56.9
830 56.9
840 56.9
850 56.9
860 56.9
870 56.9
880 56.9
890 56.9
900 56.9
910 56.9
920 56.9
930 56.9
940 56.9
950 56.9
960 57.5
970 57.5
980 56.9
990 56.9
1000 56.9
1010 56.9
1020 56.9
1030 56.9
1040 56.9
1050 56.9
1060 56.9
1070 56.9
1080 56.9
1090 56.4
1100 56.4
1110 56.9
1120 56.4
1130 56.4
1140 56.9
1150 56.4
1160 56.9
1170 56.9
1180 56.4
1190 56.9
1200 56.9
1210 56.4
1220 56.9
1230 56.4
1240 56.9
1250 56.9
1260 56.4
1270 56.9
1280 56.4
1290 56.9
1300 56.4
1310 56.9
1320 56.9
1330 56.9
1340 56.4
1350 56.9
1360 56.4
1370 56.9
1380 56.4
1390 56.9
1400 56.4
1410 56.9
1420 56.9
1430 56.9
1440 56.9
1450 56.9
1460 56.9
1470 56.9
1480 56.4
1490 56.4
1500 57.5
1510 56.9
1520 56.9
1530 56.9
1540 56.4
1550 56.9
1560 56.4
1570 56.9
1580 56.9
1590 56.9
1600 56.9
1610 56.9
1620 56.9
1630 56.4
1640 56.9
1650 56.9
1660 56.9
1670 56.9
1680 56.4
1690 56.4
1700 56.4
1710 56.9
1720 56.9
1730 56.9
1740 56.4
1750 56.9
1760 56.9
1770 56.4
1780 56.9
1790 57.5
1800 56.9
1810 56.9
1820 57.5
1830 56.9
1840 56.9
1850 56.9
1860 56.9
1870 57.5
1880 56.9
1890 56.9
1900 56.9
1910 56.9
1920 56.9
1930 56.9
1940 56.4
1950 56.9
1960 56.9
1970 56.9
1980 56.9
1990 56.9
2000 56.9
2010 56.9
2020 56.9
2030 56.9
2040 56.9
2050 56.9
2060 56.9
2070 56.9
2080 57.5
2090 57.5
2100 56.9
2110 56.9
2120 56.9
2130 56.9
2140 56.9
2150 56.9
2160 56.9
2170 56.9
2180 56.9
2190 56.9
2200 57.5
2210 56.9
2220 57.5
2230 57.5
2240 56.9
2250 57.5
2260 56.9
2270 56.9
2280 56.9
2290 56.9
2300 56.9
2310 56.4
2320 56.9
2330 56.9
2340 56.9
2350 56.9
2360 56.9
2370 57.5
2380 57.5
2390 56.9
2400 57.5
2410 56.4
2420 56.9
2430 56.9
2440 57.5
2450 56.9
2460 56.9
2470 56.4
2480 56.4
2490 56.9
2500 56.9
2510 56.9
2520 56.9
2530 56.9
2540 57.5
2550 56.9
2560 56.9
2570 57.5
2580 56.9
2590 56.9
2600 56.9
2610 56.9
2620 57.5
2630 56.9
2640 56.9
2650 56.9
2660 56.9
2670 56.9
2680 57.5
2690 57.5
2700 56.9
2710 56.9
2720 56.9
2730 56.9
2740 56.9
2750 56.9
2760 56.9
2770 56.9
2780 56.9
2790 56.4
2800 56.9
2810 56.9
2820 56.9
2830 56.9
2840 56.9
2850 56.4
2860 56.9
2870 56.9
2880 56.9
2890 56.9
2900 56.9
2910 56.9
2920 56.9
2930 56.9
2940 56.9
2950 56.9
2960 56.9
2970 57.5
2980 56.9
2990 57.5
3000 56.4
3010 56.9
3020 56.9
3030 57.5
3040 57.5
3050 56.9
3060 56.9
3070 56.9
3080 56.4
3090 56.9
3100 57.5
3110 56.9
3120 57.5
3130 56.9
3140 56.9
3150 56.9
3160 56.9
3170 57.5
3180 58
3190 57.5
3200 56.9
3210 56.9
3220 56.9
3230 56.9
3240 56.9
3250 56.9
3260 57.5
3270 56.9
3280 56.9
3290 56.9
3300 56.9
3310 57.5
3320 58
3330 56.9
3340 56.9
3350 57.5
3360 56.9
3370 56.9
3380 56.9
3390 56.9
3400 56.9
3410 56.4
3420 56.9
3430 56.9
3440 56.9
3450 56.9
3460 56.9
3470 56.9
3480 56.9
3490 56.4
3500 56.9
3510 56.9
3520 56.9
3530 56.4
3540 56.9
3550 56.4
3560 56.9
3570 56.9
3580 56.9
3590 56.4
3600 56.9
3610 56.9
3620 56.4
3630 56.9
3640 56.9
3650 56.4
3660 56.9
3670 56.4
3680 56.4
3690 56.9
3700 56.9
3710 56.4
3720 56.9
3730 56.9
3740 56.9
3750 56.9
3760 56.4
3770 56.9
3780 56.4
3790 56.9
3800 56.9
3810 56.9
3820 56.9
3830 56.9
3840 56.9
3850 56.9
3860 55.8
3870 56.9
3880 56.9
3890 56.9
3900 56.9
3910 56.9
3920 56.9
3930 56.9
3940 56.9
3950 56.9
3960 56.9
3970 56.4
3980 56.9
3990 56.9
4000 56.9
4010 56.9
4020 56.9
4030 56.9
4040 55.8
4050 56.9
4060 56.4
4070 56.9
4080 56.9
4090 56.4
4100 56.4
4110 56.4
4120 56.4
4130 57.5
4140 56.4
4150 56.9
4160 56.9
4170 56.9
4180 56.9
4190 56.4
4200 56.9
4210 56.4
4220 56.9
4230 56.4
4240 56.4
4250 56.9
4260 56.9
4270 56.9
4280 56.9
4290 56.9
4300 56.4
4310 56.9
4320 56.4
4330 56.9
4340 56.9
4350 56.9
4360 56.9
4370 56.4
4380 56.9
4390 56.9
4400 56.9
4410 56.9
4420 56.4
4430 56.9
4440 56.9
4450 56.9
4460 56.4
4470 56.4
4480 56.4
4490 56.4
4500 56.4
4510 56.9
4520 56.9
4530 56.9
4540 56.9
4550 56.9
4560 56.9
4570 56.9
4580 57.5
4590 56.9
4600 56.4
4610 56.9
4620 56.9
4630 56.9
4640 56.4
4650 56.4
4660 56.4
4670 56.9
4680 56.9
4690 55.8
4700 56.4
4710 56.9
4720 56.4
4730 56.4
4740 56.4
4750 56.4
4760 56.4
4770 55.8
4780 56.4
4790 56.9
4800 56.9
4810 56.9
4820 56.4
4830 56.9
4840 56.9
4850 56.9
4860 56.4
4870 56.9
4880 56.9
4890 56.9
4900 56.9
4910 56.4
4920 56.9
4930 56.9
4940 56.4
4950 56.9
4960 56.4
4970 56.4
4980 56.4
4990 56.9
5000 56.4
5010 56.9
5020 56.9
5030 56.4
5040 56.9
5050 56.9
5060 56.4
5070 56.4
5080 56.9
5090 56.4
5100 57.5
5110 55.8
5120 56.4
5130 56.4
5140 56.9
5150 56.4
5160 56.4
5170 56.9
5180 56.9
5190 56.9
5200 56.9
5210 56.9
5220 56.9
5230 56.9
5240 56.9
5250 56.4
5260 56.9
5270 56.9
5280 56.4
5290 56.9
5300 56.9
5310 56.4
5320 56.9
5330 56.9
5340 55.8
5350 56.9
5360 56.9
5370 56.9
5380 56.9
5390 56.9
5400 56.9
5410 56.9
5420 56.9
5430 56.9
5440 56.4
5450 56.9
5460 56.9
5470 56.9
5480 55.8
5490 56.9
5500 56.4
5510 56.4
5520 56.9
5530 56.9
5540 56.9
5550 56.9
5560 56.9
5570 56.9
5580 56.9
5590 56.9
5600 56.9
5610 56.9
5620 56.9
5630 56.9
5640 56.9
5650 56.9
5660 56.9
5670 56.4
5680 56.9
5690 56.4
5700 57.5
5710 56.9
5720 56.9
5730 56.4
5740 56.9
5750 56.9
5760 56.9
5770 55.8
5780 55.8
5790 56.9
5800 56.4
5810 56.9
5820 56.9
5830 56.9
5840 56.9
5850 56.4
5860 56.9
5870 56.9
5880 56.9
5890 56.9
5900 56.9
5910 56.9
5920 56.4
5930 56.9
5940 56.9
5950 56.9
5960 56.4
5970 56.9
5980 56.4
5990 56.4
6000 56.4
6010 55.8
6020 56.9
6030 56.4
6040 56.4
6050 56.9
6060 56.9
6070 56.9
6080 56.4
6090 56.4
6100 56.9
6110 56.9
6120 56.4
6130 56.9
6140 56.9
6150 56.4
6160 56.9
6170 57.5
6180 56.9
6190 56.4
6200 55.8
6210 56.4
6220 56.9
6230 56.9
6240 56.9
6250 56.9
6260 56.9
6270 56.9
6280 56.9
6290 56.9
6300 56.9
6310 56.9
6320 56.9
6330 56.9
6340 56.9
6350 56.9
6360 56.9
6370 56.9
6380 56.9
6390 56.4
6400 56.9
6410 56.9
6420 56.9
6430 56.4
6440 56.4
6450 56.9
6460 56.4
6470 56.9
6480 56.9
6490 56.9
6500 56.9
6510 56.9
6520 56.9
6530 56.9
6540 56.9
6550 56.9
6560 56.9
6570 56.9
6580 56.9
6590 56.9
6600 56.9
6610 56.9
6620 56.9
6630 56.4
6640 56.4
6650 56.4
6660 56.4
6670 56.4
6680 56.9
6690 56.9
6700 56.9
6710 56.9
6720 56.9
6730 56.9
6740 56.9
6750 56.9
6760 56.9
6770 56.9
6780 56.9
6790 56.9
6800 56.9
6810 56.4
6820 56.9
6830 56.9
6840 56.9
6850 56.9
6860 56.4
6870 56.9
6880 56.9
6890 56.9
6900 56.9
6910 56.9
6920 56.9
6930 56.9
6940 56.9
6950 56.4
6960 56.9
6970 56.9
6980 56.4
6990 56.9
7000 56.9
7010 56.9
7020 56.9
7030 56.9
7040 56.9
7050 56.9
7060 56.9
7070 56.4
7080 56.4
7090 56.9
7100 56.9
7110 56.9
7120 56.9
7130 56.9
7140 56.9
7150 56.9
7160 56.9
7170 56.9
7180 56.9
7190 56.4
7200 56.9
7210 56.9
7220 56.9
7230 56.9
7240 56.4
7250 56.9
7260 56.9
7270 56.9
7280 57.5
7290 56.9
7300 56.9
7310 56.9
7320 56.9
7330 56.9
7340 56.9
7350 56.9
7360 56.9
7370 56.9
7380 56.9
7390 56.9
7400 56.9
7410 56.9
7420 56.9
7430 56.9
7440 56.9
7450 56.9
7460 56.9
7470 56.4
7480 56.9
7490 56.4
7500 56.9
7510 56.9
7520 56.9
7530 56.4
7540 56.9
7550 56.9
7560 56.9
7570 56.9
7580 56.9
7590 56.9
7600 56.9
7610 56.9
7620 56.9
7630 56.9
7640 56.9
7650 57.5
7660 56.9
7670 56.9
7680 56.4
7690 56.9
7700 56.9
7710 56.9
7720 56.9
7730 56.9
7740 56.9
7750 56.4
7760 56.4
7770 56.9
7780 56.9
7790 56.9
7800 56.9
7810 56.9
7820 56.4
7830 55.8
7840 56.4
7850 56.9
7860 56.9
7870 56.9
7880 56.9
7890 56.9
7900 56.9
7910 56.9
7920 56.9
7930 56.9
7940 56.9
7950 56.9
7960 56.9
7970 56.9
7980 56.9
7990 56.9
8000 56.9
8010 56.9
8020 56.4
8030 56.9
8040 56.9
8050 56.9
8060 56.9
8070 56.9
8080 56.9
8090 56.9
8100 56.9
8110 56.9
8120 56.9
8130 56.4
8140 56.9
8150 56.9
8160 56.4
8170 56.4
8180 56.9
8190 56.9
8200 56.4
8210 56.4
8220 56.4
8230 56.9
8240 56.4
8250 56.9
8260 55.8
8270 56.4
8280 56.4
8290 56.9
8300 56.9
8310 56.4
8320 56.4
8330 56.4
8340 56.4
8350 56.9
8360 56.4
8370 56.9
8380 55.8
8390 56.4
8400 56.9
8410 56.9
8420 56.9
8430 56.9
8440 56.9
8450 56.4
8460 56.9
8470 56.4
8480 56.4
8490 56.9
8500 55.8
8510 55.8
8520 56.9
8530 56.4
8540 56.4
8550 56.4
8560 56.4
8570 56.4
8580 56.4
8590 56.9
8600 56.4
8610 56.9
8620 56.9
8630 56.4
8640 56.9
8650 56.9
8660 55.8
8670 56.9
8680 56.4
8690 56.4
8700 56.4
8710 56.4
8720 56.4
8730 56.4
8740 56.4
8750 56.9
8760 56.9
8770 56.9
8780 56.9
8790 56.9
8800 56.4
8810 56.9
8820 56.4
8830 56.9
8840 56.4
8850 56.4
8860 56.9
8870 56.9
8880 56.9
8890 55.8
8900 56.4
8910 56.9
8920 56.9
8930 56.4
8940 56.9
8950 56.9
8960 56.9
8970 56.9
8980 56.4
8990 56.4
9000 56.4
9010 56.4
9020 56.4
9030 56.9
9040 56.4
9050 56.9
9060 56.9
9070 56.4
9080 55.8
9090 56.4
9100 56.9
9110 56.4
9120 56.4
9130 56.4
9140 56.9
9150 56.9
9160 56.9
9170 56.9
9180 56.4
9190 56.9
9200 56.9
9210 56.9
9220 56.4
9230 56.9
9240 56.9
9250 56.9
9260 56.4
9270 56.4
9280 56.4
9290 56.4
9300 56.4
9310 55.8
9320 56.4
9330 56.4
9340 56.9
9350 56.4
9360 56.4
9370 56.9
9380 56.9
9390 55.8
9400 56.9
9410 56.9
9420 56.4
9430 56.4
9440 56.4
9450 56.9
9460 56.4
9470 56.4
9480 55.8
9490 56.9
9500 56.4
9510 56.9
9520 56.9
9530 56.4
9540 56.9
9550 56.4
9560 56.4
9570 56.4
9580 56.4
9590 55.8
9600 56.9
9610 56.4
9620 56.9
9630 56.4
9640 56.4
9650 56.4
9660 56.4
9670 56.4
9680 56.4
9690 56.9
9700 56.4
9710 56.4
9720 56.4
9730 56.4
9740 56.4
9750 56.9
9760 56.4
9770 56.4
9780 56.9
9790 56.4
9800 56.4
9810 56.4
9820 56.4
9830 56.4
9840 56.4
9850 55.8
9860 56.9
9870 56.9
9880 56.4
9890 56.4
9900 56.4
9910 56.4
9920 56.4
9930 56.9
9940 56.9
9950 56.9
9960 56.9
9970 56.4
9980 56.9
9990 56.4
10000 56.9
10010 56.4
10020 56.4
10030 56.9
10040 56.9
10050 56.9
10060 55.8
10070 56.4
10080 56.9
10090 56.9
10100 56.4
10110 56.9
10120 56.9
10130 56.9
10140 56.9
10150 56.4
10160 56.4
10170 56.4
10180 56.4
10190 56.4
10200 56.9
10210 56.4
10220 56.9
10230 56.9
10240 56.4
10250 55.8
10260 56.4
10270 56.9
10280 56.4
10290 56.4
10300 56.4
10310 56.9
10320 56.9
10330 56.9
10340 56.9
10350 56.4
10360 56.9
10370 56.9
10380 56.9
10390 56.4
10400 56.9
10410 56.9
10420 56.9
10430 56.4
10440 56.4
10450 56.4
10460 56.4
10470 56.4
10480 55.8
10490 56.4
10500 56.4
10510 56.9
10520 56.4
10530 56.4
10540 56.9
10550 56.9
10560 55.8
10570 56.9
10580 56.9
10590 56.4
10600 56.4
10610 56.4
10620 56.9
10630 56.4
10640 56.4
10650 55.8
10660 56.9
10670 56.4
10680 56.9
10690 56.9
10700 56.4
10710 56.9
10720 56.4
10730 56.4
10740 56.4
10750 56.4
10760 55.8
10770 56.9
10780 56.4
10790 56.9
10800 56.4
10810 56.4
10820 56.4
10830 56.4
10840 56.4
10850 56.4
10860 56.9
10870 56.4
10880 56.4
10890 56.4
10900 56.4
10910 56.4
10920 56.9
10930 56.4
10940 56.4
10950 56.9
10960 56.4
10970 56.4
10980 56.4
10990 56.4
11000 56.4