10 56.9
20 57.5
30 56.9
40 56.9
50 56.9
60 56.9
70 56.9
80 56.9
90 56.9
100 57.5
110 58
120 57.5
130 56.9
140 56.9
150 56.9
160 58
170 56.9
180 56.9
190 58
200 56.4
210 56.9
220 57.5
230 57.5
240 58
250 58
260 57.5
270 58
280 57.5
290 57.5
300 57.5
310 57.5
320 58
330 58
340 57.5
350 58
360 58
370 58
380 56.9
390 58
400 58
410 56.9
420 58
430 58
440 58
450 58
460 58
470 58
480 58
490 58
500 57.5
510 57.5
520 56.9
530 58
540 57.5
550 56.9
560 58
570 58
580 58
590 57.5
600 56.9
610 58
620 58
630 57.5
640 56.9
650 57.5
660 58
670 58
680 57.5
690 58
700 57.5
710 56.9
720 56.9
730 58
740 58
750 56.9
760 57.5
770 58
780 58
790 57.5
800 57.5
810 57.5
820 57.5
830 58
840 58
850 57.5
860 58
870 57.5
880 56.9
890 57.5
900 57.5
910 57.5
920 58
930 56.9
940 57.5
950 57.5
960 58
970 56.9
980 57.5
990 58
1000 58
1010 56.9
1020 58
1030 56.9
1040 58
1050 57.5
1060 56.9
1070 57.5
1080 58
1090 58
1100 56.9
1110 56.9
1120 58
1130 56.9
1140 58
1150 57.5
1160 57.5
1170 56.9
1180 57.5
1190 56.9
1200 56.9
1210 58
1220 57.5
1230 56.9
1240 56.9
1250 58
1260 58
1270 56.9
1280 56.9
1290 58
1300 56.9
1310 56.9
1320 58
1330 58
1340 58
1350 58
1360 56.9
1370 56.9
1380 57.5
1390 56.9
1400 58
1410 58
1420 58
1430 56.9
1440 57.5
1450 57.5
1460 57.5
1470 58
1480 58
1490 57.5
1500 58
1510 58
1520 56.9
1530 57.5
1540 58
1550 57.5
1560 56.9
1570 57.5
1580 58
1590 58
1600 57.5
1610 57.5
1620 56.9
1630 57.5
1640 56.9
1650 57.5
1660 58
1670 58
1680 56.9
1690 58
1700 57.5
1710 57.5
1720 58
1730 56.9
1740 56.9
1750 58
1760 58
1770 58
1780 56.9
1790 58
1800 58
1810 57.5
1820 56.9
1830 58
1840 58
1850 57.5
1860 58
1870 57.5
1880 56.9
1890 58
1900 58
1910 58
1920 58
1930 58
1940 58
1950 58
1960 58
1970 57.5
1980 57.5
1990 58
2000 56.9
2010 57.5
2020 57.5
2030 57.5
2040 58.5
2050 58
2060 57.5
2070 57.5
2080 58
2090 56.9
2100 58
2110 58
2120 58
2130 57.5
2140 57.5
2150 58
2160 58
2170 58
2180 58
2190 58
2200 57.5
2210 58
2220 58
2230 57.5
2240 58
2250 56.9
2260 56.9
2270 58
2280 58
2290 57.5
2300 58
2310 57.5
2320 57.5
2330 56.9
2340 56.9
2350 56.9
2360 56.9
2370 56.9
2380 58
2390 56.9
2400 58
2410 57.5
2420 56.9
2430 57.5
2440 58
2450 58
2460 58
2470 58
2480 56.9
2490 58
2500 57.5
2510 56.9
2520 56.9
2530 56.9
2540 58
2550 57.5
2560 56.9
2570 57.5
2580 58
2590 58
2600 58
2610 58
2620 58
2630 56.9
2640 56.9
2650 58
2660 58
2670 58
2680 58
2690 58
2700 58
2710 58
2720 58
2730 57.5
2740 57.5
2750 58
2760 58
2770 58
2780 58
2790 58
2800 56.9
2810 58
2820 58
2830 57.5
2840 58
2850 58
2860 58
2870 58
2880 58
2890 57.5
2900 58
2910 58
2920 58
2930 58
2940 58
2950 57.5
2960 57.5
2970 56.9
2980 58
2990 58
3000 58
3010 58
3020 58
3030 58
3040 57.5
3050 58
3060 58
3070 57.5
3080 58
3090 57.5
3100 58
3110 58
3120 57.5
3130 58
3140 58
3150 58
3160 57.5
3170 58
3180 57.5
3190 58
3200 57.5
3210 57.5
3220 56.9
3230 58
3240 56.9
3250 56.9
3260 56.9
3270 58
3280 57.5
3290 56.9
3300 58
3310 58
3320 58
3330 58
3340 58
3350 57.5
3360 57.5
3370 56.9
3380 58
3390 56.9
3400 58
3410 57.5
3420 56.9
3430 58
3440 56.9
3450 56.9
3460 58
3470 57.5
3480 58
3490 58
3500 57.5
3510 58
3520 57.5
3530 57.5
3540 58
3550 58
3560 57.5
3570 58
3580 56.9
3590 58
3600 56.9
3610 58
3620 58
3630 58
3640 57.5
3650 56.9
3660 58
3670 58
3680 58
3690 57.5
3700 58
3710 58
3720 58
3730 58
3740 58
3750 58
3760 57.5
3770 57.5
3780 57.5
3790 58
3800 58
3810 57.5
3820 56.9
3830 57.5
3840 58
3850 58
3860 58
3870 58
3880 57.5
3890 58
3900 57.5
3910 56.9
3920 58
3930 58
3940 58
3950 57.5
3960 58
3970 57.5
3980 57.5
3990 57.5
4000 57.5
4010 57.5
4020 58
4030 58
4040 57.5
4050 57.5
4060 57.5
4070 58
4080 57.5
4090 56.9
4100 57.5
4110 58
4120 58
4130 58
4140 58
4150 58
4160 58
4170 58
4180 57.5
4190 58
4200 56.9
4210 58
4220 58
4230 58
4240 57.5
4250 58
4260 58
4270 57.5
4280 56.9
4290 58
4300 58
4310 58
4320 58
4330 57.5
4340 58
4350 56.9
4360 58
4370 58
4380 56.9
4390 58
4400 58
4410 58
4420 58
4430 58
4440 58
4450 58
4460 57.5
4470 57.5
4480 57.5
4490 56.9
4500 58
4510 58
4520 58
4530 58
4540 56.9
4550 58
4560 58
4570 58
4580 58
4590 58
4600 58
4610 58
4620 58
4630 58
4640 58
4650 55.8
4660 57.5
4670 58
4680 56.9
4690 56.9
4700 56.9
4710 58
4720 58
4730 58
4740 57.5
4750 57.5
4760 58
4770 58
4780 58
4790 58
4800 58
4810 58
4820 58
4830 58
4840 57.5
4850 57.5
4860 57.5
4870 58
4880 58
4890 58
4900 58
4910 58
4920 57.5
4930 56.9
4940 58
4950 58
4960 58
4970 58
4980 58
4990 58
5000 56.9
5010 57.5
5020 58
5030 58
5040 57.5
5050 58
5060 56.9
5070 57.5
5080 58
5090 58
5100 58
5110 57.5
5120 58.5
5130 58
5140 57.5
5150 58
5160 58
5170 57.5
5180 57.5
5190 58
5200 58
5210 58
5220 58
5230 56.9
5240 58
5250 58
5260 58
5270 57.5
5280 58
5290 58
5300 58
5310 58
5320 58
5330 58
5340 58
5350 58
5360 58
5370 58
5380 57.5
5390 58
5400 58
5410 57.5
5420 57.5
5430 58
5440 58
5450 57.5
5460 58
5470 58
5480 58
5490 57.5
5500 58.5
5510 58
5520 58
5530 58
5540 58
5550 58
5560 58
5570 58
5580 58
5590 58
5600 57.5
5610 58
5620 58
5630 58
5640 58
5650 58
5660 58
5670 58
5680 58
5690 58
5700 58
5710 58
5720 58
5730 58
5740 58
5750 58
5760 58
5770 58
5780 58
5790 58
5800 58
5810 58
5820 58
5830 58
5840 57.5
5850 57.5
5860 58
5870 58
5880 57.5
5890 58
5900 58
5910 58
5920 58
5930 58
5940 58
5950 58
5960 58
5970 58
5980 57.5
5990 58
6000 58
6010 58
6020 58
6030 58
6040 57.5
6050 58
6060 58
6070 58
6080 57.5
6090 58
6100 58
6110 57.5
6120 58
6130 58
6140 58
6150 58
6160 58
6170 57.5
6180 58
6190 58
6200 58
6210 58
6220 58
6230 58
6240 58
6250 58
6260 58
6270 57.5
6280 58
6290 57.5
6300 58
6310 58
6320 58
6330 58
6340 58
6350 58
6360 58
6370 58
6380 56.9
6390 58
6400 58
6410 58
6420 58
6430 58
6440 58
6450 58
6460 58
6470 58
6480 58
6490 58
6500 58
6510 58
6520 58
6530 58
6540 57.5
6550 58
6560 58
6570 58
6580 58
6590 58
6600 57.5
6610 58
6620 57.5
6630 58
6640 58
6650 58
6660 58
6670 58
6680 58
6690 57.5
6700 58
6710 58
6720 58
6730 58
6740 57.5
6750 57.5
6760 58
6770 58
6780 58
6790 58
6800 58
6810 58
6820 58
6830 58
6840 57.5
6850 58
6860 58
6870 58
6880 58
6890 58
6900 58
6910 58
6920 58
6930 58
6940 58
6950 58
6960 58
6970 57.5
6980 56.9
6990 58
7000 58
7010 58
7020 58
7030 58
7040 57.5
7050 57.5
7060 58
7070 58
7080 58
7090 58
7100 58
7110 56.9
7120 57.5
7130 58
7140 58
7150 58
7160 58
7170 58
7180 58
7190 58
7200 58
7210 58
7220 58
7230 57.5
7240 58
7250 57.5
7260 58
7270 58.5
7280 58
7290 58
7300 58
7310 58
7320 58
7330 58
7340 58
7350 58
7360 58
7370 58
7380 58
7390 58
7400 58
7410 58
7420 58
7430 58
7440 56.9
7450 58
7460 58
7470 58
7480 58
7490 58
7500 58
7510 58
7520 58
7530 58.5
7540 58.5
7550 58
7560 58
7570 58
7580 58
7590 58
7600 58
7610 58
7620 58
7630 58
7640 58
7650 58
7660 58
7670 58
7680 58
7690 58
7700 58
7710 58
7720 57.5
7730 58
7740 58
7750 58
7760 58
7770 58
7780 58.5
7790 58
7800 58
7810 58
7820 58
7830 58
7840 58
7850 56.9
7860 58
7870 58
7880 58
7890 58
7900 58
7910 58
7920 58
7930 58
7940 58
7950 58
7960 58
7970 58
7980 58
7990 58
8000 58
8010 58
8020 58
8030 58
8040 58.5
8050 58
8060 58
8070 58
8080 58
8090 58
8100 58
8110 58
8120 58
8130 57.5
8140 58
8150 58.5
8160 58
8170 58
8180 57.5
8190 58
8200 58
8210 58
8220 58
8230 58
8240 58
8250 58
8260 58
8270 58
8280 57.5
8290 58
8300 58
8310 58
8320 58
8330 58
8340 58
8350 58
8360 58
8370 58
8380 57.5
8390 58
8400 58
8410 58
8420 58
8430 58
8440 58
8450 59.1
8460 58
8470 58
8480 58
8490 58
8500 58
8510 58
8520 58
8530 58
8540 56.9
8550 57.5
8560 58
8570 58
8580 58.5
8590 58
8600 58
8610 58
8620 58
8630 58
8640 58
8650 58
8660 58
8670 58
8680 58.5
8690 58
8700 58
8710 57.5
8720 58
8730 58
8740 58
8750 58
8760 57.5
8770 58
8780 57.5
8790 56.9
8800 58
8810 58
8820 58
8830 58
8840 58
8850 56.9
8860 57.5
8870 58
8880 58
8890 58
8900 58
8910 57.5
8920 58
8930 58
8940 57.5
8950 58
8960 58
8970 58
8980 58
8990 57.5
9000 58
9010 56.9
9020 58
9030 58
9040 58.5
9050 58
9060 58
9070 57.5
9080 58
9090 58
9100 58
9110 58
9120 58
9130 58
9140 58
9150 57.5
9160 58
9170 58
9180 58
9190 56.9
9200 58
9210 58
9220 58
9230 57.5
9240 58
9250 58
9260 57.5
9270 58
9280 58
9290 56.9
9300 58
9310 57.5
9320 58
9330 58
9340 57.5
9350 58
9360 58
9370 56.9
9380 56.9
9390 57.5
9400 56.9
9410 58
9420 57.5
9430 56.9
9440 57.5
9450 58
9460 57.5
9470 58
9480 58
9490 58
9500 58
9510 57.5
9520 56.9
9530 58
9540 57.5
9550 57.5
9560 57.5
9570 56.9
9580 56.9
9590 57.5
9600 57.5
9610 58
9620 56.9
9630 58
9640 58
9650 56.9
9660 56.9
9670 57.5
9680 56.9
9690 57.5
9700 56.9
9710 58
9720 57.5
9730 56.9
9740 58
9750 58
9760 58
9770 57.5
9780 58
9790 58
9800 58
9810 58
9820 58
9830 58
9840 57.5
9850 58
9860 58
9870 58
9880 58
9890 57.5
9900 58
9910 56.9
9920 58
9930 56.9
9940 58
9950 58
9960 58
9970 56.9
9980 58
9990 57.5
10000 58
10010 58
10020 57.5
10030 57.5
10040 56.9
10050 57.5
10060 58
10070 57.5
10080 58
10090 57.5
10100 58
10110 58
10120 58
10130 57.5
10140 58
10150 58
10160 56.9
10170 56.9
10180 58
10190 58
10200 58
10210 58
10220 58
10230 57.5
10240 58
10250 58
10260 57.5
10270 56.9
10280 57.5
10290 57.5
10300 58
10310 56.9
10320 57.5
10330 56.9
10340 56.9
10350 56.9
10360 56.9
10370 58
10380 56.9
10390 58
10400 58
10410 57.5
10420 56.9
10430 56.9
10440 58
10450 58
10460 57.5
10470 58
10480 58
10490 56.9
10500 56.9
10510 57.5
10520 57.5
10530 58
10540 57.5
10550 58
10560 56.9
10570 57.5
10580 57.5
10590 57.5
10600 58
10610 58
10620 57.5
10630 57.5
10640 57.5
10650 57.5
10660 58.5
10670 58
10680 58
10690 58
10700 58
10710 58
10720 57.5
10730 58
10740 58
10750 58
10760 58
10770 56.9
10780 58
10790 58
10800 57.5
10810 57.5
10820 57.5
10830 57.5
10840 57.5
10850 58
10860 58
10870 58
10880 58
10890 58
10900 58
10910 57.5
10920 58
10930 58
10940 58
10950 58
10960 56.9
10970 58
10980 58
10990 57.5
11000 57.5