10 48.3
20 48.3
30 49.4
40 48.9
50 49.4
60 49.4
70 48.9
80 49.4
90 49.4
100 48.3
110 49.4
120 49.4
130 49.4
140 49.4
150 49.4
160 49.4
170 49.4
180 49.4
190 48.9
200 49.4
210 49.4
220 49.4
230 49.4
240 49.4
250 49.4
260 49.4
270 49.9
280 49.4
290 49.4
300 49.4
310 49.4
320 49.4
330 49.4
340 49.4
350 49.4
360 49.4
370 49.4
380 49.4
390 49.4
400 49.4
410 49.4
420 49.4
430 48.9
440 49.4
450 48.9
460 49.4
470 49.4
480 49.4
490 49.4
500 49.4
510 49.4
520 49.4
530 49.4
540 49.4
550 49.4
560 48.9
570 49.4
580 49.4
590 48.3
600 49.4
610 49.4
620 49.4
630 48.9
640 49.4
650 49.4
660 48.9
670 48.9
680 49.4
690 49.4
700 49.4
710 49.4
720 49.4
730 49.4
740 49.4
750 49.4
760 49.4
770 49.4
780 49.4
790 49.4
800 49.4
810 49.4
820 49.4
830 49.4
840 49.4
850 49.4
860 49.4
870 49.4
880 49.4
890 49.4
900 49.4
910 49.4
920 48.9
930 49.4
940 49.4
950 49.4
960 49.4
970 49.4
980 49.4
990 49.4
1000 49.4
1010 49.4
1020 48.9
1030 49.4
1040 49.4
1050 49.4
1060 49.4
1070 49.4
1080 49.4
1090 49.4
1100 48.3
1110 49.4
1120 49.4
1130 48.9
1140 49.4
1150 49.4
1160 49.4
1170 49.4
1180 49.4
1190 49.4
1200 49.4
1210 48.9
1220 49.4
1230 49.4
1240 49.4
1250 49.4
1260 49.4
1270 49.4
1280 49.4
1290 49.4
1300 49.4
1310 49.4
1320 49.4
1330 49.4
1340 49.4
1350 49.4
1360 49.4
1370 49.4
1380 49.4
1390 49.4
1400 49.4
1410 49.4
1420 49.4
1430 49.4
1440 49.9
1450 48.9
1460 49.9
1470 49.9
1480 49.4
1490 49.4
1500 49.4
1510 49.4
1520 48.9
1530 49.4
1540 49.4
1550 49.4
1560 49.4
1570 49.4
1580 49.4
1590 49.4
1600 49.4
1610 49.4
1620 49.4
1630 49.4
1640 49.4
1650 49.4
1660 49.4
1670 49.4
1680 49.4
1690 49.4
1700 49.4
1710 49.4
1720 49.9
1730 49.4
1740 49.4
1750 49.4
1760 49.4
1770 49.9
1780 49.4
1790 49.4
1800 49.9
1810 49.4
1820 49.4
1830 49.4
1840 49.4
1850 49.4
1860 49.4
1870 48.9
1880 49.4
1890 49.4
1900 49.4
1910 49.4
1920 49.4
1930 49.4
1940 49.4
1950 49.4
1960 49.4
1970 49.9
1980 49.4
1990 49.4
2000 49.4
2010 49.4
2020 49.4
2030 49.9
2040 49.4
2050 49.4
2060 49.4
2070 49.4
2080 49.4
2090 49.4
2100 49.4
2110 49.4
2120 48.9
2130 49.4
2140 49.4
2150 49.4
2160 49.4
2170 49.4
2180 49.4
2190 49.4
2200 49.4
2210 49.4
2220 49.4
2230 49.4
2240 49.4
2250 49.4
2260 49.4
2270 49.4
2280 49.4
2290 49.4
2300 49.4
2310 49.4
2320 49.4
2330 49.4
2340 49.4
2350 49.4
2360 49.4
2370 49.4
2380 49.4
2390 49.4
2400 49.4
2410 49.4
2420 49.4
2430 48.9
2440 49.4
2450 49.4
2460 48.9
2470 49.4
2480 49.4
2490 49.4
2500 49.4
2510 49.4
2520 48.9
2530 49.4
2540 49.4
2550 49.4
2560 49.4
2570 49.4
2580 49.4
2590 49.4
2600 49.4
2610 49.4
2620 49.4
2630 48.9
2640 49.4
2650 49.9
2660 49.4
2670 50.5
2680 49.9
2690 49.4
2700 49.9
2710 49.4
2720 49.4
2730 49.4
2740 49.4
2750 49.4
2760 49.4
2770 49.4
2780 49.4
2790 49.4
2800 49.4
2810 49.4
2820 49.4
2830 49.4
2840 49.4
2850 49.4
2860 49.4
2870 49.4
2880 49.4
2890 49.4
2900 49.4
2910 49.9
2920 49.4
2930 49.4
2940 49.4
2950 49.4
2960 49.4
2970 49.4
2980 49.4
2990 49.4
3000 49.4
3010 49.4
3020 49.4
3030 49.9
3040 49.4
3050 49.4
3060 49.4
3070 49.4
3080 49.4
3090 49.4
3100 49.4
3110 49.4
3120 49.9
3130 49.4
3140 49.4
3150 49.4
3160 49.4
3170 49.4
3180 49.4
3190 49.4
3200 49.4
3210 49.4
3220 49.4
3230 49.4
3240 49.9
3250 49.4
3260 49.4
3270 49.4
3280 49.4
3290 49.4
3300 48.3
3310 49.4
3320 49.4
3330 49.4
3340 49.4
3350 49.4
3360 48.9
3370 49.4
3380 49.4
3390 49.4
3400 49.4
3410 49.4
3420 49.4
3430 49.4
3440 49.4
3450 49.4
3460 49.9
3470 49.4
3480 49.4
3490 48.9
3500 49.4
3510 49.4
3520 49.4
3530 49.4
3540 49.4
3550 49.4
3560 49.4
3570 49.4
3580 49.4
3590 49.4
3600 49.4
3610 49.4
3620 49.4
3630 49.9
3640 49.4
3650 49.4
3660 49.4
3670 49.4
3680 49.4
3690 49.4
3700 49.4
3710 49.9
3720 49.9
3730 49.4
3740 49.4
3750 49.4
3760 49.4
3770 49.4
3780 49.4
3790 49.4
3800 49.4
3810 49.4
3820 49.4
3830 49.9
3840 49.4
3850 49.4
3860 49.4
3870 49.4
3880 49.4
3890 49.9
3900 49.4
3910 49.4
3920 49.4
3930 49.4
3940 49.4
3950 48.9
3960 49.4
3970 49.4
3980 49.4
3990 49.4
4000 49.4
4010 49.4
4020 49.4
4030 49.9
4040 49.4
4050 49.4
4060 49.4
4070 49.4
4080 49.4
4090 49.4
4100 49.4
4110 49.4
4120 49.4
4130 49.4
4140 49.4
4150 49.9
4160 48.9
4170 49.4
4180 49.4
4190 49.4
4200 49.9
4210 49.4
4220 49.4
4230 49.4
4240 49.4
4250 49.9
4260 49.4
4270 49.4
4280 49.4
4290 49.4
4300 49.4
4310 49.4
4320 49.9
4330 49.4
4340 49.4
4350 49.4
4360 49.4
4370 49.4
4380 49.4
4390 49.4
4400 49.4
4410 49.4
4420 49.4
4430 49.4
4440 49.4
4450 49.4
4460 49.4
4470 49.4
4480 49.4
4490 49.4
4500 49.4
4510 49.4
4520 49.4
4530 49.9
4540 49.4
4550 49.4
4560 49.4
4570 49.4
4580 49.4
4590 49.4
4600 49.4
4610 49.4
4620 49.4
4630 49.4
4640 48.9
4650 49.4
4660 49.4
4670 49.4
4680 49.4
4690 49.4
4700 49.4
4710 49.4
4720 49.4
4730 49.4
4740 49.4
4750 49.4
4760 49.4
4770 49.4
4780 49.4
4790 49.4
4800 49.9
4810 49.4
4820 49.4
4830 49.4
4840 49.4
4850 49.4
4860 49.4
4870 49.4
4880 49.4
4890 49.4
4900 49.9
4910 49.4
4920 49.4
4930 49.4
4940 49.4
4950 49.4
4960 49.4
4970 49.4
4980 48.9
4990 49.4
5000 49.4
5010 49.4
5020 49.4
5030 49.9
5040 49.9
5050 49.4
5060 49.4
5070 49.4
5080 49.4
5090 49.4
5100 49.4
5110 49.4
5120 49.4
5130 49.4
5140 49.9
5150 48.9
5160 49.4
5170 49.4
5180 49.9
5190 49.4
5200 49.4
5210 49.4
5220 49.4
5230 49.4
5240 49.4
5250 49.4
5260 49.9
5270 49.4
5280 49.4
5290 49.4
5300 49.4
5310 49.4
5320 49.4
5330 49.4
5340 49.4
5350 49.4
5360 49.4
5370 49.4
5380 49.4
5390 49.4
5400 49.4
5410 49.4
5420 49.4
5430 49.9
5440 49.4
5450 49.4
5460 49.4
5470 49.4
5480 49.9
5490 49.4
5500 49.4
5510 49.4
5520 49.4
5530 49.4
5540 49.4
5550 49.9
5560 49.4
5570 49.4
5580 49.4
5590 49.9
5600 49.4
5610 49.4
5620 49.4
5630 49.4
5640 49.4
5650 49.4
5660 49.4
5670 49.4
5680 49.4
5690 49.9
5700 49.4
5710 49.4
5720 49.9
5730 49.4
5740 49.9
5750 49.9
5760 49.4
5770 49.9
5780 49.4
5790 49.4
5800 49.4
5810 49.4
5820 49.4
5830 49.4
5840 49.4
5850 49.4
5860 49.4
5870 49.4
5880 49.4
5890 49.4
5900 49.4
5910 49.4
5920 49.4
5930 49.4
5940 49.4
5950 49.9
5960 49.4
5970 49.4
5980 49.4
5990 49.4
6000 49.4
6010 49.9
6020 49.4
6030 49.4
6040 49.4
6050 49.4
6060 49.4
6070 49.4
6080 49.4
6090 49.4
6100 49.4
6110 49.4
6120 49.4
6130 49.4
6140 49.4
6150 49.4
6160 49.4
6170 49.9
6180 49.4
6190 49.4
6200 49.4
6210 49.4
6220 49.4
6230 49.4
6240 49.4
6250 49.4
6260 49.9
6270 49.4
6280 49.4
6290 49.4
6300 49.4
6310 49.4
6320 49.4
6330 49.4
6340 49.4
6350 50.5
6360 49.4
6370 49.4
6380 49.9
6390 49.4
6400 49.4
6410 49.4
6420 50.5
6430 49.4
6440 49.4
6450 49.4
6460 49.9
6470 49.4
6480 49.4
6490 49.4
6500 49.4
6510 49.9
6520 49.9
6530 49.4
6540 49.9
6550 49.4
6560 49.4
6570 49.4
6580 49.4
6590 49.4
6600 49.4
6610 49.4
6620 49.4
6630 49.9
6640 49.4
6650 49.9
6660 49.4
6670 49.4
6680 49.4
6690 49.4
6700 49.4
6710 49.4
6720 49.4
6730 49.4
6740 49.4
6750 49.4
6760 49.4
6770 49.4
6780 49.4
6790 49.4
6800 49.4
6810 49.9
6820 49.4
6830 49.4
6840 49.4
6850 49.4
6860 49.4
6870 49.4
6880 49.4
6890 49.4
6900 49.4
6910 49.4
6920 49.4
6930 49.4
6940 49.4
6950 48.3
6960 49.4
6970 49.4
6980 49.4
6990 49.4
7000 49.9
7010 49.4
7020 49.4
7030 50.5
7040 49.4
7050 49.4
7060 49.4
7070 49.9
7080 49.4
7090 49.9
7100 49.9
7110 49.4
7120 49.4
7130 49.9
7140 49.4
7150 49.4
7160 49.4
7170 48.9
7180 49.9
7190 49.9
7200 49.4
7210 49.4
7220 49.4
7230 49.4
7240 49.9
7250 49.4
7260 49.9
7270 49.4
7280 49.4
7290 49.4
7300 49.4
7310 49.4
7320 49.4
7330 49.4
7340 49.4
7350 49.4
7360 49.4
7370 49.4
7380 49.4
7390 49.4
7400 49.4
7410 49.4
7420 49.4
7430 49.4
7440 49.4
7450 49.4
7460 49.9
7470 49.4
7480 49.4
7490 49.4
7500 49.4
7510 49.4
7520 49.4
7530 49.4
7540 49.4
7550 49.9
7560 49.4
7570 49.4
7580 49.4
7590 49.4
7600 49.4
7610 49.4
7620 49.4
7630 49.4
7640 49.4
7650 49.4
7660 49.4
7670 49.4
7680 49.4
7690 49.4
7700 49.4
7710 49.4
7720 49.4
7730 49.4
7740 49.4
7750 49.4
7760 49.4
7770 49.4
7780 49.4
7790 49.4
7800 49.4
7810 50.5
7820 49.9
7830 49.4
7840 49.4
7850 49.4
7860 49.4
7870 49.4
7880 49.9
7890 49.4
7900 49.4
7910 49.4
7920 49.4
7930 49.9
7940 49.4
7950 49.4
7960 49.9
7970 49.4
7980 49.4
7990 49.9
8000 49.4
8010 49.9
8020 49.4
8030 49.4
8040 49.4
8050 49.4
8060 49.4
8070 49.4
8080 49.4
8090 49.4
8100 49.9
8110 49.4
8120 49.4
8130 49.9
8140 49.4
8150 49.4
8160 49.4
8170 49.4
8180 49.9
8190 49.4
8200 49.4
8210 49.4
8220 49.4
8230 49.4
8240 49.4
8250 49.9
8260 49.4
8270 49.9
8280 49.9
8290 49.4
8300 49.4
8310 49.9
8320 49.4
8330 49.9
8340 49.4
8350 49.4
8360 49.9
8370 50.5
8380 50.5
8390 49.9
8400 49.9
8410 49.4
8420 49.9
8430 49.4
8440 49.4
8450 49.9
8460 49.9
8470 49.4
8480 49.4
8490 49.4
8500 49.4
8510 49.9
8520 49.9
8530 49.4
8540 49.4
8550 49.9
8560 49.9
8570 49.9
8580 49.9
8590 49.9
8600 49.4
8610 49.9
8620 49.9
8630 49.4
8640 49.4
8650 49.9
8660 49.4
8670 49.9
8680 49.4
8690 49.9
8700 49.4
8710 49.4
8720 49.9
8730 49.9
8740 49.4
8750 49.4
8760 49.4
8770 49.4
8780 49.9
8790 49.4
8800 49.4
8810 49.4
8820 49.4
8830 49.4
8840 49.4
8850 49.4
8860 49.4
8870 49.9
8880 49.4
8890 49.4
8900 49.4
8910 49.4
8920 49.9
8930 49.4
8940 49.4
8950 49.4
8960 49.4
8970 49.4
8980 49.9
8990 49.4
9000 49.9
9010 49.9
9020 49.9
9030 49.4
9040 49.4
9050 49.4
9060 49.4
9070 49.9
9080 49.4
9090 49.4
9100 49.4
9110 49.4
9120 49.4
9130 49.4
9140 49.4
9150 49.9
9160 49.4
9170 49.4
9180 49.4
9190 49.4
9200 49.4
9210 49.4
9220 49.4
9230 48.9
9240 49.4
9250 49.4
9260 49.4
9270 49.9
9280 49.4
9290 49.4
9300 49.4
9310 49.4
9320 49.9
9330 49.9
9340 49.4
9350 49.4
9360 49.4
9370 49.4
9380 49.4
9390 49.4
9400 49.4
9410 48.9
9420 49.4
9430 49.4
9440 49.4
9450 49.4
9460 49.4
9470 49.4
9480 49.4
9490 49.4
9500 49.4
9510 49.4
9520 49.4
9530 49.4
9540 49.4
9550 49.4
9560 49.4
9570 49.4
9580 49.4
9590 49.4
9600 49.4
9610 49.4
9620 49.4
9630 49.4
9640 49.4
9650 49.4
9660 49.4
9670 49.4
9680 49.4
9690 49.9
9700 49.4
9710 49.4
9720 49.9
9730 49.4
9740 49.4
9750 49.4
9760 49.4
9770 49.4
9780 49.4
9790 49.9
9800 49.4
9810 49.4
9820 49.4
9830 49.9
9840 49.4
9850 49.4
9860 48.9
9870 49.4
9880 49.9
9890 49.4
9900 49.9
9910 49.4
9920 49.4
9930 49.4
9940 49.4
9950 49.4
9960 49.4
9970 49.4
9980 49.4
9990 49.4
10000 49.4
10010 49.4
10020 49.4
10030 49.4
10040 49.9
10050 49.9
10060 49.4
10070 49.4
10080 49.4
10090 49.4
10100 49.4
10110 49.4
10120 49.4
10130 49.4
10140 49.9
10150 49.4
10160 49.4
10170 49.4
10180 49.4
10190 49.4
10200 49.4
10210 49.4
10220 49.4
10230 49.4
10240 49.4
10250 49.4
10260 49.4
10270 49.4
10280 49.9
10290 49.4
10300 49.4
10310 49.4
10320 49.4
10330 49.4
10340 49.4
10350 49.4
10360 49.4
10370 49.4
10380 49.4
10390 49.4
10400 49.4
10410 49.4
10420 49.4
10430 49.4
10440 49.4
10450 49.4
10460 49.4
10470 49.4
10480 49.4
10490 49.4
10500 49.4
10510 49.4
10520 49.4
10530 49.9
10540 49.4
10550 49.4
10560 49.4
10570 49.4
10580 49.4
10590 49.9
10600 49.4
10610 49.4
10620 49.9
10630 49.4
10640 49.4
10650 49.9
10660 49.4
10670 49.4
10680 49.4
10690 49.4
10700 49.9
10710 49.4
10720 49.4
10730 49.4
10740 49.4
10750 49.9
10760 49.4
10770 49.4
10780 49.4
10790 49.4
10800 49.4
10810 49.4
10820 49.9
10830 49.4
10840 49.4
10850 49.4
10860 49.4
10870 49.9
10880 49.4
10890 49.4
10900 49.4
10910 49.4
10920 49.9
10930 49.4
10940 49.4
10950 49.4
10960 49.4
10970 49.4
10980 49.4
10990 49.9
11000 49.9