10 57.38 
20 63.72 
30 63.67 
40 63.61 
50 63.61 
60 63.72 
70 63.67 
80 63.78 
90 63.78 
100 63.78 
110 63.72 
120 63.72 
130 63.77 
140 63.77 
150 63.77 
160 63.71 
170 63.76 
180 63.65 
190 63.7 
200 63.7 
210 63.65 
220 63.65 
230 63.71 
240 63.77 
250 63.88 
260 63.88 
270 63.94 
280 63.94 
290 63.94 
300 64.05 
310 64.05 
320 64.05 
330 63.94 
340 63.88 
350 63.82 
360 63.88 
370 63.82 
380 63.87 
390 63.87 
400 63.87 
410 63.87 
420 63.98 
430 63.98 
440 63.93 
450 63.99 
460 63.88 
470 63.83 
480 63.83 
490 63.78 
500 63.67 
510 63.72 
520 63.61 
530 63.61 
540 63.66 
550 63.66 
560 63.66 
570 63.66 
580 63.66 
590 63.66 
600 63.71 
610 63.66 
620 63.77 
630 63.77 
640 63.77 
650 63.71 
660 63.76 
670 63.81 
680 63.81 
690 63.86 
700 63.81 
710 63.92 
720 63.81 
730 63.86 
740 63.92 
750 63.87 
760 63.93 
770 63.99 
780 63.94 
790 63.94 
800 63.99 
810 63.93 
820 63.98 
830 64.04 
840 63.98 
850 64.09 
860 63.98 
870 63.98 
880 64.03 
890 64.09 
900 64.15 
910 64.1 
920 64.05 
930 63.94 
940 63.94 
950 63.88 
960 63.99 
970 63.99 
980 64.05 
990 64.05 
1000 63.99 
1010 64.04 
1020 64.04 
1030 64.04 
1040 63.99 
1050 64.05 
1060 63.94 
1070 63.94 
1080 63.94 
1090 63.94 
1100 63.94 
1110 63.94 
1120 64.05 
1130 64.1 
1140 64.15 
1150 64.09 
1160 64.14 
1170 64.14 
1180 64.08 
1190 64.08 
1200 64.03 
1210 64.09 
1220 64.09 
1230 64.04 
1240 64.1 
1250 64.1 
1260 64.1 
1270 64.04 
1280 64.04 
1290 63.98 
1300 64.03 
1310 64.03 
1320 64.03 
1330 64.08 
1340 64.02 
1350 63.97 
1360 64.03 
1370 63.98 
1380 64.04 
1390 63.99 
1400 64.05 
1410 64.05 
1420 63.94 
1430 63.89 
1440 63.84 
1450 63.95 
1460 63.84 
1470 63.89 
1480 63.78 
1490 63.78 
1500 63.72 
1510 63.72 
1520 63.77 
1530 63.77 
1540 63.77 
1550 63.77 
1560 63.88 
1570 63.83 
1580 63.83 
1590 63.94 
1600 63.89 
1610 63.83 
1620 63.83 
1630 63.94 
1640 64.05 
1650 63.94 
1660 63.88 
1670 63.93 
1680 63.93 
1690 63.82 
1700 63.93 
1710 63.99 
1720 64.05 
1730 64.05 
1740 63.99 
1750 64.04 
1760 64.1 
1770 64.05 
1780 64.16 
1790 64.21 
1800 64.21 
1810 64.21 
1820 64.21 
1830 64.1 
1840 64.1 
1850 64.16 
1860 64.16 
1870 64.27 
1880 64.21 
1890 64.27 
1900 64.21 
1910 64.1 
1920 64.1 
1930 64.1 
1940 64.05 
1950 63.99 
1960 63.99 
1970 63.99 
1980 64.05 
1990 64.05 
2000 64.11 
2010 64.22 
2020 64.11 
2030 64.16 
2040 64.27 
2050 64.27 
2060 64.27 
2070 64.27 
2080 64.16 
2090 64.1 
2100 63.99 
2110 63.99 
2120 64.1 
2130 64.1 
2140 64.04 
2150 64.04 
2160 64.04 
2170 64.04 
2180 64.15 
2190 64.21 
2200 64.32 
2210 64.32 
2220 64.32 
2230 64.38 
2240 64.44 
2250 64.5 
2260 64.39 
2270 64.33 
2280 64.33 
2290 64.33 
2300 64.33 
2310 64.33 
2320 64.33 
2330 64.33 
2340 64.33 
2350 64.33 
2360 64.44 
2370 64.5 
2380 64.5 
2390 64.55 
2400 64.55 
2410 64.6 
2420 64.65 
2430 64.65 
2440 64.65 
2450 64.65 
2460 64.65 
2470 64.65 
2480 64.65 
2490 64.65 
2500 64.65 
2510 64.65 
2520 64.65 
2530 64.7 
2540 64.7 
2550 64.7 
2560 64.75 
2570 64.75 
2580 64.75 
2590 64.7 
2600 64.64 
2610 64.59 
2620 64.48 
2630 64.43 
2640 64.37 
2650 64.37 
2660 64.37 
2670 64.37 
2680 64.31 
2690 64.31 
2700 64.26 
2710 64.2 
2720 64.26 
2730 64.26 
2740 64.32 
2750 64.21 
2760 64.16 
2770 64.21 
2780 64.27 
2790 64.27 
2800 64.38 
2810 64.44 
2820 64.38 
2830 64.27 
2840 64.27 
2850 64.38 
2860 64.38 
2870 64.22 
2880 64.11 
2890 64.05 
2900 64.05 
2910 63.94 
2920 63.89 
2930 64 
2940 63.89 
2950 63.89 
2960 63.78 
2970 63.83 
2980 63.83 
2990 63.89 
3000 63.89 
3010 63.94 
3020 63.99 
3030 63.88 
3040 63.88 
3050 63.88 
3060 63.99 
3070 63.94 
3080 63.99 
3090 63.88 
3100 63.82 
3110 63.82 
3120 63.77 
3130 63.88 
3140 63.93 
3150 63.82 
3160 63.71 
3170 63.76 
3180 63.82 
3190 63.82 
3200 63.77 
3210 63.77 
3220 63.82 
3230 63.76 
3240 63.76 
3250 63.81 
3260 63.81 
3270 63.81 
3280 63.7 
3290 63.81 
3300 63.92 
3310 63.87 
3320 63.87 
3330 63.82 
3340 63.82 
3350 63.88 
3360 63.99 
3370 63.94 
3380 63.94 
3390 63.88 
3400 63.77 
3410 63.88 
3420 63.83 
3430 63.88 
3440 63.83 
3450 63.72 
3460 63.61 
3470 63.61 
3480 63.61 
3490 63.61 
3500 63.66 
3510 63.6 
3520 63.6 
3530 63.55 
3540 63.55 
3550 63.66 
3560 63.66 
3570 63.66 
3580 63.66 
3590 63.61 
3600 63.56 
3610 63.51 
3620 63.56 
3630 63.56 
3640 63.56 
3650 63.5 
3660 63.44 
3670 63.44 
3680 63.49 
3690 63.49 
3700 63.49 
3710 63.49 
3720 63.44 
3730 63.44 
3740 63.44 
3750 63.39 
3760 63.45 
3770 63.56 
3780 63.51 
3790 63.51 
3800 63.51 
3810 63.51 
3820 63.51 
3830 63.51 
3840 63.51 
3850 63.62 
3860 63.73 
3870 63.73 
3880 63.84 
3890 63.84 
3900 63.84 
3910 63.84 
3920 63.84 
3930 63.84 
3940 63.84 
3950 63.73 
3960 63.62 
3970 63.51 
3980 63.45 
3990 63.45 
4000 63.5 
4010 63.5 
4020 63.44 
4030 63.44 
4040 63.49 
4050 63.54 
4060 63.59 
4070 63.59 
4080 63.54 
4090 63.48 
4100 63.43 
4110 63.43 
4120 63.49 
4130 63.54 
4140 63.49 
4150 63.44 
4160 63.39 
4170 63.39 
4180 63.39 
4190 63.45 
4200 63.39 
4210 63.39 
4220 63.39 
4230 63.34 
4240 63.34 
4250 63.34 
4260 63.34 
4270 63.45 
4280 63.45 
4290 63.45 
4300 63.51 
4310 63.51 
4320 63.51 
4330 63.51 
4340 63.51 
4350 63.56 
4360 63.56 
4370 63.45 
4380 63.45 
4390 63.45 
4400 63.45 
4410 63.45 
4420 63.45 
4430 63.5 
4440 63.5 
4450 63.45 
4460 63.45 
4470 63.45 
4480 63.45 
4490 63.45 
4500 63.45 
4510 63.45 
4520 63.45 
4530 63.4 
4540 63.4 
4550 63.4 
4560 63.4 
4570 63.4 
4580 63.4 
4590 63.4 
4600 63.4 
4610 63.4 
4620 63.4 
4630 63.4 
4640 63.4 
4650 63.4 
4660 63.4 
4670 63.4 
4680 63.4 
4690 63.4 
4700 63.34 
4710 63.34 
4720 63.34 
4730 63.34 
4740 63.34 
4750 63.34 
4760 63.34 
4770 63.39 
4780 63.33 
4790 63.33 
4800 63.39 
4810 63.39 
4820 63.33 
4830 63.33 
4840 63.33 
4850 63.33 
4860 63.38 
4870 63.33 
4880 63.39 
4890 63.39 
4900 63.39 
4910 63.39 
4920 63.45 
4930 63.45 
4940 63.45 
4950 63.5 
4960 63.39 
4970 63.39 
4980 63.39 
4990 63.33 
5000 63.38 
5010 63.43 
5020 63.37 
5030 63.37 
5040 63.37 
5050 63.32 
5060 63.38 
5070 63.38 
5080 63.38 
5090 63.44 
5100 63.39 
5110 63.34 
5120 63.4 
5130 63.4 
5140 63.45 
5150 63.45 
5160 63.45 
5170 63.45 
5180 63.45 
5190 63.45 
5200 63.45 
5210 63.45 
5220 63.45 
5230 63.39 
5240 63.34 
5250 63.34 
5260 63.34 
5270 63.34 
5280 63.34 
5290 63.34 
5300 63.34 
5310 63.34 
5320 63.39 
5330 63.45 
5340 63.45 
5350 63.45 
5360 63.45 
5370 63.39 
5380 63.39 
5390 63.39 
5400 63.39 
5410 63.33 
5420 63.28 
5430 63.28 
5440 63.28 
5450 63.28 
5460 63.28 
5470 63.34 
5480 63.34 
5490 63.34 
5500 63.34 
5510 63.4 
5520 63.4 
5530 63.4 
5540 63.4 
5550 63.4 
5560 63.4 
5570 63.4 
5580 63.4 
5590 63.34 
5600 63.34 
5610 63.34 
5620 63.34 
5630 63.39 
5640 63.39 
5650 63.39 
5660 63.39 
5670 63.39 
5680 63.39 
5690 63.45 
5700 63.45 
5710 63.39 
5720 63.39 
5730 63.34 
5740 63.34 
5750 63.34 
5760 63.28 
5770 63.28 
5780 63.28 
5790 63.22 
5800 63.16 
5810 63.22 
5820 63.22 
5830 63.16 
5840 63.16 
5850 63.16 
5860 63.22 
5870 63.22 
5880 63.16 
5890 63.22 
5900 63.28 
5910 63.28 
5920 63.28 
5930 63.34 
5940 63.34 
5950 63.34 
5960 63.34 
5970 63.34 
5980 63.34 
5990 63.34 
6000 63.34 
6010 63.34 
6020 63.28 
6030 63.28 
6040 63.28 
6050 63.28 
6060 63.28 
6070 63.28 
6080 63.28 
6090 63.28 
6100 63.28 
6110 63.28 
6120 63.28 
6130 63.22 
6140 63.22 
6150 63.22 
6160 63.22 
6170 63.22 
6180 63.22 
6190 63.22 
6200 63.22 
6210 63.27 
6220 63.33 
6230 63.39 
6240 63.44 
6250 63.44 
6260 63.44 
6270 63.44 
6280 63.5 
6290 63.44 
6300 63.44 
6310 63.39 
6320 63.33 
6330 63.33 
6340 63.28 
6350 63.28 
6360 63.28 
6370 63.22 
6380 63.22 
6390 63.28 
6400 63.28 
6410 63.28 
6420 63.45 
6430 63.45 
6440 63.45 
6450 63.39 
6460 63.39 
6470 63.45 
6480 63.45 
6490 63.45 
6500 63.45 
6510 63.45 
6520 63.28 
6530 63.28 
6540 63.33 
6550 63.39 
6560 63.39 
6570 63.39 
6580 63.39 
6590 63.33 
6600 63.33 
6610 63.27 
6620 63.33 
6630 63.33 
6640 63.28 
6650 63.22 
6660 63.22 
6670 63.22 
6680 63.22 
6690 63.28 
6700 63.28 
6710 63.34 
6720 63.34 
6730 63.34 
6740 63.34 
6750 63.4 
6760 63.4 
6770 63.4 
6780 63.4 
6790 63.4 
6800 63.4 
6810 63.4 
6820 63.4 
6830 63.4 
6840 63.4 
6850 63.4 
6860 63.29 
6870 63.23 
6880 63.23 
6890 63.23 
6900 63.28 
6910 63.22 
6920 63.16 
6930 63.16 
6940 63.1 
6950 63.1 
6960 63.21 
6970 63.27 
6980 63.27 
6990 63.27 
7000 63.22 
7010 63.22 
7020 63.28 
7030 63.28 
7040 63.34 
7050 63.34 
7060 63.34 
7070 63.34 
7080 63.34 
7090 63.34 
7100 63.34 
7110 63.4 
7120 63.34 
7130 63.34 
7140 63.34 
7150 63.34 
7160 63.34 
7170 63.34 
7180 63.34 
7190 63.34 
7200 63.34 
7210 63.34 
7220 63.4 
7230 63.4 
7240 63.4 
7250 63.4 
7260 63.4 
7270 63.4 
7280 63.4 
7290 63.4 
7300 63.4 
7310 63.34 
7320 63.28 
7330 63.28 
7340 63.28 
7350 63.28 
7360 63.22 
7370 63.22 
7380 63.22 
7390 63.22 
7400 63.22 
7410 63.28 
7420 63.34 
7430 63.28 
7440 63.28 
7450 63.28 
7460 63.34 
7470 63.34 
7480 63.34 
7490 63.28 
7500 63.33 
7510 63.33 
7520 63.33 
7530 63.33 
7540 63.27 
7550 63.21 
7560 63.15 
7570 63.15 
7580 63.09 
7590 63.15 
7600 63.1 
7610 63.1 
7620 63.1 
7630 63.16 
7640 63.16 
7650 63.16 
7660 63.22 
7670 63.22 
7680 63.22 
7690 63.16 
7700 63.16 
7710 63.16 
7720 63.16 
7730 63.16 
7740 63.22 
7750 63.28 
7760 63.28 
7770 63.28 
7780 63.34 
7790 63.4 
7800 63.4 
7810 63.29 
7820 63.29 
7830 63.29 
7840 63.29 
7850 63.29 
7860 63.29 
7870 63.23 
7880 63.17 
7890 63.17 
7900 63.17 
7910 63.28 
7920 63.28 
7930 63.28 
7940 63.28 
7950 63.22 
7960 63.22 
7970 63.28 
7980 63.34 
7990 63.28 
8000 63.28 
8010 63.28 
8020 63.28 
8030 63.28 
8040 63.28 
8050 63.34 
8060 63.34 
8070 63.28 
8080 63.28 
8090 63.34 
8100 63.34 
8110 63.28 
8120 63.22 
8130 63.16 
8140 63.16 
8150 63.16 
8160 63.16 
8170 63.22 
8180 63.22 
8190 63.22 
8200 63.22 
8210 63.28 
8220 63.34 
8230 63.4 
8240 63.4 
8250 63.4 
8260 63.4 
8270 63.34 
8280 63.34 
8290 63.34 
8300 63.28 
8310 63.22 
8320 63.16 
8330 63.16 
8340 63.16 
8350 63.1 
8360 63.04 
8370 63.1 
8380 63.1 
8390 63.04 
8400 63.04 
8410 63.1 
8420 63.1 
8430 63.1 
8440 63.1 
8450 63.16 
8460 63.16 
8470 63.1 
8480 63.1 
8490 63.16 
8500 63.16 
8510 63.16 
8520 63.16 
8530 63.16 
8540 63.16 
8550 63.16 
8560 63.22 
8570 63.28 
8580 63.22 
8590 63.11 
8600 63.17 
8610 63.17 
8620 63.17 
8630 63.17 
8640 63.11 
8650 63.11 
8660 63.11 
8670 63.11 
8680 63.17 
8690 63.28 
8700 63.22 
8710 63.16 
8720 63.22 
8730 63.16 
8740 63.16 
8750 63.1 
8760 63.04 
8770 63.04 
8780 63.04 
8790 63.04 
8800 63.04 
8810 63.1 
8820 63.1 
8830 63.16 
8840 63.22 
8850 63.22 
8860 63.28 
8870 63.22 
8880 63.22 
8890 63.22 
8900 63.28 
8910 63.28 
8920 63.22 
8930 63.22 
8940 63.16 
8950 63.22 
8960 63.11 
8970 63.17 
8980 63.17 
8990 63.11 
9000 63.05 
9010 63.05 
9020 63.11 
9030 63.11 
9040 63.17 
9050 63.17 
9060 63.28 
9070 63.28 
9080 63.28 
9090 63.34 
9100 63.4 
9110 63.4 
9120 63.34 
9130 63.28 
9140 63.28 
9150 63.28 
9160 63.22 
9170 63.22 
9180 63.22 
9190 63.22 
9200 63.16 
9210 63.1 
9220 63.16 
9230 63.22 
9240 63.22 
9250 63.22 
9260 63.17 
9270 63.17 
9280 63.06 
9290 63 
9300 63 
9310 63.06 
9320 63 
9330 62.94 
9340 62.88 
9350 62.82 
9360 62.93 
9370 62.93 
9380 63.09 
9390 63.09 
9400 63.09 
9410 63.03 
9420 63.03 
9430 63.09 
9440 63.09 
9450 63.15 
9460 63.15 
9470 63.15 
9480 62.99 
9490 63.05 
9500 63.05 
9510 63.11 
9520 63.17 
9530 63.17 
9540 63.23 
9550 63.23 
9560 63.17 
9570 63.17 
9580 63.22 
9590 63.22 
9600 63.28 
9610 63.22 
9620 63.22 
9630 63.16 
9640 63.1 
9650 63.04 
9660 63.04 
9670 62.98 
9680 63.04 
9690 63.04 
9700 63.04 
9710 63.04 
9720 63.04 
9730 63.04 
9740 63.1 
9750 63.1 
9760 63.16 
9770 63.22 
9780 63.16 
9790 63.16 
9800 63.16 
9810 63.16 
9820 63.1 
9830 63.1 
9840 63.1 
9850 63.16 
9860 63.1 
9870 63.04 
9880 63.1 
9890 63.04 
9900 63.04 
9910 63.04 
9920 63.1 
9930 63.16 
9940 63.16 
9950 63.1 
9960 63.16 
9970 63.16 
9980 63.16 
9990 63.16 
10000 63.05 
10010 63.05 
10020 63.05 
10030 63.05 
10040 62.99 
10050 63.05 
10060 63.05 
10070 63.11 
10080 63.11 
10090 63.17 
10100 63.22 
10110 63.28 
10120 63.28 
10130 63.28 
10140 63.34 
10150 63.34 
10160 63.23 
10170 63.17 
10180 63.17 
10190 63.11 
10200 63.17 
10210 63.11 
10220 63 
10230 63 
10240 62.94 
10250 62.88 
10260 62.88 
10270 62.83 
10280 62.77 
10290 62.83 
10300 62.83 
10310 62.89 
10320 62.94 
10330 62.88 
10340 62.94 
10350 62.94 
10360 62.99 
10370 63.1 
10380 63.16 
10390 63.1 
10400 63.1 
10410 63.1 
10420 63.16 
10430 63.11 
10440 63.05 
10450 63.05 
10460 63.05 
10470 62.99 
10480 62.93 
10490 62.88 
10500 62.82 
10510 62.82 
10520 62.76 
10530 62.87 
10540 62.87 
10550 62.87 
10560 62.87 
10570 62.87 
10580 62.87 
10590 62.98 
10600 63.04 
10610 62.98 
10620 62.98 
10630 62.98 
10640 62.98 
10650 63.04 
10660 63.1 
10670 63.1 
10680 63.1 
10690 63.1 
10700 63.1 
10710 63.1 
10720 63.16 
10730 63.16 
10740 63.16 
10750 63.1 
10760 63.04 
10770 63.1 
10780 63.1 
10790 63.1 
10800 63.1 
10810 63.16 
10820 63.16 
10830 63.16 
10840 63.22 
10850 63.28 
10860 63.28 
10870 63.28 
10880 63.28 
10890 63.28 
10900 63.28 
10910 63.28 
10920 63.28 
10930 63.28 
10940 63.22 
10950 63.16 
10960 63.22 
10970 63.16 
10980 63.16 
10990 63.16 
11000 63.1 