10 55.32 
20 61.5 
30 61.56 
40 61.61 
50 61.67 
60 61.67 
70 61.73 
80 61.67 
90 61.61 
100 61.61 
110 61.67 
120 61.61 
130 61.61 
140 61.5 
150 61.5 
160 61.61 
170 61.66 
180 61.72 
190 61.72 
200 61.66 
210 61.71 
220 61.77 
230 61.77 
240 61.77 
250 61.71 
260 61.66 
270 61.55 
280 61.49 
290 61.49 
300 61.49 
310 61.49 
320 61.43 
330 61.37 
340 61.48 
350 61.48 
360 61.42 
370 61.48 
380 61.59 
390 61.59 
400 61.59 
410 61.54 
420 61.54 
430 61.6 
440 61.55 
450 61.61 
460 61.67 
470 61.72 
480 61.72 
490 61.78 
500 61.78 
510 61.78 
520 61.84 
530 61.84 
540 61.89 
550 61.83 
560 61.83 
570 61.72 
580 61.67 
590 61.67 
600 61.67 
610 61.72 
620 61.66 
630 61.66 
640 61.55 
650 61.55 
660 61.49 
670 61.49 
680 61.49 
690 61.54 
700 61.54 
710 61.49 
720 61.55 
730 61.6 
740 61.71 
750 61.82 
760 61.88 
770 61.88 
780 61.88 
790 61.83 
800 61.89 
810 61.94 
820 61.94 
830 61.89 
840 61.89 
850 61.84 
860 61.89 
870 61.89 
880 61.94 
890 61.99 
900 61.99 
910 61.94 
920 61.94 
930 61.88 
940 61.88 
950 61.93 
960 61.82 
970 61.88 
980 61.88 
990 61.83 
1000 61.83 
1010 61.77 
1020 61.82 
1030 61.93 
1040 61.82 
1050 61.82 
1060 61.93 
1070 61.98 
1080 61.98 
1090 62.03 
1100 62.08 
1110 62.19 
1120 62.14 
1130 62.14 
1140 62.2 
1150 62.15 
1160 62.15 
1170 62.04 
1180 61.99 
1190 61.99 
1200 61.88 
1210 61.77 
1220 61.82 
1230 61.71 
1240 61.76 
1250 61.76 
1260 61.76 
1270 61.87 
1280 61.87 
1290 61.87 
1300 61.98 
1310 61.98 
1320 61.98 
1330 62.09 
1340 62.04 
1350 62.04 
1360 62.04 
1370 62.04 
1380 62.09 
1390 62.04 
1400 61.99 
1410 61.99 
1420 61.88 
1430 61.83 
1440 61.77 
1450 61.71 
1460 61.6 
1470 61.44 
1480 61.39 
1490 61.33 
1500 61.27 
1510 61.27 
1520 61.27 
1530 61.27 
1540 61.27 
1550 61.22 
1560 61.22 
1570 61.27 
1580 61.21 
1590 61.16 
1600 61.16 
1610 61.16 
1620 61.11 
1630 61 
1640 61 
1650 61.05 
1660 61.05 
1670 61.05 
1680 61.05 
1690 61.1 
1700 61.05 
1710 61 
1720 61.05 
1730 61.05 
1740 61 
1750 61 
1760 60.89 
1770 60.89 
1780 60.84 
1790 60.79 
1800 60.79 
1810 60.79 
1820 60.74 
1830 60.68 
1840 60.62 
1850 60.51 
1860 60.57 
1870 60.52 
1880 60.52 
1890 60.52 
1900 60.57 
1910 60.57 
1920 60.57 
1930 60.63 
1940 60.69 
1950 60.69 
1960 60.69 
1970 60.69 
1980 60.69 
1990 60.63 
2000 60.58 
2010 60.63 
2020 60.63 
2030 60.63 
2040 60.68 
2050 60.74 
2060 60.74 
2070 60.74 
2080 60.74 
2090 60.74 
2100 60.79 
2110 60.74 
2120 60.74 
2130 60.74 
2140 60.69 
2150 60.69 
2160 60.69 
2170 60.74 
2180 60.74 
2190 60.8 
2200 60.75 
2210 60.69 
2220 60.63 
2230 60.63 
2240 60.57 
2250 60.51 
2260 60.45 
2270 60.4 
2280 60.45 
2290 60.39 
2300 60.39 
2310 60.45 
2320 60.45 
2330 60.45 
2340 60.45 
2350 60.45 
2360 60.51 
2370 60.51 
2380 60.4 
2390 60.46 
2400 60.4 
2410 60.4 
2420 60.4 
2430 60.34 
2440 60.34 
2450 60.34 
2460 60.28 
2470 60.28 
2480 60.34 
2490 60.34 
2500 60.34 
2510 60.34 
2520 60.34 
2530 60.34 
2540 60.34 
2550 60.34 
2560 60.4 
2570 60.34 
2580 60.34 
2590 60.28 
2600 60.28 
2610 60.28 
2620 60.28 
2630 60.28 
2640 60.28 
2650 60.28 
2660 60.22 
2670 60.22 
2680 60.22 
2690 60.28 
2700 60.28 
2710 60.28 
2720 60.34 
2730 60.4 
2740 60.46 
2750 60.52 
2760 60.52 
2770 60.58 
2780 60.58 
2790 60.52 
2800 60.58 
2810 60.52 
2820 60.36 
2830 60.3 
2840 60.24 
2850 60.18 
2860 60.18 
2870 60.18 
2880 60.12 
2890 60.12 
2900 60.06 
2910 60.06 
2920 60.16 
2930 60.16 
2940 60.16 
2950 60.16 
2960 60.16 
2970 60.1 
2980 60.1 
2990 60.1 
3000 60.05 
3010 60.05 
3020 60.05 
3030 60.05 
3040 60.05 
3050 60.05 
3060 60.05 
3070 60.05 
3080 60.05 
3090 60.05 
3100 60.1 
3110 60.1 
3120 60.1 
3130 60.1 
3140 60.1 
3150 60.1 
3160 60.1 
3170 60.1 
3180 60.1 
3190 60.1 
3200 60.1 
3210 60.1 
3220 60.16 
3230 60.16 
3240 60.16 
3250 60.16 
3260 60.11 
3270 60.11 
3280 60.11 
3290 60.11 
3300 60.06 
3310 60.12 
3320 60.06 
3330 60.06 
3340 60.06 
3350 60.06 
3360 60.11 
3370 60.11 
3380 60.11 
3390 60.11 
3400 60.16 
3410 60.1 
3420 60.1 
3430 60.1 
3440 60.16 
3450 60.16 
3460 60.16 
3470 60.16 
3480 60.16 
3490 60.22 
3500 60.22 
3510 60.22 
3520 60.17 
3530 60.17 
3540 60.17 
3550 60.17 
3560 60.17 
3570 60.17 
3580 60.17 
3590 60.11 
3600 60.11 
3610 60.11 
3620 60.16 
3630 60.22 
3640 60.16 
3650 60.16 
3660 60.16 
3670 60.16 
3680 60.16 
3690 60.16 
3700 60.16 
3710 60.16 
3720 60.16 
3730 60.1 
3740 60.1 
3750 60.1 
3760 60.1 
3770 60.1 
3780 60.1 
3790 60.1 
3800 60.05 
3810 60.05 
3820 59.95 
3830 59.95 
3840 59.95 
3850 59.95 
3860 59.95 
3870 59.95 
3880 59.95 
3890 60.01 
3900 60.17 
3910 60.17 
3920 60.27 
3930 60.27 
3940 60.27 
3950 60.27 
3960 60.27 
3970 60.27 
3980 60.27 
3990 60.21 
4000 60.1 
4010 60.1 
4020 60.1 
4030 60.05 
4040 60.05 
4050 60.11 
4060 60.11 
4070 60.11 
4080 60.11 
4090 60.11 
4100 60.17 
4110 60.17 
4120 60.07 
4130 60.12 
4140 60.12 
4150 60.06 
4160 60.06 
4170 60.06 
4180 60.06 
4190 60.01 
4200 59.95 
4210 59.95 
4220 60.05 
4230 60.05 
4240 60.05 
4250 60.05 
4260 60.11 
4270 60.06 
4280 60.12 
4290 60.23 
4300 60.23 
4310 60.23 
4320 60.29 
4330 60.24 
4340 60.3 
4350 60.3 
4360 60.24 
4370 60.29 
4380 60.23 
4390 60.17 
4400 60.17 
4410 60.17 
4420 60.11 
4430 60.16 
4440 60.1 
4450 60.1 
4460 60.1 
4470 60.16 
4480 60.16 
4490 60.16 
4500 60.16 
4510 60.16 
4520 60.06 
4530 60.06 
4540 60.06 
4550 60.06 
4560 60.06 
4570 60 
4580 60 
4590 60 
4600 59.95 
4610 59.95 
4620 60 
4630 60 
4640 60 
4650 60 
4660 60 
4670 59.9 
4680 59.9 
4690 59.9 
4700 59.85 
4710 59.75 
4720 59.8 
4730 59.8 
4740 59.75 
4750 59.7 
4760 59.6 
4770 59.7 
4780 59.7 
4790 59.7 
4800 59.8 
4810 59.9 
4820 59.9 
4830 59.9 
4840 59.95 
4850 60 
4860 60.05 
4870 59.95 
4880 59.95 
4890 59.95 
4900 59.95 
4910 59.95 
4920 60.01 
4930 60.01 
4940 60.01 
4950 60.01 
4960 60.06 
4970 60.22 
4980 60.22 
4990 60.22 
5000 60.12 
5010 60.12 
5020 60.06 
5030 60.06 
5040 59.96 
5050 59.96 
5060 59.91 
5070 59.85 
5080 59.85 
5090 59.75 
5100 59.85 
5110 59.85 
5120 59.85 
5130 59.85 
5140 59.95 
5150 59.95 
5160 60 
5170 60 
5180 60 
5190 60.1 
5200 60.05 
5210 60 
5220 60 
5230 60 
5240 60 
5250 59.95 
5260 59.95 
5270 59.95 
5280 59.95 
5290 59.95 
5300 60 
5310 60 
5320 60 
5330 60 
5340 59.9 
5350 59.95 
5360 59.95 
5370 59.95 
5380 59.95 
5390 59.95 
5400 59.95 
5410 60 
5420 60 
5430 60 
5440 60.1 
5450 60.1 
5460 60.1 
5470 60.1 
5480 60.1 
5490 60.1 
5500 60.1 
5510 60.16 
5520 60.16 
5530 60.16 
5540 60.11 
5550 60.11 
5560 60.11 
5570 60.11 
5580 60.11 
5590 60.06 
5600 60.01 
5610 59.95 
5620 59.9 
5630 59.9 
5640 59.95 
5650 59.95 
5660 59.95 
5670 59.9 
5680 59.9 
5690 59.95 
5700 59.95 
5710 59.95 
5720 60 
5730 60 
5740 60 
5750 60 
5760 60 
5770 60.05 
5780 60.05 
5790 60.05 
5800 60.05 
5810 60.05 
5820 60.05 
5830 60.05 
5840 60 
5850 60 
5860 60 
5870 60 
5880 60 
5890 60 
5900 60.05 
5910 60.05 
5920 60.05 
5930 60.05 
5940 60.1 
5950 60.1 
5960 60.1 
5970 60.1 
5980 60.05 
5990 60.05 
6000 60.05 
6010 60 
6020 60 
6030 60 
6040 60 
6050 59.95 
6060 59.95 
6070 60.01 
6080 60.06 
6090 59.96 
6100 59.96 
6110 59.96 
6120 59.96 
6130 59.96 
6140 59.96 
6150 60.01 
6160 60.01 
6170 59.95 
6180 59.95 
6190 60 
6200 60 
6210 60.05 
6220 60.05 
6230 60.05 
6240 60.05 
6250 60 
6260 60 
6270 59.95 
6280 59.95 
6290 60 
6300 60 
6310 60 
6320 60 
6330 60 
6340 59.95 
6350 59.95 
6360 59.95 
6370 60 
6380 60 
6390 60 
6400 60 
6410 60 
6420 59.95 
6430 59.95 
6440 60 
6450 60.05 
6460 59.95 
6470 59.85 
6480 59.85 
6490 59.85 
6500 59.75 
6510 59.7 
6520 59.7 
6530 59.7 
6540 59.6 
6550 59.66 
6560 59.76 
6570 59.76 
6580 59.82 
6590 59.82 
6600 59.92 
6610 59.87 
6620 59.92 
6630 59.92 
6640 60.02 
6650 59.96 
6660 59.96 
6670 59.96 
6680 59.9 
6690 59.85 
6700 59.85 
6710 59.9 
6720 59.9 
6730 59.9 
6740 59.8 
6750 59.8 
6760 59.8 
6770 59.9 
6780 59.9 
6790 59.95 
6800 59.95 
6810 60 
6820 60 
6830 60.06 
6840 60.16 
6850 60.16 
6860 60.16 
6870 60.16 
6880 60.16 
6890 60.16 
6900 60.16 
6910 60.16 
6920 60.16 
6930 60.05 
6940 60.11 
6950 60.06 
6960 60.06 
6970 60.06 
6980 60.01 
6990 60.01 
7000 59.96 
7010 59.96 
7020 59.96 
7030 60.01 
7040 59.95 
7050 60 
7060 59.95 
7070 59.9 
7080 59.95 
7090 59.95 
7100 59.95 
7110 59.85 
7120 59.85 
7130 59.8 
7140 59.75 
7150 59.75 
7160 59.8 
7170 59.85 
7180 59.85 
7190 59.85 
7200 59.9 
7210 59.9 
7220 59.8 
7230 59.85 
7240 59.9 
7250 59.9 
7260 59.9 
7270 59.85 
7280 59.75 
7290 59.65 
7300 59.65 
7310 59.75 
7320 59.8 
7330 59.8 
7340 59.8 
7350 59.8 
7360 59.7 
7370 59.65 
7380 59.75 
7390 59.8 
7400 59.8 
7410 59.7 
7420 59.7 
7430 59.65 
7440 59.6 
7450 59.6 
7460 59.6 
7470 59.7 
7480 59.7 
7490 59.7 
7500 59.7 
7510 59.8 
7520 59.75 
7530 59.8 
7540 59.75 
7550 59.75 
7560 59.85 
7570 59.8 
7580 59.8 
7590 59.85 
7600 59.85 
7610 59.75 
7620 59.85 
7630 59.85 
7640 59.95 
7650 59.85 
7660 59.75 
7670 59.8 
7680 59.7 
7690 59.7 
7700 59.7 
7710 59.75 
7720 59.75 
7730 59.75 
7740 59.65 
7750 59.75 
7760 59.85 
7770 59.8 
7780 59.9 
7790 59.85 
7800 59.85 
7810 59.85 
7820 59.85 
7830 59.75 
7840 59.8 
7850 59.75 
7860 59.65 
7870 59.7 
7880 59.6 
7890 59.55 
7900 59.5 
7910 59.55 
7920 59.5 
7930 59.5 
7940 59.55 
7950 59.5 
7960 59.5 
7970 59.45 
7980 59.45 
7990 59.5 
8000 59.45 
8010 59.35 
8020 59.3 
8030 59.4 
8040 59.35 
8050 59.4 
8060 59.4 
8070 59.45 
8080 59.45 
8090 59.45 
8100 59.45 
8110 59.5 
8120 59.5 
8130 59.45 
8140 59.45 
8150 59.5 
8160 59.6 
8170 59.6 
8180 59.7 
8190 59.65 
8200 59.7 
8210 59.75 
8220 59.75 
8230 59.7 
8240 59.7 
8250 59.7 
8260 59.7 
8270 59.6 
8280 59.6 
8290 59.7 
8300 59.75 
8310 59.75 
8320 59.85 
8330 59.95 
8340 60 
8350 59.95 
8360 59.95 
8370 60.05 
8380 59.95 
8390 59.95 
8400 59.95 
8410 59.95 
8420 59.85 
8430 59.8 
8440 59.75 
8450 59.8 
8460 59.75 
8470 59.75 
8480 59.85 
8490 59.85 
8500 59.8 
8510 59.8 
8520 59.9 
8530 59.9 
8540 59.95 
8550 59.85 
8560 59.9 
8570 59.85 
8580 59.85 
8590 59.85 
8600 59.9 
8610 59.9 
8620 59.9 
8630 59.85 
8640 59.8 
8650 59.85 
8660 59.85 
8670 59.85 
8680 59.8 
8690 59.75 
8700 59.75 
8710 59.65 
8720 59.6 
8730 59.65 
8740 59.65 
8750 59.6 
8760 59.5 
8770 59.55 
8780 59.5 
8790 59.5 
8800 59.4 
8810 59.5 
8820 59.5 
8830 59.45 
8840 59.5 
8850 59.6 
8860 59.6 
8870 59.55 
8880 59.55 
8890 59.5 
8900 59.55 
8910 59.55 
8920 59.5 
8930 59.55 
8940 59.45 
8950 59.35 
8960 59.4 
8970 59.45 
8980 59.55 
8990 59.65 
9000 59.7 
9010 59.7 
9020 59.8 
9030 59.75 
9040 59.8 
9050 59.8 
9060 59.85 
9070 59.75 
9080 59.65 
9090 59.6 
9100 59.6 
9110 59.5 
9120 59.45 
9130 59.45 
9140 59.45 
9150 59.55 
9160 59.55 
9170 59.55 
9180 59.55 
9190 59.6 
9200 59.6 
9210 59.7 
9220 59.7 
9230 59.75 
9240 59.7 
9250 59.65 
9260 59.6 
9270 59.65 
9280 59.7 
9290 59.7 
9300 59.6 
9310 59.6 
9320 59.55 
9330 59.6 
9340 59.7 
9350 59.65 
9360 59.7 
9370 59.7 
9380 59.75 
9390 59.75 
9400 59.8 
9410 59.7 
9420 59.75 
9430 59.7 
9440 59.6 
9450 59.7 
9460 59.7 
9470 59.75 
9480 59.75 
9490 59.75 
9500 59.8 
9510 59.9 
9520 59.9 
9530 59.85 
9540 59.85 
9550 59.8 
9560 59.75 
9570 59.75 
9580 59.75 
9590 59.81 
9600 59.76 
9610 59.66 
9620 59.71 
9630 59.81 
9640 59.81 
9650 59.86 
9660 59.91 
9670 59.91 
9680 59.91 
9690 59.85 
9700 59.9 
9710 60 
9720 60 
9730 60 
9740 60.05 
9750 60 
9760 59.9 
9770 59.9 
9780 59.8 
9790 59.8 
9800 59.8 
9810 59.75 
9820 59.65 
9830 59.55 
9840 59.55 
9850 59.5 
9860 59.55 
9870 59.45 
9880 59.55 
9890 59.5 
9900 59.4 
9910 59.45 
9920 59.55 
9930 59.65 
9940 59.65 
9950 59.65 
9960 59.65 
9970 59.75 
9980 59.7 
9990 59.75 
10000 59.85 
10010 59.8 
10020 59.7 
10030 59.7 
10040 59.65 
10050 59.75 
10060 59.8 
10070 59.7 
10080 59.75 
10090 59.65 
10100 59.55 
10110 59.5 
10120 59.6 
10130 59.66 
10140 59.76 
10150 59.76 
10160 59.66 
10170 59.76 
10180 59.66 
10190 59.66 
10200 59.66 
10210 59.71 
10220 59.61 
10230 59.5 
10240 59.45 
10250 59.45 
10260 59.55 
10270 59.5 
10280 59.6 
10290 59.6 
10300 59.65 
10310 59.7 
10320 59.7 
10330 59.7 
10340 59.75 
10350 59.75 
10360 59.75 
10370 59.7 
10380 59.65 
10390 59.65 
10400 59.6 
10410 59.5 
10420 59.55 
10430 59.6 
10440 59.6 
10450 59.5 
10460 59.5 
10470 59.5 
10480 59.45 
10490 59.45 
10500 59.55 
10510 59.55 
10520 59.55 
10530 59.45 
10540 59.35 
10550 59.45 
10560 59.45 
10570 59.45 
10580 59.45 
10590 59.55 
10600 59.55 
10610 59.6 
10620 59.55 
10630 59.55 
10640 59.55 
10650 59.61 
10660 59.61 
10670 59.66 
10680 59.66 
10690 59.61 
10700 59.56 
10710 59.51 
10720 59.61 
10730 59.71 
10740 59.76 
10750 59.65 
10760 59.65 
10770 59.7 
10780 59.75 
10790 59.7 
10800 59.7 
10810 59.8 
10820 59.8 
10830 59.7 
10840 59.7 
10850 59.75 
10860 59.75 
10870 59.65 
10880 59.6 
10890 59.7 
10900 59.7 
10910 59.65 
10920 59.65 
10930 59.75 
10940 59.7 
10950 59.65 
10960 59.65 
10970 59.65 
10980 59.65 
10990 59.65 
11000 59.7 